@timestamp,@requestId,@duration,@billedDuration,@maxMemoryUsed,@memorySize,@initDuration
2025-12-07 05:16:16.029,00fec721-00e8-4a82-a4c2-391c04400f76,3468.55,3469,100000000,512000000,
2025-12-07 05:16:03.185,e098e988-37e1-4aed-8494-3d133dc0f139,3081.95,3082,99000000,512000000,
2025-12-07 05:16:03.166,48685823-54c3-4b12-a775-b7ea5831210f,3030.31,3031,99000000,512000000,
2025-12-07 05:16:03.133,98d1c827-376a-4176-a922-2d5681fed569,2993.41,2994,101000000,512000000,
2025-12-07 05:16:00.590,c839fabc-7065-4f03-a524-69c3930b5aac,3462.3,3463,98000000,512000000,
2025-12-07 05:16:00.452,f49960ad-0463-4713-a1f6-24c11acb9e9b,3312.81,3313,97000000,512000000,
2025-12-07 05:16:00.424,8220d9b0-2615-45da-b6a7-b44497940b00,3208.11,3209,98000000,512000000,
2025-12-07 05:16:00.403,0559540d-5a0b-4cca-9809-90124161f972,3186.51,3187,97000000,512000000,
2025-12-07 05:16:00.374,8a1f02b9-723b-4a80-ab7c-dac8f8b88ecc,3253.45,3254,97000000,512000000,
2025-12-07 05:16:00.263,a1b2e183-4af7-4962-9a8f-9e78089972c7,3148.81,3149,97000000,512000000,
2025-12-07 05:16:00.216,5dc3f910-19b6-46fb-8187-16a021022f32,3079.88,3080,97000000,512000000,
2025-12-07 05:16:00.210,ccdb6736-9f62-4d5a-ac6a-92516703aba1,3090.38,3091,98000000,512000000,
2025-12-07 05:16:00.175,83bcf563-71ae-4833-9366-70dc24e0da3c,3036.71,3037,97000000,512000000,
2025-12-07 05:16:00.085,b1ef4d17-b050-4b33-aed8-d00eb2e3fb9e,3066.81,3067,98000000,512000000,
2025-12-07 05:16:00.065,997fbdb0-6726-40fd-8575-0b48c4da9ff8,3040.76,3041,97000000,512000000,
2025-12-07 05:16:00.054,44a9e3fd-4799-472c-851d-c638426f7d7d,2968.76,2969,98000000,512000000,
2025-12-07 05:15:59.936,34280a90-70c7-4d0d-a04e-a87c9c9998da,3400.74,3401,97000000,512000000,
2025-12-07 05:15:59.929,83ee994b-7332-4d8c-b5c9-89877cd00974,3149.76,3150,97000000,512000000,
2025-12-07 05:15:59.827,0c0d203c-6a3b-40d1-946d-6283c8f21857,3314.62,3315,97000000,512000000,
2025-12-07 05:15:59.759,68646959-a3c8-40d0-9f17-927402ebca7e,2690.63,2691,100000000,512000000,
2025-12-07 05:15:59.737,37ec163f-6441-4762-9ca4-a1ccdc61763f,3030.05,3031,97000000,512000000,
2025-12-07 05:15:59.691,a573a40a-8e6a-4d71-8a1f-b683335d10d6,3186.03,3187,97000000,512000000,
2025-12-07 05:15:59.690,4b3021c4-bcb7-483e-b3ce-ae70faf2c4c1,3184.93,3185,97000000,512000000,
2025-12-07 05:15:59.658,dffb2ec0-78a1-4e9a-9c74-e58bc8c65538,3141.32,3142,97000000,512000000,
2025-12-07 05:15:59.656,dd4ddbd1-28ad-41dd-ae99-907cd5216da8,3139.57,3140,97000000,512000000,
2025-12-07 05:15:59.656,f2ae696f-f77d-4da4-b6b0-f35701c341b4,3121.16,3122,97000000,512000000,
2025-12-07 05:15:59.654,25bd3a7c-e67c-4380-a90c-d57b01de45cb,3112.86,3113,97000000,512000000,
2025-12-07 05:15:59.651,bacb082e-797a-4b85-a42f-20abe1532a44,3115.7,3116,97000000,512000000,
2025-12-07 05:15:59.646,a07e0492-6fc6-4d8e-894a-f57c4399e9ac,3111.3,3112,97000000,512000000,
2025-12-07 05:15:59.638,b11281d2-dde3-4053-983f-8183322fdf85,3097.43,3098,97000000,512000000,
2025-12-07 05:15:59.637,4ae11c34-9677-416f-a9be-3d6b14e0a1cb,3119.59,3120,97000000,512000000,
2025-12-07 05:15:59.630,2405e9b0-a369-4f10-a1cd-90e5e214299d,3097.28,3098,97000000,512000000,
2025-12-07 05:15:59.627,da6138c4-88b9-4f01-9b1c-17e9100d099a,3096.52,3097,97000000,512000000,
2025-12-07 05:15:59.627,51f2382b-9c8e-429f-845b-3ec3ea0aee29,3115.02,3116,97000000,512000000,
2025-12-07 05:15:59.626,b6867775-08b0-4404-b9dc-13ad716aa24f,3115.41,3116,97000000,512000000,
2025-12-07 05:15:59.620,ccb2d60f-75e6-44e3-8942-eb5c2ae4eeb3,3052.58,3053,97000000,512000000,
2025-12-07 05:15:59.620,bdf0440b-01dc-4064-9b9f-d8dc8ca7856d,2554.21,2555,100000000,512000000,
2025-12-07 05:15:59.619,b5f07219-83ed-4228-a706-b994de23806d,3074.09,3075,97000000,512000000,
2025-12-07 05:15:59.619,b2e4f29c-48de-486c-bc8b-aa323bb53265,3105.74,3106,97000000,512000000,
2025-12-07 05:15:59.613,a4d167f9-a2f9-4252-9ea6-6f2050c306dd,3092.38,3093,97000000,512000000,
2025-12-07 05:15:59.612,f5faaf02-1fb9-4357-9d30-94d25aca973d,3081.01,3082,98000000,512000000,
2025-12-07 05:15:59.606,73758e2a-d505-4750-a5d1-e6da7a1a73fc,3082.64,3083,97000000,512000000,
2025-12-07 05:15:59.601,fb29e1ca-ff62-414a-8032-2ffb48e7d11c,3067.38,3068,97000000,512000000,
2025-12-07 05:15:59.595,8bd117ad-5f43-4308-a655-3d0ec452f5f9,3056.64,3057,97000000,512000000,
2025-12-07 05:15:59.586,c2cf230c-2728-47a6-b57c-147028399514,3092.3,3093,97000000,512000000,
2025-12-07 05:15:59.582,0a423488-0b30-4485-b48e-060d7b3154e1,3045.01,3046,98000000,512000000,
2025-12-07 05:15:59.580,f530aee6-6aa1-4207-91bf-4e474a9e554a,3054.12,3055,97000000,512000000,
2025-12-07 05:15:59.580,c3096fce-4b5f-46b8-b8ea-17a12a14b3d1,2977.3,2978,98000000,512000000,
2025-12-07 05:15:59.579,1d1584a6-30d0-4eff-bcf4-190b3bc1e23e,2466.39,2467,100000000,512000000,
2025-12-07 05:15:59.579,b9b8c6b5-3714-4309-a682-2be30ab92756,3042.97,3043,98000000,512000000,
2025-12-07 05:15:59.578,913845bb-d599-472d-8276-3edaf57e786d,3038.45,3039,98000000,512000000,
2025-12-07 05:15:59.572,628faba7-94eb-4b87-bb9d-179a193d80f6,3031.28,3032,97000000,512000000,
2025-12-07 05:15:59.571,620c7053-ccdc-49c0-b127-19b1058a735c,3073.26,3074,98000000,512000000,
2025-12-07 05:15:59.565,2d20ca6f-ebbd-4e98-ae37-69c81c520614,3059.65,3060,97000000,512000000,
2025-12-07 05:15:59.564,051cc572-1506-4f6c-94e9-3fb02170ff12,3055.56,3056,97000000,512000000,
2025-12-07 05:15:59.561,d0201a84-5758-4cc3-b308-29a1f9056d0d,3061.63,3062,97000000,512000000,
2025-12-07 05:15:59.553,d2514e94-4cae-412b-9a8c-4f03940efea0,3042.98,3043,98000000,512000000,
2025-12-07 05:15:59.550,f7b1a630-eb14-41d3-8ea3-71dbbe98e13d,3039.55,3040,97000000,512000000,
2025-12-07 05:15:59.550,38cb48bb-39f2-4ad9-805b-12848c55079a,3016.16,3017,97000000,512000000,
2025-12-07 05:15:59.535,d349ccf8-788a-4378-adcd-451adfcc526d,3013.62,3014,97000000,512000000,
2025-12-07 05:15:59.533,cfb7e1f0-a3ce-44e3-8331-803e927c62b5,3015.6,3016,97000000,512000000,
2025-12-07 05:15:59.531,1a17e38b-c8ca-4ece-8f9d-f5481db948ca,3002.74,3003,97000000,512000000,
2025-12-07 05:15:59.521,febe7b61-41b8-4aff-8626-8fd9e89ebbc9,2984.07,2985,97000000,512000000,
2025-12-07 05:15:59.515,cf7a22e8-aedd-4d9d-8cae-6bce987f37d5,2973.59,2974,97000000,512000000,
2025-12-07 05:15:59.511,1cd05f51-9da9-466f-a51b-53fdc5f09f21,2973.91,2974,98000000,512000000,
2025-12-07 05:15:59.510,92ad8f5f-7abb-43c5-961f-f0f802e90c91,2980.03,2981,97000000,512000000,
2025-12-07 05:15:59.502,9ab78d84-ca41-4184-9250-bfd360f1f1ae,2940.12,2941,98000000,512000000,
2025-12-07 05:15:59.500,7637ce38-171e-4a45-ba06-d4def584e987,2987.57,2988,98000000,512000000,
2025-12-07 05:15:59.489,914de30f-3232-42d9-9ebd-5ead18fba848,2994.25,2995,97000000,512000000,
2025-12-07 05:15:59.487,86f56524-0eac-4c60-a89a-423928989df2,3230.72,3231,97000000,512000000,
2025-12-07 05:15:59.486,a9a3c59a-903b-466b-837b-bbf4906ba905,2973.31,2974,97000000,512000000,
2025-12-07 05:15:59.482,e453ed43-a0f5-42e2-a72a-7be22a8974b7,2986.77,2987,97000000,512000000,
2025-12-07 05:15:59.478,7a5ccd64-f38d-4b79-b58f-35f48ca33f9c,2941.99,2942,97000000,512000000,
2025-12-07 05:15:59.478,d70045a9-3ad1-40c1-9748-0b468a25f1cd,2933.17,2934,97000000,512000000,
2025-12-07 05:15:59.472,98e4351e-4afd-49af-b286-7923ddaad667,3313.17,3314,97000000,512000000,
2025-12-07 05:15:59.470,d2c92213-4876-4dc1-a7f5-c5f0212c6761,2976.12,2977,97000000,512000000,
2025-12-07 05:15:59.468,864ff31f-f55f-46f5-b9eb-5099fb1aeebe,2933.73,2934,97000000,512000000,
2025-12-07 05:15:59.467,35a0781b-e335-4f25-9ab0-ecd744a70710,2957.33,2958,97000000,512000000,
2025-12-07 05:15:59.467,f8cd22b0-df4f-4ff7-b375-88fa273a58ee,2969.32,2970,97000000,512000000,
2025-12-07 05:15:59.461,97176b85-2c60-4716-8bdb-cfdb7ace5273,2963.59,2964,97000000,512000000,
2025-12-07 05:15:59.461,850e1d83-cfe4-4c10-a811-3fc6e93a0d73,2933.82,2934,97000000,512000000,
2025-12-07 05:15:59.457,df59392f-e84f-4a2e-a3bb-ca71d8f158b7,3233.36,3234,97000000,512000000,
2025-12-07 05:15:59.449,4fe45115-6cfc-4a67-bd29-bd42ce9e709f,3198.1,3199,97000000,512000000,
2025-12-07 05:15:59.442,6ae8098e-0ab5-46ef-a4d7-9d9281dfaee0,2916.67,2917,97000000,512000000,
2025-12-07 05:15:59.437,553b6d8e-0032-4704-b9c8-589e00cc1b65,2906.46,2907,98000000,512000000,
2025-12-07 05:15:59.418,4b6b9c0e-7df4-404e-8a26-fbdf914f7574,2880.91,2881,97000000,512000000,
2025-12-07 05:15:59.402,ab025cd0-4ffb-4beb-8917-535da7954acf,3409.7,3410,97000000,512000000,
2025-12-07 05:15:59.366,eea63f9d-a398-4806-a189-39329f3b1344,3093.96,3094,97000000,512000000,
2025-12-07 05:15:59.342,b63768cc-e649-4667-97c9-2f9c995710d6,3054.5,3055,97000000,512000000,
2025-12-07 05:15:59.338,38ceca06-d970-4e2e-9e4d-cd16bc982a34,2253.89,2254,104000000,512000000,
2025-12-07 05:15:59.337,319ca072-16dd-4dd7-a77a-daf2e7f33507,3075.3,3076,97000000,512000000,
2025-12-07 05:15:59.330,4cf64353-eb29-475a-b804-3082e0c430e2,2109.76,2110,90000000,512000000,
2025-12-07 05:15:59.323,a5ef00be-6422-4197-9677-f63e11ce4a21,3074.76,3075,98000000,512000000,
2025-12-07 05:15:59.317,28904808-9fe6-4d7c-8bff-5c4119275f79,3049.98,3050,97000000,512000000,
2025-12-07 05:15:59.300,e7a75fe3-673a-4259-8fd7-023fe0124b97,3134.58,3135,97000000,512000000,
2025-12-07 05:15:59.298,cb701dd5-80d4-48f5-a052-af3f609d5d9c,2101.54,2102,90000000,512000000,
2025-12-07 05:15:59.289,8242ea47-f9c0-40a7-81f1-2ef481231d94,3055.71,3056,97000000,512000000,
2025-12-07 05:15:59.271,4343b078-6a0f-431a-b416-e5e90efbe57f,3113.62,3114,97000000,512000000,
2025-12-07 05:15:59.270,e04f3b24-d1af-4241-bf64-6b0c87b0a71f,3029.78,3030,97000000,512000000,
2025-12-07 05:15:59.267,d824acbd-1c1b-4b80-92d7-930405581252,2708.95,2709,101000000,512000000,
2025-12-07 05:15:59.262,8efe32a9-f07a-4edf-a879-73ed0b334ed6,3052.3,3053,97000000,512000000,
2025-12-07 05:15:59.262,572a8eb5-3d21-4402-935f-e4b9e69e1a35,3093.16,3094,97000000,512000000,
2025-12-07 05:15:59.258,99b81177-499d-4d09-ac1b-cd3db1ba5bda,3192.09,3193,97000000,512000000,
2025-12-07 05:15:59.257,f291faca-968f-4c5a-a0f3-571b05d0d456,3072.59,3073,97000000,512000000,
2025-12-07 05:15:59.251,7c3147a9-f471-430c-8ce1-1b23173a40c2,2145.64,2146,90000000,512000000,
2025-12-07 05:15:59.248,58f50aca-600f-42ce-80ae-3a2ed4a28359,3190.96,3191,97000000,512000000,
2025-12-07 05:15:59.242,17d1e628-cfc7-4e25-a579-6dae8c6914fc,3066.61,3067,97000000,512000000,
2025-12-07 05:15:59.238,8120bb9c-cce5-4780-b134-0a8ab1bf9e9d,3035.39,3036,97000000,512000000,
2025-12-07 05:15:59.230,eedcdaf2-0ecb-4e1c-bff2-181f335e9c58,3092.18,3093,97000000,512000000,
2025-12-07 05:15:59.225,000d69da-903d-4336-89fd-6fd643232eb9,2975.08,2976,97000000,512000000,
2025-12-07 05:15:59.221,66ca5a8e-d2b6-473a-af1b-7d3ce06d5470,3074.56,3075,98000000,512000000,
2025-12-07 05:15:59.220,2c5d8c97-f15f-4e00-85f4-d8746415029d,3032.32,3033,97000000,512000000,
2025-12-07 05:15:59.214,788b89c5-ded3-4f74-be74-4242ce70250f,2078.03,2079,90000000,512000000,
2025-12-07 05:15:59.199,8d410482-da07-49e6-8912-f755440dbcc6,3116.44,3117,98000000,512000000,
2025-12-07 05:15:59.198,51eff1e5-3147-4e4d-9951-84254e92317d,2697.43,2698,99000000,512000000,
2025-12-07 05:15:59.195,27d4608d-baf0-4bd8-86a2-8fe30da69388,3091.79,3092,97000000,512000000,
2025-12-07 05:15:59.195,60449e3e-e4c3-4ac6-95cb-977b2cf834a9,2666.36,2667,101000000,512000000,
2025-12-07 05:15:59.188,29a2bd8a-7dc6-40de-b1db-13722322275c,2948.52,2949,97000000,512000000,
2025-12-07 05:15:59.185,e689ff69-e74c-47c2-98bb-72229af2f9cb,2977.21,2978,97000000,512000000,
2025-12-07 05:15:59.184,eab7e3d2-07c9-4724-9525-1eed214caca8,3054.31,3055,97000000,512000000,
2025-12-07 05:15:59.183,995e7e9e-dbd1-45b1-bbe4-9c8956e39f14,2952.16,2953,97000000,512000000,
2025-12-07 05:15:59.182,db084db7-25d7-4889-a39f-ebf1417b7cf6,2956.15,2957,97000000,512000000,
2025-12-07 05:15:59.181,fcff1a0d-73aa-4756-82e1-26eb02ea74f3,2933.45,2934,97000000,512000000,
2025-12-07 05:15:59.174,4981f23b-e6e2-40dc-943c-651684713538,2916.34,2917,97000000,512000000,
2025-12-07 05:15:59.167,0dfa2a3c-4818-4d3e-84c7-19279e03a10e,3011.29,3012,97000000,512000000,
2025-12-07 05:15:59.166,ec62cb42-78e2-4c86-9616-60f97db46693,2946.51,2947,97000000,512000000,
2025-12-07 05:15:59.165,a4c5e0ac-dd8f-4bc3-ab9c-d0f3ab6f59af,3014.87,3015,98000000,512000000,
2025-12-07 05:15:59.155,1849a074-108c-46ad-b1eb-f1a64629b052,3073.02,3074,97000000,512000000,
2025-12-07 05:15:59.152,d74e4262-2bca-4cb2-a1d1-e04ae150e8b1,3012.21,3013,97000000,512000000,
2025-12-07 05:15:59.143,d940256e-897a-48b0-b118-3caccc0199d8,2608.8,2609,99000000,512000000,
2025-12-07 05:15:59.143,94bf0ebf-77b7-468d-bf4f-efc8309d741e,2970.73,2971,97000000,512000000,
2025-12-07 05:15:59.136,e0504129-1759-4ec9-a0ac-6f45fd3e8da1,3026.98,3027,97000000,512000000,
2025-12-07 05:15:59.128,e4e68c13-c642-43fd-9c14-2503361275c0,2605.94,2606,100000000,512000000,
2025-12-07 05:15:59.126,7631b870-fb45-4396-b1ff-823a80a027c9,2935.74,2936,97000000,512000000,
2025-12-07 05:15:59.125,c8211d6a-481c-42c5-a72c-9be996d583b7,2992.5,2993,97000000,512000000,
2025-12-07 05:15:59.124,5d9b25dd-5f6f-4c8a-ab7b-a9c3a33e6f5c,2884.55,2885,97000000,512000000,
2025-12-07 05:15:59.117,df6efaee-a739-4d9a-ab78-b7153a1e1df6,2950.05,2951,97000000,512000000,
2025-12-07 05:15:59.112,72ba8370-db27-4063-8e1d-e39836cf5a6e,3027.04,3028,97000000,512000000,
2025-12-07 05:15:59.108,2e1ed006-16f8-4018-878a-85af341866f5,2567.65,2568,100000000,512000000,
2025-12-07 05:15:59.107,79cb35c3-9812-4753-a995-79f99b7a272c,2992.81,2993,97000000,512000000,
2025-12-07 05:15:59.105,77d57d49-56f8-4ecb-9fb1-404dba82e2ec,3009.63,3010,97000000,512000000,
2025-12-07 05:15:59.103,6a9fb133-e657-4921-9dcd-d0693e7a87bb,2571.72,2572,101000000,512000000,
2025-12-07 05:15:59.100,4dd68ab6-0ee7-42a7-85c5-76c5dc447a4f,3037.14,3038,97000000,512000000,
2025-12-07 05:15:59.093,d9131a72-7b59-4fa4-97a9-c7f4b50bf8f0,2988.06,2989,97000000,512000000,
2025-12-07 05:15:59.091,5e9ea3cb-e679-47b5-b89e-14ee99fd4088,2591.39,2592,99000000,512000000,
2025-12-07 05:15:59.072,ec062eab-db49-45ad-8cad-6d00f7786bd5,2972.93,2973,97000000,512000000,
2025-12-07 05:15:59.068,b98b857c-8507-480f-875d-1f749432a1ca,2891.29,2892,97000000,512000000,
2025-12-07 05:15:59.068,46b9d1f1-551d-44bf-9069-806e0804b427,3028.92,3029,98000000,512000000,
2025-12-07 05:15:59.067,242d0116-cef4-4db1-8825-b6e560b0d696,2946.73,2947,97000000,512000000,
2025-12-07 05:15:59.063,615b47da-48dc-469d-ae0c-6e63032bdea1,2900.84,2901,97000000,512000000,
2025-12-07 05:15:59.057,b4f34ac5-6fad-41b6-94b2-e68623ccafb9,2994.45,2995,97000000,512000000,
2025-12-07 05:15:59.053,6b05d3b7-c4e9-4429-8d9d-95df78692d56,2517.34,2518,101000000,512000000,
2025-12-07 05:15:59.051,e3404adc-2e6a-4d0b-8f2e-2e9e74ba55aa,2935.19,2936,97000000,512000000,
2025-12-07 05:15:59.048,9053f202-bf8c-4af2-9c36-516f5ded6c5a,2920.27,2921,98000000,512000000,
2025-12-07 05:15:59.044,0250feb1-6ddc-49c8-8788-63eca1b5b805,2994.36,2995,97000000,512000000,
2025-12-07 05:15:59.041,d40fa64f-208f-48db-b834-b9cfff5f1173,2215.45,2216,106000000,512000000,
2025-12-07 05:15:59.020,021fb781-8315-4b66-9bfd-77c28162c8aa,2837.46,2838,98000000,512000000,
2025-12-07 05:15:59.019,337a6754-a219-4116-8c18-6a87b21a0442,3095.37,3096,97000000,512000000,
2025-12-07 05:15:59.019,abe9be15-d8fd-481f-be4c-6866071c0564,2518.22,2519,101000000,512000000,
2025-12-07 05:15:59.005,a694f76e-1c70-4bd6-a6c1-b8069ce7da4d,2914.34,2915,97000000,512000000,
2025-12-07 05:15:58.995,e9a52df2-ecf3-44d1-a487-e91ef2937f6b,2963.64,2964,97000000,512000000,
2025-12-07 05:15:58.993,db57ae60-62e6-46d3-a1ce-c41d38e7b78e,2915.17,2916,97000000,512000000,
2025-12-07 05:15:58.986,ec0e6794-cb1f-4367-a508-9bee9e7b9f60,3009.2,3010,97000000,512000000,
2025-12-07 05:15:58.984,53c642fd-b9bc-4076-a0d8-acebf6487e1c,2993.21,2994,98000000,512000000,
2025-12-07 05:15:58.984,3eff2f03-deaa-4516-b01a-d1b977f2f0a7,2889.34,2890,97000000,512000000,
2025-12-07 05:15:58.980,8a2254fe-5506-4272-bf85-5ac5bb3047cf,2951.98,2952,97000000,512000000,
2025-12-07 05:15:58.960,8d91e0cb-68f1-481a-ac6a-c9228047c456,2963,2963,97000000,512000000,
2025-12-07 05:15:58.949,241e0a1c-b009-46d7-a4ec-1e97792c3d4f,2890.07,2891,98000000,512000000,
2025-12-07 05:15:58.945,70f147d5-9a10-42e7-9252-541b8f0a6bce,2985.47,2986,97000000,512000000,
2025-12-07 05:15:58.937,7770c54d-1849-4ce0-9eaa-bfdee29aec5e,2429.73,2430,100000000,512000000,
2025-12-07 05:15:58.928,39b9368d-9e5b-4129-ad92-817d5086b4db,2880.47,2881,97000000,512000000,
2025-12-07 05:15:58.926,719affd1-dae8-4a2f-b517-dc7590cc83f9,2850,2851,97000000,512000000,
2025-12-07 05:15:58.911,db8440e8-8b43-4a37-b676-aae37f4c28d0,2944.16,2945,97000000,512000000,
2025-12-07 05:15:58.911,4f5a6cef-5485-4f15-9b74-d9126b112153,3010.41,3011,97000000,512000000,
2025-12-07 05:15:58.910,ce4df654-d516-4c74-813a-43b1a91301c8,2835.31,2836,97000000,512000000,
2025-12-07 05:15:58.909,70752429-a6a8-43ae-93fb-da8e38fbe0ca,2996.47,2997,97000000,512000000,
2025-12-07 05:15:58.909,c59c77db-c725-4473-97b5-e10fb8af1517,3037.98,3038,97000000,512000000,
2025-12-07 05:15:58.906,71793017-8beb-47e6-b4d5-4465ade77398,2974.77,2975,97000000,512000000,
2025-12-07 05:15:58.902,fe1ea4ec-bd6e-4f9c-9249-bb06835c8c3a,2386.37,2387,100000000,512000000,
2025-12-07 05:15:58.882,88a289ef-ad9d-43e8-8aeb-1eadec078f77,2991.25,2992,97000000,512000000,
2025-12-07 05:15:58.877,ef218178-55ff-4e7d-8837-246de298492c,2831.73,2832,97000000,512000000,
2025-12-07 05:15:58.867,8b86a26d-9167-4855-b4e0-dfe08c4c2ae3,2954.71,2955,97000000,512000000,
2025-12-07 05:15:58.865,cdd90842-9b0d-497a-bcc4-c9fba8312683,2971.38,2972,97000000,512000000,
2025-12-07 05:15:58.862,96ee6dcf-16e2-4c7a-b2b2-ac354a3bc4fa,2691.36,2692,99000000,512000000,
2025-12-07 05:15:58.862,89d4c8cf-7b81-4923-bdcf-f7db4e985946,2976.02,2977,97000000,512000000,
2025-12-07 05:15:58.858,0dc1e8b4-655a-4117-86cf-8e5282bb9183,2988.79,2989,97000000,512000000,
2025-12-07 05:15:58.848,3e7ee631-7023-42ab-842f-e0999eef8f08,2869.31,2870,98000000,512000000,
2025-12-07 05:15:58.835,77d6112b-117f-4c50-b6c9-a7797d79f84c,2588.93,2589,99000000,512000000,
2025-12-07 05:15:58.824,26531044-7a80-408a-a366-90f45252df97,3015.42,3016,97000000,512000000,
2025-12-07 05:15:58.823,63946e3f-f74c-4a0d-badf-c5c27cd30796,2876.97,2877,97000000,512000000,
2025-12-07 05:15:58.809,44250601-adf7-49e4-8c28-6dfa726f4441,2934.56,2935,97000000,512000000,
2025-12-07 05:15:58.789,ee8e0c36-ae4c-4a39-9add-da929e28dbb5,2916.95,2917,97000000,512000000,
2025-12-07 05:15:58.779,02d16b9a-f5f2-4b7a-b09c-80621fb8b4f9,2798.93,2799,97000000,512000000,
2025-12-07 05:15:58.774,1a2fe24e-30a9-4ade-880d-e507deeae2f6,2611.01,2612,99000000,512000000,
2025-12-07 05:15:58.767,7cb953a5-fe92-4d54-b0e0-943c0fdea1f0,3002.84,3003,97000000,512000000,
2025-12-07 05:15:58.756,ec1bf1b6-a174-4c53-834d-2d7080bdf292,3074.22,3075,97000000,512000000,
2025-12-07 05:15:58.753,78ceda07-48fd-499a-b2c3-c67bc2c7051d,2917.03,2918,97000000,512000000,
2025-12-07 05:15:58.747,3a2294db-130c-44c7-9868-696b4487d6e0,2815.57,2816,98000000,512000000,
2025-12-07 05:15:58.734,2e2b7e97-a1fd-4d35-80a2-714d33d678a5,2871.27,2872,97000000,512000000,
2025-12-07 05:15:58.730,5adf0a1a-cc70-4341-a961-e4be173b4ab3,2890.84,2891,97000000,512000000,
2025-12-07 05:15:58.725,c95ef8a7-04bc-40d4-a798-61e00160bc49,2551.76,2552,101000000,512000000,
2025-12-07 05:15:58.725,e2e6f83a-5b9e-4ca6-acb3-4182b63d243e,2184.4,2185,102000000,512000000,
2025-12-07 05:15:58.723,893cc9e4-e8e3-4c93-a23b-0acf72d4f64e,2911.68,2912,97000000,512000000,
2025-12-07 05:15:58.723,5082a62b-a173-4114-aea9-52f9c1d22f51,2213.89,2214,102000000,512000000,
2025-12-07 05:15:58.719,a2a4cd82-e6a4-437d-aec8-0eed4cd4aa83,2187.42,2188,104000000,512000000,
2025-12-07 05:15:58.719,00ebc785-0a2c-4824-bd04-f9ef04718924,2924.53,2925,97000000,512000000,
2025-12-07 05:15:58.713,d9bfe9a0-15f7-4d9a-9c28-e436ea701d72,2544.99,2545,101000000,512000000,
2025-12-07 05:15:58.704,30d033fe-1fd4-48fe-ba48-6d5ec76fb3fa,2920.61,2921,98000000,512000000,
2025-12-07 05:15:58.699,6ad57123-58cf-453b-a1ab-62d52866470b,2893.13,2894,97000000,512000000,
2025-12-07 05:15:58.691,8e5902cd-9760-46d0-8def-30a78d2680c1,2571.23,2572,99000000,512000000,
2025-12-07 05:15:58.682,c66e9c40-6ea6-406d-9c92-495024697986,2806.02,2807,97000000,512000000,
2025-12-07 05:15:58.665,e8056af8-b6db-40f5-9c43-2da1a4c77d8a,2974.23,2975,97000000,512000000,
2025-12-07 05:15:58.664,78812708-74e2-4182-a75f-976ef6670d1b,2864.1,2865,97000000,512000000,
2025-12-07 05:15:58.661,9688397c-d53c-4e19-a6fe-1d41e2095f77,2966.68,2967,98000000,512000000,
2025-12-07 05:15:58.658,c5f00d1a-bab8-4143-aca0-bdf7a8c6f64f,2429,2429,100000000,512000000,
2025-12-07 05:15:58.641,038afbad-443f-4d52-b106-cf22093ade7e,2460.88,2461,100000000,512000000,
2025-12-07 05:15:58.616,529a4f16-bf79-4cd5-93e0-0f4648341b16,2988.06,2989,97000000,512000000,
2025-12-07 05:15:58.610,94c8a754-d26d-4195-bc5f-d7f81724aaf4,2403.11,2404,98000000,512000000,
2025-12-07 05:15:58.608,83af630a-219a-468f-9d69-c11d192ba333,2843.23,2844,97000000,512000000,
2025-12-07 05:15:58.601,22ff0b41-f252-4fd0-b35f-8a42704f3e49,2060.52,2061,93000000,512000000,
2025-12-07 05:15:58.597,1617f1e4-7c50-465f-bfcb-810eaaa442fa,2455.07,2456,100000000,512000000,
2025-12-07 05:15:58.596,e8da8f0a-3c88-4088-a2b9-0e564c821c64,2848.89,2849,97000000,512000000,
2025-12-07 05:15:58.579,a1020dd9-8390-4c6a-bebc-d53fc46d7a60,2396,2397,100000000,512000000,
2025-12-07 05:15:58.579,eee48f1c-e063-477a-b32a-699a86a2befa,2051.1,2052,90000000,512000000,
2025-12-07 05:15:58.577,0de18568-1740-485e-95b2-58675586c5fe,2896.56,2897,97000000,512000000,
2025-12-07 05:15:58.574,80c1f278-8dc2-4573-9e1e-3d452ff8e08a,2592.91,2593,100000000,512000000,
2025-12-07 05:15:58.568,f1ce22cc-7cc3-4b72-a29b-b94475e032ab,3030.96,3031,97000000,512000000,
2025-12-07 05:15:58.559,da9eef58-af14-4bb1-aacd-06758826544d,2929.39,2930,97000000,512000000,
2025-12-07 05:15:58.556,20b5ccb8-49b5-4dbe-a4b4-bacd1dbaa086,2935.7,2936,97000000,512000000,
2025-12-07 05:15:58.551,e3ae419e-21ad-4916-b525-28253bd21ee6,2852.56,2853,97000000,512000000,
2025-12-07 05:15:58.540,79a233e7-dd76-463e-b760-9ee51967291b,2027.74,2028,90000000,512000000,
2025-12-07 05:15:58.538,342beac2-d7f0-4496-970d-0110db891750,2780.38,2781,97000000,512000000,
2025-12-07 05:15:58.536,ae009be2-373b-479d-a121-d63be4e30f04,2489.34,2490,100000000,512000000,
2025-12-07 05:15:58.535,c7132198-f263-4374-bd91-2c3ca1cb188e,2912.04,2913,97000000,512000000,
2025-12-07 05:15:58.530,c3ec855d-e34f-4153-b9b1-564bce928108,1993.26,1994,90000000,512000000,
2025-12-07 05:15:58.526,6381ecac-f7cf-4e72-ad18-967b6b2319bf,2881.07,2882,97000000,512000000,
2025-12-07 05:15:58.523,cbd042fd-e03b-404d-97e4-ea12ce776a73,2490.15,2491,101000000,512000000,
2025-12-07 05:15:58.523,37a45a87-d5e0-41fa-9707-66546dbeb0db,2023.24,2024,92000000,512000000,
2025-12-07 05:15:58.508,65def717-b0d2-4cb5-9608-99165dac177b,2850.8,2851,98000000,512000000,
2025-12-07 05:15:58.497,047374b3-1c5f-4984-b1f6-927edf48bde4,3012.59,3013,97000000,512000000,
2025-12-07 05:15:58.465,baa6ca49-edce-41f2-8b23-154716a9530d,2207.82,2208,103000000,512000000,
2025-12-07 05:15:58.451,78a526a2-0740-4f3f-a66f-3962f30532f6,2510.09,2511,101000000,512000000,
2025-12-07 05:15:58.438,535b6268-aaf9-4999-850d-01d1db56a7bf,2710.74,2711,96000000,512000000,
2025-12-07 05:15:58.436,a55d809d-1aff-4b6f-ac0f-be8d04bd7e7f,2955.08,2956,98000000,512000000,
2025-12-07 05:15:58.426,b48e3816-4332-481f-8609-cf9694f449b9,2592.73,2593,97000000,512000000,
2025-12-07 05:15:58.423,38320dd5-e5c7-4d64-935d-18ed80663054,2874.97,2875,97000000,512000000,
2025-12-07 05:15:58.416,9270cccf-fb77-4c01-92e3-902626a64035,2826.04,2827,97000000,512000000,
2025-12-07 05:15:58.404,c2ce774a-6dca-4fcc-9a28-45e88266a6f3,2474.79,2475,100000000,512000000,
2025-12-07 05:15:58.392,ef69a6a5-873f-4423-bd2f-76df880b3115,2912.65,2913,97000000,512000000,
2025-12-07 05:15:58.372,3b38ccb8-ba18-4f48-aa62-61006ae0744c,2477.24,2478,100000000,512000000,
2025-12-07 05:15:58.362,ec2db8e7-05f4-4cc6-9f85-342b8f638244,2495.25,2496,101000000,512000000,
2025-12-07 05:15:58.336,cf9e17b8-0200-4a76-8d9e-6b4d4afad762,2463.68,2464,101000000,512000000,
2025-12-07 05:15:58.312,86f7bd8d-d6c7-4d1f-8314-f46b9fa325bb,2814.89,2815,97000000,512000000,
2025-12-07 05:15:58.278,16ffd345-a4f4-4b72-ad37-37d1d1918a20,2192.39,2193,103000000,512000000,
2025-12-07 05:15:58.241,69e56045-91de-4960-9113-c2a7f1ae0813,2012.66,2013,94000000,512000000,
2025-12-07 05:15:58.220,e297eb3b-bbcb-4c35-ab96-545475edb66b,2482.81,2483,101000000,512000000,
2025-12-07 05:15:58.212,fca8c5f6-af3a-4b97-8159-7ba34af26001,2083.56,2084,105000000,512000000,
2025-12-07 05:15:58.198,eb88f6c0-7f89-40da-8440-aea30422e3ce,2416.59,2417,100000000,512000000,
2025-12-07 05:15:58.176,168883b2-5774-4925-96b4-c89f9d967730,2244.57,2245,103000000,512000000,
2025-12-07 05:15:58.170,8b014656-a30c-42d6-93a8-cd9eae414680,2096.24,2097,105000000,512000000,
2025-12-07 05:15:58.145,d61cbd71-e921-4f97-86f8-2830bdc3677b,2766.18,2767,98000000,512000000,
2025-12-07 05:15:58.141,df49e8df-40c1-46fa-8579-46b7edc4899b,2022.34,2023,104000000,512000000,
2025-12-07 05:15:58.117,2b77067a-ea09-4a3f-a1b7-4d4e0267e845,1954.67,1955,90000000,512000000,
2025-12-07 05:15:58.079,4f5ce291-1ca5-404a-b2a6-bf6c988f5b9f,2430.11,2431,98000000,512000000,
2025-12-07 05:15:58.054,55655bad-0a1d-45a9-a32a-06926e32c35f,1928.27,1929,90000000,512000000,
2025-12-07 05:15:57.961,2f840b7b-5af4-4a7c-a38a-ea7eba0864d8,2392.37,2393,100000000,512000000,
2025-12-07 05:15:57.957,f623f6fc-5018-4a53-926b-89c8b14e098d,2018,2018,105000000,512000000,
2025-12-07 05:15:57.955,abee9a6a-8470-42a0-a3ef-a81b41f2ad0d,2019.31,2020,105000000,512000000,
2025-12-07 05:15:57.950,227d5ded-c0ed-4fdf-bddd-e85d9af1e24c,2078.18,2079,105000000,512000000,
2025-12-07 05:15:57.902,1bcd0fb4-2d2a-4c18-a26a-b753266f5d1b,2607.99,2608,97000000,512000000,
2025-12-07 05:15:57.846,f88effa3-23ca-4066-981d-3cc130a71cba,2519.39,2520,97000000,512000000,
2025-12-07 05:15:57.824,f10bc5f1-ead3-4377-b385-2296b5b3cf29,2091.85,2092,102000000,512000000,
2025-12-07 05:15:57.795,a85015a7-012c-4b8b-a861-051d51387124,2111.95,2112,103000000,512000000,
2025-12-07 05:15:57.734,58031aa6-8274-4384-903c-91c290bd9d01,2640.59,2641,97000000,512000000,
2025-12-07 05:15:57.728,71c7a01a-6b4c-4385-9e59-542e3d5fb521,2134.91,2135,102000000,512000000,
2025-12-07 05:15:57.680,77dd1bfd-e42b-4fe2-9bf2-e6ab6a2aeac5,2390.35,2391,100000000,512000000,
2025-12-07 05:15:57.671,eb057d32-1b24-4cc7-a6ba-92299be583ca,3372.41,3373,90000000,512000000,
2025-12-07 05:15:57.659,31276e83-bf72-4b2a-8f0c-78e60300dd0e,2480.07,2481,98000000,512000000,
2025-12-07 05:15:57.656,647ca93a-38b9-462a-9e14-8e1ace545d19,3409.54,3410,89000000,512000000,
2025-12-07 05:15:57.636,962c4ea2-2542-44b8-b5eb-b1f3503cd09b,2647.87,2648,97000000,512000000,
2025-12-07 05:15:57.623,049700a9-dde7-46ac-91ba-31ab9254ed66,2039.71,2040,103000000,512000000,
2025-12-07 05:15:57.592,7aea4deb-dc37-4ec5-b0bb-283f39acf4f5,1954.15,1955,105000000,512000000,
2025-12-07 05:15:57.585,8c3f566a-8a78-44d5-9397-4326d62bf55f,1960.01,1961,105000000,512000000,
2025-12-07 05:15:57.577,a06cb145-2144-471e-bca8-edf6ed2520ba,2159.17,2160,103000000,512000000,
2025-12-07 05:15:57.571,e802c064-414f-4c03-a520-aa0f5e654cf3,2171.5,2172,103000000,512000000,
2025-12-07 05:15:57.545,5988c3ff-a8d4-4a6b-af1a-206ba3ae7c1a,3364.27,3365,90000000,512000000,
2025-12-07 05:15:57.543,7a3847d9-4763-4ab0-b6cd-3ca2c53d3e1f,1928.42,1929,101000000,512000000,
2025-12-07 05:15:57.539,f870ed1d-fa1d-4210-bac9-ecbe88ede625,2542.87,2543,98000000,512000000,
2025-12-07 05:15:57.537,98f16c72-78a7-49b3-8917-1d629fbb15c0,1877.78,1878,105000000,512000000,
2025-12-07 05:15:57.525,c624cc4c-5f84-4166-9058-0e31fc4c3438,1995.43,1996,103000000,512000000,
2025-12-07 05:15:57.480,45e71785-ab4a-4a5e-b619-a0491e136fb2,3409.92,3410,90000000,512000000,
2025-12-07 05:15:57.474,cf88d8f6-cc34-4981-ab1f-1feee76ee987,2557.32,2558,98000000,512000000,
2025-12-07 05:15:57.470,b4f6be1c-38ec-4b82-b286-aaf68fd25019,2729.41,2730,97000000,512000000,
2025-12-07 05:15:57.437,0ed8b229-9c11-4ab2-951d-53e7b1a6c889,2006.55,2007,104000000,512000000,
2025-12-07 05:15:57.435,20d7f5b5-b406-41d6-bdb7-d53d1585f027,1980.47,1981,102000000,512000000,
2025-12-07 05:15:57.431,c7811a1d-4e41-4b50-bab8-3a9c84ed5cfc,2870.92,2871,97000000,512000000,
2025-12-07 05:15:57.401,77032bcc-afdb-4b5b-bbc6-78bc8577de5b,2038.62,2039,103000000,512000000,
2025-12-07 05:15:57.399,e4d89a9f-f72f-4cb4-a3c2-d8ca17d84c08,2148.68,2149,103000000,512000000,
2025-12-07 05:15:57.391,6e3283fb-d0fb-4d7e-ba75-0fa78186f27f,1959.37,1960,102000000,512000000,
2025-12-07 05:15:57.375,2f52324a-16fb-4262-952b-3d1a14f71c1f,3373.71,3374,90000000,512000000,
2025-12-07 05:15:57.369,3ea1a335-f259-4bba-93e1-8b81c3f6f7c8,3350.26,3351,90000000,512000000,
2025-12-07 05:15:57.355,61643a97-a874-4c13-9ca8-28a9ad041cd9,2752.28,2753,97000000,512000000,
2025-12-07 05:15:57.348,bfdf486e-ed41-4a85-bfcf-cd3d5209f1f5,3388.22,3389,90000000,512000000,
2025-12-07 05:15:57.325,653cc5dd-c5f4-4ca9-b7f5-af3c983ae7c1,3381.43,3382,90000000,512000000,
2025-12-07 05:15:57.290,ceb8bfac-a90e-4b35-99fa-cf26f4af25d9,2025.69,2026,104000000,512000000,
2025-12-07 05:15:57.275,47e6610e-5866-435c-9986-f42852ffd9bd,2067.1,2068,103000000,512000000,
2025-12-07 05:15:57.268,a022446e-856a-43d9-b33d-2549bfc4e801,2065.59,2066,102000000,512000000,
2025-12-07 05:15:57.266,9e2b0048-78b3-4c48-8155-3be51d793651,1920.58,1921,105000000,512000000,
2025-12-07 05:15:57.255,c3c45892-17e0-4611-9b80-e0b0cb3b6dd6,2525.26,2526,98000000,512000000,
2025-12-07 05:15:57.254,86a2b7a4-0c53-4c4e-8171-f8f4a2f96569,3407.02,3408,89000000,512000000,
2025-12-07 05:15:57.251,6acbbdb3-eac0-4f1b-97d4-8ad62d24f993,2550.67,2551,98000000,512000000,
2025-12-07 05:15:57.237,aa774920-44d4-4d52-a433-fade89888e0b,2046.9,2047,102000000,512000000,
2025-12-07 05:15:57.232,641d4044-8b2e-4604-b5df-fa385f85dbd3,2003,2004,103000000,512000000,
2025-12-07 05:15:57.216,e0e73c15-19cc-40cc-8bac-5caa5d9e7605,1910.12,1911,105000000,512000000,
2025-12-07 05:15:57.200,7213720a-1840-4e13-a606-c3ef4fb66ddc,3359.33,3360,90000000,512000000,
2025-12-07 05:15:57.200,55865166-0261-4b87-ba89-c49d6619d2c5,3300.6,3301,91000000,512000000,
2025-12-07 05:15:57.197,a69ded9a-0acb-4824-96af-55e9254a8d77,1893.19,1894,104000000,512000000,
2025-12-07 05:15:57.194,32b0cde2-4df2-48ef-b5b7-e803f3d9ffeb,3308.57,3309,89000000,512000000,
2025-12-07 05:15:57.183,a806856e-8985-4f7b-92aa-c8c9659b66cd,1904.5,1905,104000000,512000000,
2025-12-07 05:15:57.176,2fcee129-0e8d-4046-a9b9-1b902c6d8422,3361.05,3362,89000000,512000000,
2025-12-07 05:15:57.175,86d17487-2b20-4ccf-bd4b-0d234fb889b5,3350.36,3351,89000000,512000000,
2025-12-07 05:15:57.171,530a12df-add6-4dd4-b019-aedd4d379544,3386.06,3387,89000000,512000000,
2025-12-07 05:15:57.163,ecb45360-b9b8-4b7a-9da5-5e6c2e36c450,3202.52,3203,90000000,512000000,
2025-12-07 05:15:57.161,63304ab8-3cba-44da-be5c-4d5ba3782cae,3399.76,3400,91000000,512000000,
2025-12-07 05:15:57.159,77e3c3db-c218-40fa-8e51-68a65f85989d,2257.91,2258,101000000,512000000,
2025-12-07 05:15:57.145,cd1aa20e-35a5-4616-b633-7e148813456b,3383.58,3384,90000000,512000000,
2025-12-07 05:15:57.144,5d5097cd-10d6-4b01-9a29-2c508c69a85f,3201.96,3202,89000000,512000000,
2025-12-07 05:15:57.134,3a6638e4-c8ba-44b0-affc-32d7eb94ac20,3317.94,3318,89000000,512000000,
2025-12-07 05:15:57.111,21896227-c7ee-48ea-a026-23d2e8ce1e4c,3211.39,3212,90000000,512000000,
2025-12-07 05:15:57.111,81b1e547-6e46-49aa-b32f-4caa9bc37b59,3331.72,3332,90000000,512000000,
2025-12-07 05:15:57.108,8f244851-ff91-4548-adae-9e3c769e0e04,3281.93,3282,90000000,512000000,
2025-12-07 05:15:57.102,8f0b5127-5f23-4408-9dae-162666542b48,2468.41,2469,97000000,512000000,
2025-12-07 05:15:57.100,2d49b185-0a84-4eb2-968f-a64f1ec93e19,3334.28,3335,90000000,512000000,
2025-12-07 05:15:57.096,bf8abcca-5e6c-4c61-a42f-3991685bf69b,1917.46,1918,103000000,512000000,
2025-12-07 05:15:57.096,dd63c6d3-cd18-49d1-ad75-0456636de44a,3317.65,3318,89000000,512000000,
2025-12-07 05:15:57.074,c241158a-3d2e-44aa-b153-ec213eb48bfd,2213.85,2214,99000000,512000000,
2025-12-07 05:15:57.073,9d109b0d-4dc9-439d-b87f-c7baa6fc7c64,3190.8,3191,90000000,512000000,
2025-12-07 05:15:57.071,95dbff24-be7e-4f02-b9bf-758f63ec7c1a,3369.99,3370,90000000,512000000,
2025-12-07 05:15:57.061,9572ae63-cb26-4e57-a48e-e1df9e22fdae,2582.3,2583,97000000,512000000,
2025-12-07 05:15:57.059,06e94ad0-912a-48a5-a56b-e68236c40f0d,2494.41,2495,97000000,512000000,
2025-12-07 05:15:57.054,2faaa62e-da4c-47b3-8ac2-3a1eb313d3d8,3226.97,3227,89000000,512000000,
2025-12-07 05:15:57.053,7c126a97-9711-4a2e-98ba-12adacc861e9,3421.86,3422,89000000,512000000,
2025-12-07 05:15:57.053,e0763aa3-6e02-4644-97ee-f501bbb7c5c5,2029.81,2030,103000000,512000000,
2025-12-07 05:15:57.037,88acef4e-ec99-40df-bb01-75141ef7c3df,3182.74,3183,90000000,512000000,
2025-12-07 05:15:57.032,69a4c947-f10e-4123-b6f3-1ef59ce74240,2078.07,2079,103000000,512000000,
2025-12-07 05:15:57.026,4a791dbe-0256-40e6-bf48-af8279167f1b,3190.42,3191,90000000,512000000,
2025-12-07 05:15:57.024,38ff8d1e-73ab-47d4-abf9-bd50d9e74df0,3085.98,3086,90000000,512000000,
2025-12-07 05:15:57.018,48a00ac5-7c19-46ce-8949-af0c758025b5,1914.42,1915,104000000,512000000,
2025-12-07 05:15:57.005,18a980a0-6c9c-4c0f-891c-5f5bee10e682,3292.46,3293,92000000,512000000,
2025-12-07 05:15:57.004,e55154b8-e305-4c96-977d-1832e5233aa4,3105.65,3106,89000000,512000000,
2025-12-07 05:15:57.004,9a8325f6-d8c4-4cc5-81c7-f4e60324ab17,2558.5,2559,98000000,512000000,
2025-12-07 05:15:57.001,741f42af-2827-406a-8e36-e90e8b97433e,2559.79,2560,98000000,512000000,
2025-12-07 05:15:57.000,d432a7e6-ab6d-41f4-ba0d-ae954949aa4b,3165.25,3166,89000000,512000000,
2025-12-07 05:15:56.988,0818e1da-225a-48db-af6a-f678c1f75cd9,3089.66,3090,90000000,512000000,
2025-12-07 05:15:56.986,b9fdd384-7087-4c35-a062-f99e02f16ea8,1903.7,1904,104000000,512000000,
2025-12-07 05:15:56.966,911b604d-30f2-470a-8062-d575225fbae0,3184.09,3185,90000000,512000000,
2025-12-07 05:15:56.963,e7bd7cc1-c7de-4e76-881e-a281eb61b342,3278.41,3279,89000000,512000000,
2025-12-07 05:15:56.959,cbf202b7-7400-4134-87d1-d72b62481d0d,2451.03,2452,97000000,512000000,
2025-12-07 05:15:56.949,e6fd7f66-bbf9-4f35-9bbb-834b0c57de06,3319.05,3320,90000000,512000000,
2025-12-07 05:15:56.942,8effd246-88a4-4261-9eac-c9d81e93a02d,3270.67,3271,90000000,512000000,
2025-12-07 05:15:56.940,d61239c5-0eaa-4a15-a1e6-5a76bf771c91,3325.5,3326,89000000,512000000,
2025-12-07 05:15:56.938,8d6a5807-6523-4302-a966-ef4242df8461,3146.21,3147,90000000,512000000,
2025-12-07 05:15:56.924,e0b98679-edec-4578-81b5-dbf96f74145a,3147.58,3148,89000000,512000000,
2025-12-07 05:15:56.917,0be5ab96-1334-4ed5-8cc5-b7c46079da41,3367.59,3368,90000000,512000000,
2025-12-07 05:15:56.896,0bdf11a1-3ea3-49cd-a8c6-0689254a4ab5,3275.22,3276,89000000,512000000,
2025-12-07 05:15:56.892,c9a4637e-d2c8-4352-a379-c14b712e863c,3237.64,3238,90000000,512000000,
2025-12-07 05:15:56.890,8e030c0a-71e9-4ebf-87a3-ce8de0d204db,3272.54,3273,89000000,512000000,
2025-12-07 05:15:56.889,b405f8f3-b7fb-4fd8-bbf9-7e85d7d2b45d,3327.31,3328,90000000,512000000,
2025-12-07 05:15:56.881,989b6722-9416-4efe-b156-d541b7b52e1b,3326.99,3327,91000000,512000000,
2025-12-07 05:15:56.872,fcb79811-256c-458e-8c66-2f38bf654ebf,1834.33,1835,104000000,512000000,
2025-12-07 05:15:56.860,e2ea9feb-e5d4-481f-b785-6f280d8e73bd,3331.55,3332,90000000,512000000,
2025-12-07 05:15:56.827,d3610a12-9098-43c4-910f-f2a7d85ce1e1,2593.18,2594,97000000,512000000,
2025-12-07 05:15:56.820,db351d44-a135-46c6-aa51-d04383b2d8d4,2138.9,2139,101000000,512000000,
2025-12-07 05:15:56.815,283d0aa3-28b2-4421-86c6-a4b52f6f4a84,1893.26,1894,103000000,512000000,
2025-12-07 05:15:56.815,2a3033a1-ae2b-474b-9eea-0f288cf9ec82,3228.18,3229,89000000,512000000,
2025-12-07 05:15:56.806,8454a509-3f07-40e5-b5c9-13acb73e79ba,3322.52,3323,90000000,512000000,
2025-12-07 05:15:56.804,e1bbe222-915b-4eac-ae75-de11bf90ec82,3326.28,3327,90000000,512000000,
2025-12-07 05:15:56.801,02a80e2a-a010-4f1d-b99b-fd361fb48f85,3279.94,3280,90000000,512000000,
2025-12-07 05:15:56.792,e0ef5f9b-4823-4d26-ab75-cd6a73318e16,3293.8,3294,89000000,512000000,
2025-12-07 05:15:56.783,ea22c17f-6e43-485c-99f7-e2e17e420f08,1897.68,1898,105000000,512000000,
2025-12-07 05:15:56.777,14422b99-9e0f-42df-9b58-5c96ed743f76,2080.24,2081,100000000,512000000,
2025-12-07 05:15:56.777,9c0820ca-19c2-4d64-9a2a-e14adbe32d73,3340.7,3341,90000000,512000000,
2025-12-07 05:15:56.777,9d118cb0-dd06-48b8-8761-9f945a8a0856,3223.21,3224,90000000,512000000,
2025-12-07 05:15:56.776,3885c035-02c0-4256-9f3d-36a424586d08,1839.89,1840,104000000,512000000,
2025-12-07 05:15:56.770,06e4b981-1a57-47c4-a0b3-c4fdfdd08697,3258.63,3259,90000000,512000000,
2025-12-07 05:15:56.769,8bc71f81-c321-4d4a-b66a-28ef4c15222b,3265.28,3266,90000000,512000000,
2025-12-07 05:15:56.765,fc0d3815-97f4-4f49-bbaf-a69450361302,2682.8,2683,97000000,512000000,
2025-12-07 05:15:56.765,e75c570e-b47b-4cff-844b-d23ff98034d5,3324.68,3325,90000000,512000000,
2025-12-07 05:15:56.758,de6545e8-6ffb-4d66-bc46-6151d243b5f8,3175.82,3176,90000000,512000000,
2025-12-07 05:15:56.757,a0ebabdc-d667-4d0a-9d5d-6495976fca83,3290.58,3291,90000000,512000000,
2025-12-07 05:15:56.753,5c32d13f-1203-4ca2-a381-4299d53d97a5,3155.24,3156,89000000,512000000,
2025-12-07 05:15:56.750,d43d7e03-f36e-4c4e-aa2b-5857cce31ab4,2593.6,2594,97000000,512000000,
2025-12-07 05:15:56.747,9aa5e3a2-13d1-4ca0-a7cb-a46bcf5e5850,3304.55,3305,89000000,512000000,
2025-12-07 05:15:56.739,824960fd-e81c-46c3-a14f-fb28c62f0acb,2610.84,2611,97000000,512000000,
2025-12-07 05:15:56.739,ce29bda6-1e0a-4890-ba70-eb6698ebaa2c,3160.73,3161,90000000,512000000,
2025-12-07 05:15:56.739,1d3cbe77-d49a-48c2-a43b-db10270eecd5,3202.19,3203,91000000,512000000,
2025-12-07 05:15:56.738,8a83741f-947f-4508-a042-1dc974b55d0f,1882.79,1883,105000000,512000000,
2025-12-07 05:15:56.731,55d45c71-9803-444f-a0b8-97ed3dcb75c5,2525.94,2526,98000000,512000000,
2025-12-07 05:15:56.731,fca360c7-9d49-49c1-8cd9-6d85d8981f51,3252.46,3253,90000000,512000000,
2025-12-07 05:15:56.723,786b327b-8402-4b2b-a8f4-9b6486e1cd23,3275.61,3276,89000000,512000000,
2025-12-07 05:15:56.717,2e38aedb-d64f-4833-8b51-294bdd9d5a33,3196.44,3197,89000000,512000000,
2025-12-07 05:15:56.717,ce06f4e3-ee52-4572-bfba-74af13d5d742,3325.02,3326,92000000,512000000,
2025-12-07 05:15:56.716,513334c0-7554-431b-87ee-dd536ae99f7a,3552.12,3553,90000000,512000000,
2025-12-07 05:15:56.716,8b885439-ec1e-42fe-8378-9cfef0eced6f,3313.77,3314,90000000,512000000,
2025-12-07 05:15:56.713,88ab8f67-93e8-4a41-bcd5-66148a8ab814,1854.25,1855,104000000,512000000,
2025-12-07 05:15:56.707,70e74d26-1f49-4603-860b-fe9b6c68a12f,3329.25,3330,90000000,512000000,
2025-12-07 05:15:56.674,c0f9333f-d328-4641-9655-ebea8a6dee02,3180.44,3181,91000000,512000000,
2025-12-07 05:15:56.663,9dcf5cab-9c8b-4bf7-98bf-73f8c02afdf1,3317.86,3318,89000000,512000000,
2025-12-07 05:15:56.660,efd22a8a-5739-4190-ad94-2a691569ec9b,3248.83,3249,89000000,512000000,
2025-12-07 05:15:56.657,c558d852-5ade-44a7-ba6d-a072ef5c2152,3258.76,3259,90000000,512000000,
2025-12-07 05:15:56.649,affbac84-5deb-4d81-bcbf-f132d589320a,2590.24,2591,97000000,512000000,
2025-12-07 05:15:56.646,bd74bc89-52f3-40c5-b579-613a72424208,3315.28,3316,89000000,512000000,
2025-12-07 05:15:56.646,204ac781-b244-46e0-a26b-0044a8f9d460,2546.99,2547,98000000,512000000,
2025-12-07 05:15:56.641,78c57ba0-272a-4282-886a-76ab1bff548d,1830.48,1831,104000000,512000000,
2025-12-07 05:15:56.637,874b69ff-cd94-448b-b7c7-96964f598f76,3205.21,3206,90000000,512000000,
2025-12-07 05:15:56.637,e1340fef-36bc-42ac-bcb0-b364278c3fbc,3252.89,3253,90000000,512000000,
2025-12-07 05:15:56.635,c2ed7c23-15e8-4334-9560-eda13ac4babe,3286.53,3287,89000000,512000000,
2025-12-07 05:15:56.623,12c37638-1c14-4c8c-99c5-406abe852e5a,3325.3,3326,89000000,512000000,
2025-12-07 05:15:56.614,94fb1787-ef73-4d55-915a-c017419d9db7,3319.89,3320,90000000,512000000,
2025-12-07 05:15:56.610,06c81ffe-b5ed-432a-a841-50a93db06484,3229.28,3230,90000000,512000000,
2025-12-07 05:15:56.607,4e743fec-543b-4806-b458-70e345c68acd,3246.74,3247,90000000,512000000,
2025-12-07 05:15:56.597,6d9b6f81-c8d8-4604-8b56-190432af6b40,3406.16,3407,90000000,512000000,
2025-12-07 05:15:56.588,79438614-0e27-4703-a557-d147d0cfd4f6,3269.95,3270,90000000,512000000,
2025-12-07 05:15:56.587,8fd0ed5b-3825-4a8c-bf32-10000f0eb2c0,3268.97,3269,90000000,512000000,
2025-12-07 05:15:56.567,9ba6b9f8-903d-4093-a214-b335624abd39,3304.31,3305,90000000,512000000,
2025-12-07 05:15:56.564,f9e78903-11bf-48aa-98b9-5ab6e01c4995,2180.62,2181,99000000,512000000,
2025-12-07 05:15:56.563,309c6c43-f669-4b5d-a2cd-caa14f136b4a,3192.89,3193,90000000,512000000,
2025-12-07 05:15:56.560,f510ff34-0072-4259-bd7c-7cde2ab420f1,3170.31,3171,89000000,512000000,
2025-12-07 05:15:56.558,8f8e61c1-f70b-4843-a14f-0cdebfaff545,3219.45,3220,89000000,512000000,
2025-12-07 05:15:56.548,5836cb0a-90a1-4fd9-9ef8-93cfba433799,2525.59,2526,97000000,512000000,
2025-12-07 05:15:56.540,5531a531-9b1f-4898-bf92-8c9ac510864a,3216.01,3217,90000000,512000000,
2025-12-07 05:15:56.534,f1d1ce85-b005-4feb-8865-b7b60e3ae18f,3140.17,3141,90000000,512000000,
2025-12-07 05:15:56.531,d175afbb-4d70-4086-b91a-88628e86b948,3186.13,3187,90000000,512000000,
2025-12-07 05:15:56.522,8f765ad9-5c9c-419d-a0d0-f44ca24c4e20,1818.94,1819,105000000,512000000,
2025-12-07 05:15:56.520,a221ee84-1b69-47d5-b187-e69f15bc817b,3209.51,3210,90000000,512000000,
2025-12-07 05:15:56.513,870cfa80-dde4-4141-aec0-44503f31adaa,3227.61,3228,90000000,512000000,
2025-12-07 05:15:56.506,979b8d3b-67fe-4fb6-900d-abb484ee9cd0,3250.72,3251,91000000,512000000,
2025-12-07 05:15:56.500,d8d2eb46-3b70-44c8-8fe7-04e676579747,3135.25,3136,90000000,512000000,
2025-12-07 05:15:56.498,6d7c842d-af71-4cea-b730-f15f0111145a,2076.66,2077,99000000,512000000,
2025-12-07 05:15:56.488,0658140c-f536-41e4-a51e-68bf904f4048,3140.19,3141,90000000,512000000,
2025-12-07 05:15:56.487,a6ee3253-4e0f-4837-83e3-5969e64d58c5,3218.6,3219,90000000,512000000,
2025-12-07 05:15:56.486,1c14cd08-45ed-43e6-82e6-ddf2467082e5,3304.81,3305,90000000,512000000,
2025-12-07 05:15:56.480,d171c368-7100-49e1-a62c-37991b54644b,3159.03,3160,90000000,512000000,
2025-12-07 05:15:56.479,788f8add-491e-4c71-8af8-eeb42cd00f07,3204.39,3205,89000000,512000000,
2025-12-07 05:15:56.467,849e52a8-eb53-4a73-992d-301358912c24,3227.76,3228,91000000,512000000,
2025-12-07 05:15:56.459,3f331768-df61-4c90-beb6-7dab54a31bed,3226.3,3227,89000000,512000000,
2025-12-07 05:15:56.456,1552c911-733a-460c-aab8-690ec4645b59,2545.23,2546,97000000,512000000,
2025-12-07 05:15:56.446,3fcb4926-8757-47d4-954d-2fe211b9f898,3176.83,3177,90000000,512000000,
2025-12-07 05:15:56.439,255c6a64-c170-467c-be47-f36fc815b859,2609.47,2610,98000000,512000000,
2025-12-07 05:15:56.437,153ab19b-6814-4fae-9635-818ca5b755eb,2504.08,2505,97000000,512000000,
2025-12-07 05:15:56.433,62215ca8-3bb5-461c-b107-de25475ef1f6,2582.94,2583,97000000,512000000,
2025-12-07 05:15:56.429,e41c4a21-0285-4740-8374-f0dd74efdea3,3289.1,3290,89000000,512000000,
2025-12-07 05:15:56.429,4b0ba98b-ab8f-4190-b9ad-38914edf7a26,3173.98,3174,90000000,512000000,
2025-12-07 05:15:56.429,7596a7f9-c3d9-405b-8d76-46844580cd33,1875.85,1876,105000000,512000000,
2025-12-07 05:15:56.428,d9d238cc-1832-4c4a-b12d-126c05e19e16,3236.08,3237,90000000,512000000,
2025-12-07 05:15:56.425,73ae7028-6858-44cf-89c5-58ca508b2de4,3163.89,3164,89000000,512000000,
2025-12-07 05:15:56.424,4a7a8861-117a-4b29-9710-c3dbf97b7f1b,3168.21,3169,90000000,512000000,
2025-12-07 05:15:56.424,5d1157b8-7430-4678-80cf-0918557359c5,3339.28,3340,89000000,512000000,
2025-12-07 05:15:56.408,2c789b16-e27e-4721-a40b-9a0f7cf8968b,3153.62,3154,89000000,512000000,
2025-12-07 05:15:56.406,1852989f-8f13-44f8-be22-b2d39c4fc8ab,3185.38,3186,91000000,512000000,
2025-12-07 05:15:56.405,ef551df2-e8cb-4803-92b4-1245531974b1,3183.57,3184,90000000,512000000,
2025-12-07 05:15:56.404,3a1de420-6fe2-4d9a-906f-b7b6a737d9e5,1804.8,1805,105000000,512000000,
2025-12-07 05:15:56.399,be8721be-4dfd-4b17-a777-0fb83bd0b474,3151.99,3152,90000000,512000000,
2025-12-07 05:15:56.397,d20ea252-066a-4126-bcb5-721f7ff901c3,3206.91,3207,90000000,512000000,
2025-12-07 05:15:56.392,ec96b9c0-10fa-4ea6-a6ab-b0c8c3ffa92f,3171.71,3172,90000000,512000000,
2025-12-07 05:15:56.381,9f39a0d0-0125-4627-b748-876a3efa22b7,2470.69,2471,97000000,512000000,
2025-12-07 05:15:56.376,dba432a0-3a22-4a84-8f88-e9ea0d7ab4c5,3179.11,3180,90000000,512000000,
2025-12-07 05:15:56.375,c643013c-6c42-41f1-8020-8fd3fcf632cd,3112.98,3113,89000000,512000000,
2025-12-07 05:15:56.373,6e6d973b-6da3-42c9-ac16-5b0b3c39d687,3184.94,3185,90000000,512000000,
2025-12-07 05:15:56.373,82da31b7-dade-4c9a-9c87-197f22cf6a65,3160.81,3161,89000000,512000000,
2025-12-07 05:15:56.370,f92dbb1f-69c4-4f22-98fd-c43e8957c369,2496.53,2497,97000000,512000000,
2025-12-07 05:15:56.365,7c10df25-1870-4702-a348-d87327f9481d,3160.88,3161,90000000,512000000,
2025-12-07 05:15:56.362,34d82309-5b37-4f95-b089-33846058c20a,3121.95,3122,90000000,512000000,
2025-12-07 05:15:56.360,72bf88d6-cc47-4233-b8bc-eef85499565f,2039.52,2040,100000000,512000000,
2025-12-07 05:15:56.359,3429bef4-3c04-4ba1-b4f6-68955b1aa13e,3187.17,3188,90000000,512000000,
2025-12-07 05:15:56.358,650e0211-5f17-474e-a336-513d461fad6e,3161.45,3162,90000000,512000000,
2025-12-07 05:15:56.357,455c5c34-59d4-4983-baee-fb1938f259bb,2529.58,2530,98000000,512000000,
2025-12-07 05:15:56.353,b2feb2ae-4436-4d15-8011-2e613a71c205,2520.78,2521,98000000,512000000,
2025-12-07 05:15:56.349,ce60ff16-be45-46af-a38d-a72dd0a41d54,3120.3,3121,90000000,512000000,
2025-12-07 05:15:56.348,6b1f5135-05bd-4336-af51-f59b916dbdc8,3184.02,3185,90000000,512000000,
2025-12-07 05:15:56.344,f2e24c3b-04fe-4682-b403-dc8fefe6b2ba,3148.51,3149,89000000,512000000,
2025-12-07 05:15:56.344,48871d33-56ac-4a5a-91b5-b3bb9b7b0141,2565.1,2566,98000000,512000000,
2025-12-07 05:15:56.336,5772c312-3d62-4b63-90d0-fc1ab0152fda,3230.16,3231,90000000,512000000,
2025-12-07 05:15:56.334,238bd700-28eb-429a-aadd-cfd0a9a254ea,3013.78,3014,90000000,512000000,
2025-12-07 05:15:56.332,0c03bac6-c1d1-4a8e-a52c-85168baafad4,3168.15,3169,90000000,512000000,
2025-12-07 05:15:56.327,bc91ffa3-e0c7-4eca-b8b8-891cc8a82b50,3185.65,3186,90000000,512000000,
2025-12-07 05:15:56.323,323f9b47-60ca-47b1-8b89-ff7565d6d324,2547.14,2548,97000000,512000000,
2025-12-07 05:15:56.317,5589840e-9954-4459-9077-2686460a2dd0,3119.56,3120,90000000,512000000,
2025-12-07 05:15:56.306,d950b19b-8b3f-47eb-9324-8beb4d94df51,3163.92,3164,90000000,512000000,
2025-12-07 05:15:56.305,c2aa2d97-bae2-4450-8a1c-b4bb0169b48b,3110.08,3111,90000000,512000000,
2025-12-07 05:15:56.296,21546be5-0c9e-4ae1-a64f-71da1a7259ca,3215.06,3216,90000000,512000000,
2025-12-07 05:15:56.296,b213462c-391c-4e04-818f-7bbcb94904d3,3148.77,3149,90000000,512000000,
2025-12-07 05:15:56.287,4c9829e3-20c9-4b6b-ab33-7379cd38bfc3,3099.61,3100,90000000,512000000,
2025-12-07 05:15:56.286,f4c813d3-14de-4971-9d93-622a38310974,3169.88,3170,90000000,512000000,
2025-12-07 05:15:56.283,95b9be3e-d869-48f4-8249-0d6736884652,3149.31,3150,90000000,512000000,
2025-12-07 05:15:56.281,afa42490-0e77-4dfc-a568-33d10d8d9262,3203.93,3204,89000000,512000000,
2025-12-07 05:15:56.280,393668ba-10f6-4802-aad3-79d392989a2d,3186.86,3187,90000000,512000000,
2025-12-07 05:15:56.279,1c6e4967-627d-42ce-bbc6-33b0df2513c2,3164.29,3165,90000000,512000000,
2025-12-07 05:15:56.276,cc0ce88b-d130-42ac-8883-139b9abeeae2,3124.88,3125,89000000,512000000,
2025-12-07 05:15:56.273,00e0f99b-45a7-4b4a-94e0-875bb18f1d44,3183.86,3184,90000000,512000000,
2025-12-07 05:15:56.273,0a6d577d-e4ef-4d23-a6db-6057eea6875f,1860.06,1861,102000000,512000000,
2025-12-07 05:15:56.270,8242bc28-cc6b-4c27-ba58-fefb7fa453e5,3187.7,3188,90000000,512000000,
2025-12-07 05:15:56.265,331c2747-d039-401a-a5ab-ab491dd154e2,3159.31,3160,90000000,512000000,
2025-12-07 05:15:56.265,a0620ccb-1f80-46f4-8690-c1c7fe78228a,2573.36,2574,97000000,512000000,
2025-12-07 05:15:56.264,139eedc8-5dc7-4ff0-8813-238a2cbee345,1801.72,1802,105000000,512000000,
2025-12-07 05:15:56.262,d88ce7e9-424c-412a-a1e1-6ac0d9eede7f,2025.25,2026,99000000,512000000,
2025-12-07 05:15:56.256,09e25c7b-3aaa-423f-8e0b-a05de7675858,3194.08,3195,89000000,512000000,
2025-12-07 05:15:56.255,5590c656-673a-458c-be60-d7cef63c2114,3179.25,3180,90000000,512000000,
2025-12-07 05:15:56.255,9652b388-359b-4ab8-9df1-1817fdaaf036,3170.78,3171,90000000,512000000,
2025-12-07 05:15:56.252,36a78db1-4e02-4b37-b183-5960e1fa1dde,3203.9,3204,90000000,512000000,
2025-12-07 05:15:56.246,83caa9cd-8685-49cf-ac3b-2dda365001f7,3163.78,3164,92000000,512000000,
2025-12-07 05:15:56.245,7eb03adc-7fd4-4a41-a173-48d7de2a6725,3190.51,3191,89000000,512000000,
2025-12-07 05:15:56.243,dba706ff-da72-456b-a608-62584538a0c8,2095.69,2096,99000000,512000000,
2025-12-07 05:15:56.242,c570d0eb-d922-4144-b755-589a7fd9c3d3,3161.85,3162,90000000,512000000,
2025-12-07 05:15:56.238,f89fbc0a-916b-46d7-9204-410915cc9313,2595.07,2596,97000000,512000000,
2025-12-07 05:15:56.237,b5889d4a-9ac6-497e-a04b-a78fd695da11,3079.42,3080,90000000,512000000,
2025-12-07 05:15:56.235,2a00a495-ab55-43e3-8473-fdb834df5bba,3142.45,3143,90000000,512000000,
2025-12-07 05:15:56.227,2681d66c-3218-4667-ab21-c94108d1a1b4,3328.74,3329,90000000,512000000,
2025-12-07 05:15:56.227,ab602703-1159-47c0-b479-fa151078a021,3155.81,3156,90000000,512000000,
2025-12-07 05:15:56.223,a5942018-5e71-44ef-8679-ca5183ec07db,3176.17,3177,90000000,512000000,
2025-12-07 05:15:56.222,9120169a-4ff5-49fe-a635-b91679c1e293,3064.31,3065,92000000,512000000,
2025-12-07 05:15:56.222,37b3fad1-2854-4758-aa87-de10f6e8a453,1796.02,1797,104000000,512000000,
2025-12-07 05:15:56.219,7bfc5602-c861-4e8f-9d59-2951dfb2ccb6,3155.49,3156,89000000,512000000,
2025-12-07 05:15:56.218,ad91126f-d505-4797-baa0-ef4095b86b26,2479.77,2480,98000000,512000000,
2025-12-07 05:15:56.215,25fd9fa6-f9aa-482c-b84e-8b8a0957b688,3187.69,3188,90000000,512000000,
2025-12-07 05:15:56.203,f5e49d8b-6755-48d5-8a8f-e459bbdf3ab0,3203.03,3204,90000000,512000000,
2025-12-07 05:15:56.203,0aac7155-aeee-407b-814f-2f925dafd6d0,3148.01,3149,89000000,512000000,
2025-12-07 05:15:56.202,8ae25f02-33e8-4930-9c89-f2f30831f7a6,3160.49,3161,90000000,512000000,
2025-12-07 05:15:56.195,14e4afb4-5069-4282-90dd-97e75ee7f014,3147.66,3148,90000000,512000000,
2025-12-07 05:15:56.189,02891899-2e2f-42af-8f60-dc3e885ce360,2420.06,2421,97000000,512000000,
2025-12-07 05:15:56.183,c3d083f6-4dec-458c-a4d7-22900fba93a5,3168.5,3169,90000000,512000000,
2025-12-07 05:15:56.182,69d09a3a-6e7d-44eb-b75b-19562e62a379,3136.03,3137,90000000,512000000,
2025-12-07 05:15:56.165,7751ede7-e1b2-4c55-93b7-fc5815fc4cd3,3184.44,3185,90000000,512000000,
2025-12-07 05:15:56.165,c8472636-b056-49c8-a5f3-2f1899f1b5a3,2533.51,2534,97000000,512000000,
2025-12-07 05:15:56.162,3f2898aa-2039-4783-8fb1-e47e8ff2b182,2700.6,2701,97000000,512000000,
2025-12-07 05:15:56.162,17279fbf-c725-4626-b632-47569d95cbed,3059.65,3060,90000000,512000000,
2025-12-07 05:15:56.162,9ef7ea75-bfd1-4ffa-a374-153fe23f6d74,3159.17,3160,91000000,512000000,
2025-12-07 05:15:56.161,f761f94b-553b-48f3-973d-a6199b8fe3bf,3230.33,3231,91000000,512000000,
2025-12-07 05:15:56.160,92985736-6f5b-4ccc-a95d-944027ceb131,3126.96,3127,90000000,512000000,
2025-12-07 05:15:56.156,73f4eeac-b39b-4307-96f0-b37d4be3d4d3,3108.55,3109,89000000,512000000,
2025-12-07 05:15:56.154,93e52eed-cdbc-4042-880b-7bfaaa1e6f1e,2467.64,2468,97000000,512000000,
2025-12-07 05:15:56.152,5334ed6c-c7b2-4e05-9e98-ad2a8829d9a4,3148.91,3149,90000000,512000000,
2025-12-07 05:15:56.151,8d620f90-c889-40d2-b4cc-2c35d66e9476,2446.36,2447,97000000,512000000,
2025-12-07 05:15:56.151,26cb5c6b-22f6-4b6e-842f-9d779eebfb59,3200.05,3201,90000000,512000000,
2025-12-07 05:15:56.149,f7927a9d-58ec-497f-bbaa-a34d718fac16,3170.54,3171,90000000,512000000,
2025-12-07 05:15:56.144,9ff289d6-6cc8-4028-bcd3-60f432414979,3117.31,3118,90000000,512000000,
2025-12-07 05:15:56.142,4f713b00-f7ef-440c-b2b4-86bfad406d02,3175.19,3176,90000000,512000000,
2025-12-07 05:15:56.141,63b905d2-1538-4137-8ef2-d028a717406b,2401.86,2402,97000000,512000000,
2025-12-07 05:15:56.141,1c35312c-487b-4958-bbc7-3dba09d5c514,2470.75,2471,98000000,512000000,
2025-12-07 05:15:56.141,9101aa89-7c80-4307-b839-88d8e80e24ba,1783.8,1784,103000000,512000000,
2025-12-07 05:15:56.140,375b63ae-c426-4e24-a685-dcaad3fdbbed,3121.16,3122,90000000,512000000,
2025-12-07 05:15:56.138,43865bd9-5841-44ed-a50c-ee97551f4946,3073.07,3074,90000000,512000000,
2025-12-07 05:15:56.137,4208202b-4294-4f53-92a6-f37b5f309fb8,3046.5,3047,90000000,512000000,
2025-12-07 05:15:56.135,f769bbbd-9ae2-4bc5-b826-8d8de914d3a2,2575.25,2576,97000000,512000000,
2025-12-07 05:15:56.133,3a61ba1c-eb64-42b9-bbd4-c2ea7117bfd9,3145.44,3146,89000000,512000000,
2025-12-07 05:15:56.132,449f5943-9db5-484f-93d7-0477806965f0,3139.38,3140,90000000,512000000,
2025-12-07 05:15:56.130,8725ca1f-64ed-4f96-b84d-14fbe659ccb5,3160.04,3161,90000000,512000000,
2025-12-07 05:15:56.127,392362fe-bb86-4854-a8e4-1388be9d1c20,3099.96,3100,89000000,512000000,
2025-12-07 05:15:56.124,9b51559d-ee9e-4001-98e8-c71270d93b76,3141.73,3142,92000000,512000000,
2025-12-07 05:15:56.123,45849229-6dc3-4540-97e8-0b87420dafd3,3108.68,3109,90000000,512000000,
2025-12-07 05:15:56.118,c2213ca9-071d-42cb-9774-79b42e7f8fa5,1802.81,1803,104000000,512000000,
2025-12-07 05:15:56.116,e8e72284-bfad-4ac6-b607-d14b947dab96,3147.11,3148,90000000,512000000,
2025-12-07 05:15:56.116,7669c304-d4bb-4d24-80f8-9fa1f54f2bf9,3086.33,3087,89000000,512000000,
2025-12-07 05:15:56.112,ec53a772-7ffe-4e82-ac5a-778326b32db4,2548.96,2549,97000000,512000000,
2025-12-07 05:15:56.110,2d94a052-48fc-4436-a4f2-db0a4f71f08a,1964.91,1965,101000000,512000000,
2025-12-07 05:15:56.109,899cb4af-a65f-45f6-b39f-6fe638b61d23,3133.88,3134,90000000,512000000,
2025-12-07 05:15:56.107,90401403-0a84-4e21-8d48-c32c29511f7d,3130.06,3131,90000000,512000000,
2025-12-07 05:15:56.105,a9368c39-7598-4465-81da-9438905721c3,3170.67,3171,89000000,512000000,
2025-12-07 05:15:56.104,87236b14-8ec1-49f5-91f4-77f81d3b6702,3062.78,3063,91000000,512000000,
2025-12-07 05:15:56.103,e779af8a-c342-47ec-8b39-fdaf252563ec,2050.3,2051,100000000,512000000,
2025-12-07 05:15:56.094,f5abcc17-9830-4aed-afdd-e651487d4ba3,3079.2,3080,89000000,512000000,
2025-12-07 05:15:56.093,d0e6281d-bdfa-4838-a268-f6a16d628930,3159.55,3160,90000000,512000000,
2025-12-07 05:15:56.092,bb70a212-05bb-4471-bd0b-3c864705075f,3160.61,3161,89000000,512000000,
2025-12-07 05:15:56.091,1ff1fb8c-be10-4979-8ab4-1d12cdca9812,3121.92,3122,89000000,512000000,
2025-12-07 05:15:56.084,351e2f65-5d10-41e9-9a6f-f7b73b093aaf,3166.77,3167,90000000,512000000,
2025-12-07 05:15:56.083,947473a0-88cc-44e7-ac4d-62dfc8b213f7,3115.97,3116,90000000,512000000,
2025-12-07 05:15:56.080,0a0e771c-38d7-4e81-ba5f-1c3cfda44fd3,3088.53,3089,90000000,512000000,
2025-12-07 05:15:56.077,a56b422f-5ecc-48cd-aa4d-e863ada72387,3186.84,3187,90000000,512000000,
2025-12-07 05:15:56.074,42c3906a-c574-4582-bb39-75d75f149650,2175.59,2176,99000000,512000000,
2025-12-07 05:15:56.072,470989cc-0f8c-49d9-8891-c17f5762d1cc,3055.57,3056,89000000,512000000,
2025-12-07 05:15:56.072,402d9bd5-b743-468f-bb83-ad95ca9f1262,3138.93,3139,89000000,512000000,
2025-12-07 05:15:56.070,3c39cbd4-4748-4d5e-bd75-ec5abd40904e,3110.09,3111,90000000,512000000,
2025-12-07 05:15:56.069,93d40527-0ebd-4ea3-b503-c72189734199,3084.34,3085,89000000,512000000,
2025-12-07 05:15:56.068,8c019e1d-d618-4212-abd5-79679a4193d1,2021.21,2022,100000000,512000000,
2025-12-07 05:15:56.064,d9337913-7b3c-48d2-8a6e-8886f9c4658b,3105.21,3106,90000000,512000000,
2025-12-07 05:15:56.057,ea6901af-edd4-485f-8228-1dfa094db7c7,3143.81,3144,90000000,512000000,
2025-12-07 05:15:56.048,6c29ce5f-2148-4b5b-8c54-61b919723df4,3082.99,3083,90000000,512000000,
2025-12-07 05:15:56.048,f37b4a1e-f894-4962-a400-04b6313e6a95,3048.6,3049,89000000,512000000,
2025-12-07 05:15:56.038,8a7662eb-4450-4546-9fe1-0ba593fac4a4,3007.8,3008,89000000,512000000,
2025-12-07 05:15:56.034,2539a30c-d3d9-4a17-8d12-c7da504bdfda,2474.56,2475,97000000,512000000,
2025-12-07 05:15:56.024,ad9975bf-2fbe-45a8-b5e9-e820837bc67e,2368.18,2369,97000000,512000000,
2025-12-07 05:15:56.016,617cdae1-c697-42f7-8546-b8d4d6106e7f,3064.1,3065,89000000,512000000,
2025-12-07 05:15:56.015,ac1e9b03-7135-442e-a2d6-5087c4cfbd4a,3134.21,3135,90000000,512000000,
2025-12-07 05:15:56.008,974d4ab5-6288-4217-a441-6822c6133dc2,3144.22,3145,91000000,512000000,
2025-12-07 05:15:56.008,96621f44-ea73-4ac5-9999-6177dfc984aa,3082.85,3083,90000000,512000000,
2025-12-07 05:15:56.003,b209a9aa-6459-4e4c-b84b-2196dfeae527,3159.69,3160,91000000,512000000,
2025-12-07 05:15:55.999,a25d2dee-9e4c-4f29-828d-dfd2e14ea442,3094.55,3095,90000000,512000000,
2025-12-07 05:15:55.997,48c55b7d-eee5-4c9a-acfe-b271532b9540,3099.14,3100,90000000,512000000,
2025-12-07 05:15:55.983,d16120a6-a5bc-4a45-a367-780424138d93,3095.89,3096,90000000,512000000,
2025-12-07 05:15:55.980,04379cf9-fdc1-4e13-bcba-b8d01ac2878d,3094.49,3095,89000000,512000000,
2025-12-07 05:15:55.977,588e5fa4-6771-4fcc-83d0-0fbb75a25de2,3099.9,3100,89000000,512000000,
2025-12-07 05:15:55.965,86a4ce93-80ff-4a17-b993-9aef9914d5e0,3090.51,3091,90000000,512000000,
2025-12-07 05:15:55.965,3e4237a5-a94d-413d-a5e4-a289bf9b2369,3117.42,3118,90000000,512000000,
2025-12-07 05:15:55.942,3a2168c0-9b36-4ed7-9f0c-f7c47074712f,3130.76,3131,90000000,512000000,
2025-12-07 05:15:55.939,2b7399a9-68b5-4beb-a457-903df057acf0,3055.1,3056,92000000,512000000,
2025-12-07 05:15:55.929,405df8f0-8a71-4d0d-9d5c-3c5bdf8fd731,2000.31,2001,101000000,512000000,
2025-12-07 05:15:55.929,8e14fc33-aa9e-4c9d-abb4-a89bb3a32d14,2512.65,2513,98000000,512000000,
2025-12-07 05:15:55.926,8fea8836-6df3-4c31-b1f4-ae40e85700b4,3059.29,3060,90000000,512000000,
2025-12-07 05:15:55.925,3eb39994-7600-4831-aad9-afd765290319,3081.05,3082,90000000,512000000,
2025-12-07 05:15:55.922,d9791d5e-9b56-424c-b1f5-acb68b3f4759,2531.98,2532,97000000,512000000,
2025-12-07 05:15:55.918,b63198a3-dab0-4658-9a75-49bfec3cd72d,3087.05,3088,89000000,512000000,
2025-12-07 05:15:55.915,6b693d0f-e11b-42ff-8a2b-0e87be3eac26,1982.91,1983,100000000,512000000,
2025-12-07 05:15:55.915,4844a843-68db-4136-a914-aa78fd50a48c,2051.89,2052,101000000,512000000,
2025-12-07 05:15:55.909,e6ad65aa-c441-4cf7-8c87-cff3a90ca4bf,3043.45,3044,90000000,512000000,
2025-12-07 05:15:55.903,22f32d2f-5300-4db9-bbca-754253503ca4,3104.97,3105,89000000,512000000,
2025-12-07 05:15:55.896,75591889-a699-4f7f-a166-25a65afe19ce,3112.72,3113,91000000,512000000,
2025-12-07 05:15:55.896,15913736-26b3-4916-a1d3-4a82ba0bf572,3020.11,3021,89000000,512000000,
2025-12-07 05:15:55.894,10a4b1fe-1d2d-47c4-b24d-f8eb7ba51bce,3139.23,3140,90000000,512000000,
2025-12-07 05:15:55.892,dfa7c28e-df96-43e5-aeb9-84cd80741bc9,2452.76,2453,97000000,512000000,
2025-12-07 05:15:55.884,4809fe10-25b2-4e6f-9886-f00759d7b684,3086.21,3087,90000000,512000000,
2025-12-07 05:15:55.883,f68ea36a-b8bb-4260-b04b-f80350433023,3060.07,3061,90000000,512000000,
2025-12-07 05:15:55.879,6b04669e-5f28-4fc8-ac1f-1a023b488af0,2985.28,2986,90000000,512000000,
2025-12-07 05:15:55.873,441bee18-f317-40e4-85fd-a2e0d1b6e537,2454.47,2455,98000000,512000000,
2025-12-07 05:15:55.864,922705d6-2b0d-473c-a395-c4d262be0a42,1990.05,1991,100000000,512000000,
2025-12-07 05:15:55.861,b85d5a86-8cdc-4ba2-92ef-e983867700ca,2450.6,2451,97000000,512000000,
2025-12-07 05:15:55.858,b99b0022-13c5-49d5-b19f-b02f9f9124d1,3048.22,3049,89000000,512000000,
2025-12-07 05:15:55.851,638fc5d6-7745-4382-96d2-8a7c32fe1cd4,3084.13,3085,90000000,512000000,
2025-12-07 05:15:55.849,b0bcb1e2-c91f-4f1e-9881-ae1dcbe7ff46,3004.26,3005,89000000,512000000,
2025-12-07 05:15:55.838,d69cb132-9810-46d4-abfb-e2f522c3ce67,2427.57,2428,97000000,512000000,
2025-12-07 05:15:55.830,cb61271e-b895-427a-9ad2-ba0724781ee7,3010.96,3011,89000000,512000000,
2025-12-07 05:15:55.829,83a78308-c3d3-46ac-b8cd-4d2cb664a75e,3033.07,3034,90000000,512000000,
2025-12-07 05:15:55.828,433a4bd5-e687-44a4-88e1-bcbf863cd3e9,3101.69,3102,89000000,512000000,
2025-12-07 05:15:55.827,1ff1b3d5-a8bc-47ab-8903-26d2f81e5694,3085.86,3086,89000000,512000000,
2025-12-07 05:15:55.823,c0a94cb4-3b74-42f0-b57f-f1f69a4d3e9d,3121.8,3122,92000000,512000000,
2025-12-07 05:15:55.809,59a12da7-1a6f-41eb-b636-d3fd5c155a32,3102.93,3103,91000000,512000000,
2025-12-07 05:15:55.802,73d33e0f-531d-4506-8a6c-5b66b4f258a4,3071.14,3072,90000000,512000000,
2025-12-07 05:15:55.802,1dfbb659-14f2-47c7-9165-1d3327289048,3065.04,3066,89000000,512000000,
2025-12-07 05:15:55.799,db638a97-1696-4ea1-bd18-ab71bc31ef4a,3084.19,3085,89000000,512000000,
2025-12-07 05:15:55.782,c49add39-78e6-461c-8d6a-e487e0f8e519,2976.64,2977,90000000,512000000,
2025-12-07 05:15:55.778,15de2ddf-449e-4d95-9df2-7a8a35d54b37,2998.5,2999,89000000,512000000,
2025-12-07 05:15:55.776,fc23370d-af7f-49dd-bdc6-0d4311ab618c,2475.45,2476,97000000,512000000,
2025-12-07 05:15:55.764,6527727a-c61a-472a-a10a-38fbd4367e6b,3065.51,3066,91000000,512000000,
2025-12-07 05:15:55.748,c28044cd-28e3-4942-ace1-65d2c987c498,3083.86,3084,90000000,512000000,
2025-12-07 05:15:55.735,afff1362-a943-4fef-9f97-b40cf023fd26,2990.17,2991,90000000,512000000,
2025-12-07 05:15:55.724,43b0586b-5463-43f8-b0be-4b6116918ccf,1950.32,1951,98000000,512000000,
2025-12-07 05:15:55.720,74781fd0-4a27-4792-a33c-c19c4dc13487,2454.3,2455,97000000,512000000,
2025-12-07 05:15:55.716,da1a67f8-f3f3-4bb5-b0d6-32b247eebb1a,3051.68,3052,90000000,512000000,
2025-12-07 05:15:55.692,c11aeb1d-7ebc-4452-9ebc-500ad74b4ecd,3085.93,3086,90000000,512000000,
2025-12-07 05:15:55.682,9c200856-fe1d-4271-8c92-93cb403f2183,3019.21,3020,90000000,512000000,
2025-12-07 05:15:55.681,a80edc87-28be-4e22-9bce-870ec13c764b,3089.91,3090,90000000,512000000,
2025-12-07 05:15:55.679,fa38fcdb-1684-412e-a82a-1f5b20d21ad9,2910.2,2911,89000000,512000000,
2025-12-07 05:15:55.676,3006c2d8-de29-410f-9d89-4615384ec44d,3026.41,3027,90000000,512000000,
2025-12-07 05:15:55.675,f676251b-2de2-4870-8255-316efa66f284,3024.45,3025,89000000,512000000,
2025-12-07 05:15:55.669,a483781d-078c-4a7f-83f5-6d3cacd93800,1949.35,1950,99000000,512000000,
2025-12-07 05:15:55.668,0d5ac594-6576-40ce-8ab7-61be1dc07678,3041.66,3042,89000000,512000000,
2025-12-07 05:15:55.647,1cdd1ce7-473f-48d4-bc02-a0c0f8888eef,2984.77,2985,90000000,512000000,
2025-12-07 05:15:55.629,acc06f6c-f136-42b2-a953-ddd4c45770a4,1891.25,1892,101000000,512000000,
2025-12-07 05:15:55.624,6347b4b9-4f10-499f-94fc-d07588775df2,3027.01,3028,90000000,512000000,
2025-12-07 05:15:55.617,a50284c3-c21d-4252-b9fd-c20bc1db6039,3060.57,3061,90000000,512000000,
2025-12-07 05:15:55.615,03636567-a523-4578-b97e-d4aef69f0a9c,3034.57,3035,90000000,512000000,
2025-12-07 05:15:55.613,56e4f72e-1eed-4ef2-8180-c557b79604cd,3029.56,3030,89000000,512000000,
2025-12-07 05:15:55.611,169f2595-d4f0-4891-a55c-067e0e82a501,3108.35,3109,90000000,512000000,
2025-12-07 05:15:55.606,41177f3f-a377-489a-b8b1-623dc0aa82b5,1914.19,1915,99000000,512000000,
2025-12-07 05:15:55.603,207c1a83-3efb-4433-be11-452353c92fa9,1990.3,1991,100000000,512000000,
2025-12-07 05:15:55.601,e2248e9d-5673-484d-a1e5-c9a1d001ec69,2354.32,2355,97000000,512000000,
2025-12-07 05:15:55.567,4855af08-ce28-4ea8-b83a-8bd94e5612f0,2001.91,2002,99000000,512000000,
2025-12-07 05:15:55.562,9460df3e-b3d7-45c4-88c5-5b3c7b66a4c7,2374.72,2375,97000000,512000000,
2025-12-07 05:15:55.553,3aba40f3-f2d7-4ba6-9619-2db8da235945,3018.02,3019,90000000,512000000,
2025-12-07 05:15:55.548,d7e221fe-238e-4fe1-98a7-5479c3347fe5,1992.21,1993,99000000,512000000,
2025-12-07 05:15:55.528,ae315d22-6141-45c7-8d86-9610665d38b2,2987.66,2988,89000000,512000000,
2025-12-07 05:15:55.523,5de4216b-e292-45ee-b536-8708935d7394,1870.29,1871,101000000,512000000,
2025-12-07 05:15:55.500,0a2fe319-4e24-49db-be2f-5d207dd91f30,3092.49,3093,89000000,512000000,
2025-12-07 05:15:55.490,d7aea22c-f10f-437d-bd82-560a262fd599,2990.51,2991,90000000,512000000,
2025-12-07 05:15:55.475,dd78a0fd-a613-4b67-8d96-82f9124cc9bc,2044.6,2045,102000000,512000000,
2025-12-07 05:15:55.474,787585ad-b253-4e72-a326-4fca7ae2cb1a,3021.89,3022,90000000,512000000,
2025-12-07 05:15:55.435,325c0924-69b3-40ed-a6ab-3ca5fedfdc0b,2002.64,2003,99000000,512000000,
2025-12-07 05:15:55.428,09e602f1-4d6c-43dc-99be-320eb626966b,2929.1,2930,90000000,512000000,
2025-12-07 05:15:55.426,2a50b300-907c-43f4-8e6b-73d9212dab3c,1904.3,1905,99000000,512000000,
2025-12-07 05:15:55.395,9c148f7e-51a2-4aba-a3c0-c9ac83183e3b,3158.53,3159,89000000,512000000,
2025-12-07 05:15:55.395,8d91f0e5-2217-4934-a8c0-3d250b5217ef,1991.41,1992,101000000,512000000,
2025-12-07 05:15:55.394,aff2918a-6728-403e-98f9-e14dafac59b8,1887.9,1888,100000000,512000000,
2025-12-07 05:15:55.363,e55b6d5c-6a4b-427b-9128-dd42bf0adefa,2906.09,2907,90000000,512000000,
2025-12-07 05:15:55.340,5c193099-4f54-4d1c-93b0-def4a62a441f,1953.57,1954,99000000,512000000,
2025-12-07 05:15:55.324,6908ba1b-4d8b-4b23-bdfe-83de94aee0d5,1893.28,1894,100000000,512000000,
2025-12-07 05:15:55.305,be69a69a-13a7-4367-82b6-df7996559466,2987.58,2988,94000000,512000000,
2025-12-07 05:15:55.280,5353de1f-ef21-4d54-a596-5316230c88d4,2330.65,2331,97000000,512000000,
2025-12-07 05:15:55.280,85d6f547-18f9-41f9-ade1-974d79a0d5e3,2885.11,2886,89000000,512000000,
2025-12-07 05:15:55.273,55937e8f-3b56-4f77-92d0-461970732c8d,1841.2,1842,100000000,512000000,
2025-12-07 05:15:55.271,4abf200f-4aa0-440c-b7ce-86b07a46024f,1873.43,1874,101000000,512000000,
2025-12-07 05:15:55.270,5ccba990-16a5-413b-95d7-ef8c18956a6a,1944.63,1945,99000000,512000000,
2025-12-07 05:15:55.258,65b2082b-32cf-4211-8c8f-8c19f77ad04a,1922.05,1923,100000000,512000000,
2025-12-07 05:15:55.230,636be3d1-e495-419a-ad9f-9f99d5cfa32b,2031.17,2032,101000000,512000000,
2025-12-07 05:15:55.223,185dbd51-b23c-441a-912c-0865bdc1335e,1881.22,1882,100000000,512000000,
2025-12-07 05:15:55.210,780dee98-dc05-4972-ad12-cebff1015c0c,1970.59,1971,99000000,512000000,
2025-12-07 05:15:55.194,01070a9d-81cc-4ba7-83d5-7d0672617297,1892.12,1893,99000000,512000000,
2025-12-07 05:15:55.187,33998778-99ba-4274-a869-742c1229c203,1847.11,1848,98000000,512000000,
2025-12-07 05:15:55.173,291b1bd7-1313-4313-8927-3e22a9db84c2,1924.74,1925,99000000,512000000,
2025-12-07 05:15:55.154,af7e14e8-aa58-48df-b723-ebab4d663b8e,1847.98,1848,99000000,512000000,
2025-12-07 05:15:55.138,931545ec-548d-4ec9-a085-8369e61dc564,2732.07,2733,91000000,512000000,
2025-12-07 05:15:55.095,f4c40240-144f-4b40-9ff7-8518127b7871,1852.8,1853,100000000,512000000,
2025-12-07 05:15:55.068,aff4db86-0e79-43a5-bb69-296c9224106f,1812.64,1813,100000000,512000000,
2025-12-07 05:15:55.051,ad3d6f07-2501-4b78-b6f5-888d096be312,2745.85,2746,90000000,512000000,
2025-12-07 05:15:55.029,145be147-bae3-49a7-8fc3-00bd62fe1728,1837.35,1838,100000000,512000000,
2025-12-07 05:15:54.995,bf8f8f05-c68e-4060-b030-3263ad86f397,1917.11,1918,99000000,512000000,
2025-12-07 05:15:54.975,7a9848b4-e3ec-4371-90d7-faf9f4689f78,2854.51,2855,89000000,512000000,
2025-12-07 05:15:54.957,245a5faf-ae56-4f1b-9a64-77131d1a01f0,2718.17,2719,90000000,512000000,
2025-12-07 05:15:54.946,994ffa64-2a51-4544-ad7f-4773cedd4c17,1930.38,1931,99000000,512000000,
2025-12-07 05:15:54.911,b5ed7678-bc43-4697-ad91-238443f742e9,1870.8,1871,99000000,512000000,
2025-12-07 05:15:54.880,fbf3bfda-b53b-4a5f-9643-29cea1636d1c,2288.2,2289,97000000,512000000,
2025-12-07 05:15:54.865,0d6d54fb-c706-4632-ab1f-869039279f94,1811.36,1812,100000000,512000000,
2025-12-07 05:15:54.852,84a9121b-e485-43d2-83cb-d0b699c5adb3,2768.49,2769,90000000,512000000,
2025-12-07 05:15:54.851,1f7d38c1-e415-4dfc-962b-fc242818b9bf,1792.62,1793,100000000,512000000,
2025-12-07 05:15:54.836,233ab8c1-d6d2-435a-844d-87928d85135f,1835.34,1836,100000000,512000000,
2025-12-07 05:15:54.812,85589b06-20a9-45e6-b88a-336ced30ff27,2198.29,2199,98000000,512000000,
2025-12-07 05:15:54.736,0260bd2c-f25e-4fbc-bef4-0382eb1c5e32,1835.93,1836,100000000,512000000,
2025-12-07 05:15:54.713,50cb5b32-060a-4042-a61e-9ebfe3f2cbac,2677.51,2678,91000000,512000000,
2025-12-07 05:15:54.711,d1401590-c4d1-40d7-afe6-67d1bb82c9e0,2889.49,2890,90000000,512000000,
2025-12-07 05:15:54.694,d6380bcb-13f3-4265-9383-115173a93d2d,1831.25,1832,100000000,512000000,
2025-12-07 05:15:54.676,79a1245e-55bf-4432-a551-32eb620d2a11,2140.61,2141,97000000,512000000,
2025-12-07 05:15:54.660,6be9657f-a20f-4572-8ef5-8592435f6841,2202.76,2203,98000000,512000000,
2025-12-07 05:15:54.629,c1a13d7c-22e4-4339-9196-638ffa3028c7,2907.02,2908,93000000,512000000,
2025-12-07 05:15:54.619,125429b0-7f21-4052-9e4b-35f232ccb526,2683.62,2684,90000000,512000000,
2025-12-07 05:15:54.596,ef86f189-aae9-4682-9d41-232ec207965f,1807.85,1808,100000000,512000000,
2025-12-07 05:15:54.560,7640091e-8c84-4772-8a44-38713e9a94c5,1809.88,1810,101000000,512000000,
2025-12-07 05:15:54.558,2b93766b-bc04-4721-919e-476cd07c4d57,2651.33,2652,90000000,512000000,
2025-12-07 05:15:54.550,6fe72bff-b7d5-4c0b-b6c5-267ff14e6bb1,2824.45,2825,90000000,512000000,
2025-12-07 05:15:54.505,5c691d27-2964-42f4-984b-ca4cd530864f,1758.68,1759,100000000,512000000,
2025-12-07 05:15:54.478,65951c4e-e4c2-44d8-ae2c-4fc97fd2b96c,2648.1,2649,89000000,512000000,
2025-12-07 05:15:54.471,cded7226-ab91-443b-8897-43b963ca5e31,2791.6,2792,90000000,512000000,
2025-12-07 05:15:54.459,ea1c469f-cdd0-4b33-91d4-295e9e412f47,2823.97,2824,91000000,512000000,
2025-12-07 05:15:54.441,1ef67296-edf9-440b-9d8f-b3c8a8610858,1771.12,1772,101000000,512000000,
2025-12-07 05:15:54.419,b6112346-0449-4166-b5cd-2febab6205bc,1753.05,1754,100000000,512000000,
2025-12-07 05:15:54.393,5cef58d1-e221-433c-805c-91b72fe2cfe7,1773.01,1774,99000000,512000000,
2025-12-07 05:15:54.362,8cc256b9-1df4-4dce-b6e8-3c28a874034b,2203.72,2204,97000000,512000000,
2025-12-07 05:15:54.361,8a268903-c33b-4cfd-a874-8eb977ad1412,2302.17,2303,97000000,512000000,
2025-12-07 05:15:54.358,3d6773e2-3e44-4969-9a7a-52a1dd07248e,2743.53,2744,92000000,512000000,
2025-12-07 05:15:54.339,487a44d7-c294-48b7-947c-7556cd7d2873,1771.55,1772,99000000,512000000,
2025-12-07 05:15:54.295,9ded513a-1dd3-45e5-8289-2201ba26d203,2169.91,2170,97000000,512000000,
2025-12-07 05:15:54.293,4c26864c-17c1-4f06-8354-96b7ae0894b8,1794.02,1795,100000000,512000000,
2025-12-07 05:15:54.242,9260dde9-6698-4223-b058-d8aaca51bdc6,2756.99,2757,91000000,512000000,
2025-12-07 05:15:54.242,73f51ff3-c05b-4345-a5f6-17e83d906f89,3339.22,3340,103000000,512000000,
2025-12-07 05:15:54.226,64f80205-f31d-4d5f-9f99-7979e7529027,2660.7,2661,90000000,512000000,
2025-12-07 05:15:54.219,d97f27ea-2932-40ea-b624-de282c51b921,2069.66,2070,97000000,512000000,
2025-12-07 05:15:54.203,fe037306-de41-40ce-a369-5387c89d37fb,3483.64,3484,103000000,512000000,
2025-12-07 05:15:54.172,d20c5dbc-e358-4293-bd1c-805bbf456633,3200.98,3201,103000000,512000000,
2025-12-07 05:15:54.171,0d081df1-1e78-4efa-bbc9-d310e1466bf8,2829.92,2830,92000000,512000000,
2025-12-07 05:15:54.149,82bdab3b-e144-4b8d-b947-6d3d126bfba7,2723.37,2724,89000000,512000000,
2025-12-07 05:15:54.127,d4d70088-8aad-4a30-8a12-eeddb3e392a3,2274.86,2275,98000000,512000000,
2025-12-07 05:15:54.122,12c7f666-f152-413e-a5ca-e69c4bd3544b,2246.9,2247,97000000,512000000,
2025-12-07 05:15:54.099,69692c4b-7004-4825-9219-01ca0541cc33,2769.71,2770,89000000,512000000,
2025-12-07 05:15:54.085,b98c3991-e697-4c4c-ac0c-a68058f0c478,2768.61,2769,93000000,512000000,
2025-12-07 05:15:54.066,5fa25635-c191-4d24-8b17-664d81f18d09,2840.53,2841,90000000,512000000,
2025-12-07 05:15:54.064,2646648a-4594-4c8c-b792-9cbbdc7c1583,3304.6,3305,104000000,512000000,
2025-12-07 05:15:54.041,948ff091-15ed-4aab-b298-068c69435e7c,2224.15,2225,97000000,512000000,
2025-12-07 05:15:54.029,0143cf1b-be35-490f-b823-fac6750717df,2152.4,2153,97000000,512000000,
2025-12-07 05:15:53.994,7ac2f789-bab6-4b58-9648-022fee1d8a0e,3104.36,3105,104000000,512000000,
2025-12-07 05:15:53.994,f2411762-e91d-415c-a16d-8a80201518f3,3171.93,3172,104000000,512000000,
2025-12-07 05:15:53.972,38230654-ec99-454c-816d-f9a1d46b8952,2702.49,2703,90000000,512000000,
2025-12-07 05:15:53.966,7f8789c7-9096-4c26-96d5-a4a7f247bcb4,2733.41,2734,92000000,512000000,
2025-12-07 05:15:53.952,9b062a89-3d5b-4124-9229-74192b2df3f0,3171.12,3172,103000000,512000000,
2025-12-07 05:15:53.937,081bbcc2-1a37-452a-9e77-e69e1bcd1a1c,3339.84,3340,102000000,512000000,
2025-12-07 05:15:53.917,bc6d25c8-1517-4414-9139-2102bd99661d,2080.09,2081,97000000,512000000,
2025-12-07 05:15:53.917,fa5313ba-0b8b-4017-8e8f-80f97758c08a,2141.59,2142,98000000,512000000,
2025-12-07 05:15:53.916,f03d9d74-2d70-4819-a911-600642674fb4,2808.78,2809,90000000,512000000,
2025-12-07 05:15:53.899,ca44c50f-b8af-43d5-b9bf-013c5705d555,2603.55,2604,89000000,512000000,
2025-12-07 05:15:53.897,5d05f393-9716-4fe7-9bc9-8ef460c879f7,2614.2,2615,90000000,512000000,
2025-12-07 05:15:53.889,93dfb0a7-85ab-4a7c-b06f-25e80345c941,3069.24,3070,103000000,512000000,
2025-12-07 05:15:53.878,2f003931-9aa6-4eb0-b7dc-c92b01a6521c,3116.84,3117,104000000,512000000,
2025-12-07 05:15:53.877,ab877ab1-bfaa-4dd2-9880-df2d01f5e1b6,2160.78,2161,97000000,512000000,
2025-12-07 05:15:53.866,26c0e308-567e-4d66-bdf0-4bbb25ce085b,2695.36,2696,90000000,512000000,
2025-12-07 05:15:53.855,539fc0c2-fc68-4d02-84fb-cf9042383526,2015.64,2016,97000000,512000000,
2025-12-07 05:15:53.849,8ebbd4a2-0061-4f35-87c1-55fdb9b2eab9,2109.14,2110,97000000,512000000,
2025-12-07 05:15:53.830,a8f23602-de51-4efb-bc60-8b9b8f4a4a6f,3141.62,3142,104000000,512000000,
2025-12-07 05:15:53.830,d4511435-396a-4654-bcf4-ab9bdca203eb,2646.87,2647,90000000,512000000,
2025-12-07 05:15:53.828,c4f72b9d-1c6a-40aa-9074-b3b037333abf,3319.32,3320,104000000,512000000,
2025-12-07 05:15:53.816,64692dbe-d445-4e3b-bff9-402956d68854,3194.72,3195,104000000,512000000,
2025-12-07 05:15:53.816,8f28545b-f218-4bf0-938b-4e4175f25109,2621.27,2622,90000000,512000000,
2025-12-07 05:15:53.811,4c809395-d6f8-4892-878d-8f239765ca61,3267.17,3268,102000000,512000000,
2025-12-07 05:15:53.803,d59c53dc-e86b-4b6e-afb0-bb142e304b5a,3111.98,3112,104000000,512000000,
2025-12-07 05:15:53.802,84d79339-8c5c-4cb6-9c33-765e5efc350e,3195.18,3196,103000000,512000000,
2025-12-07 05:15:53.800,651dfba9-2338-4348-aa71-d11907089e6c,3238.78,3239,104000000,512000000,
2025-12-07 05:15:53.796,26251afb-c974-4ac6-ba0b-1128cdcf8c35,2754.42,2755,90000000,512000000,
2025-12-07 05:15:53.791,62ee1425-edc8-4312-95a8-0abcb9f7477a,2695.47,2696,90000000,512000000,
2025-12-07 05:15:53.774,a6e41e8c-8ee0-414d-94da-becef4ee7ded,3253.92,3254,104000000,512000000,
2025-12-07 05:15:53.771,acb5b18d-2dfd-4d30-bb9d-eda17fb036bd,3174.84,3175,104000000,512000000,
2025-12-07 05:15:53.771,f7c4e30e-422c-4795-acf3-79ca2d396fa3,3279.03,3280,103000000,512000000,
2025-12-07 05:15:53.765,2345b817-314a-414e-a223-056dd7400398,2730.3,2731,90000000,512000000,
2025-12-07 05:15:53.750,ea6f6beb-7fa5-406f-9e56-caf0a6e0d7bc,3198.69,3199,104000000,512000000,
2025-12-07 05:15:53.749,cc5754eb-3b3f-4f22-9ad5-663cff7eff43,3272.07,3273,104000000,512000000,
2025-12-07 05:15:53.748,d9893eef-e496-4c71-9075-28ca0bc5eff2,2590.83,2591,90000000,512000000,
2025-12-07 05:15:53.744,70632baf-84f2-428f-9bc9-d2568cb210fd,3256.07,3257,104000000,512000000,
2025-12-07 05:15:53.742,5a8f0410-5f36-4901-ab43-45fcd34da578,1980.32,1981,97000000,512000000,
2025-12-07 05:15:53.741,cba4fe06-20ba-4cfd-b27b-f5fa017bad54,2666.58,2667,90000000,512000000,
2025-12-07 05:15:53.705,37271127-85ef-48f8-977a-4098eb56023f,3168.36,3169,103000000,512000000,
2025-12-07 05:15:53.691,c4081512-dbaf-44e6-bb56-fe28532214b6,2672.23,2673,90000000,512000000,
2025-12-07 05:15:53.690,1c76d613-29f4-4832-99d7-632131ba526a,3306.32,3307,104000000,512000000,
2025-12-07 05:15:53.687,6f59d212-c9cb-4c96-851c-488573882318,2010.02,2011,97000000,512000000,
2025-12-07 05:15:53.685,99125bcc-01f7-4381-abbe-0fcb67060787,2729.68,2730,91000000,512000000,
2025-12-07 05:15:53.683,80ef384d-50c1-4fd2-be9c-7ede81afc6ed,2062.25,2063,97000000,512000000,
2025-12-07 05:15:53.660,ce61f2c4-9519-4104-9776-2d945e4db499,2667.58,2668,90000000,512000000,
2025-12-07 05:15:53.643,a4455a0f-5eec-4402-8864-96dbfdeed008,2005.59,2006,97000000,512000000,
2025-12-07 05:15:53.642,e46575a9-16af-4fd6-beb2-55c50fc256e6,2644.69,2645,92000000,512000000,
2025-12-07 05:15:53.637,b9e72639-447b-4662-86e6-ee2114f7a3e8,3270.21,3271,102000000,512000000,
2025-12-07 05:15:53.633,432b080e-fc4f-4cc8-8d5d-90b1818d8abe,2645.25,2646,90000000,512000000,
2025-12-07 05:15:53.631,813d8204-85ed-4f50-ae03-7d6c4466c0fa,3275.71,3276,104000000,512000000,
2025-12-07 05:15:53.626,d8e152a6-aa02-415d-a01e-ead7cbd2565c,2670.01,2671,90000000,512000000,
2025-12-07 05:15:53.600,a34a5457-ff4d-4465-be5f-91b8b84a75bf,2088.39,2089,98000000,512000000,
2025-12-07 05:15:53.598,45aee895-d5a0-450b-b38f-82fee62ff508,3137.32,3138,104000000,512000000,
2025-12-07 05:15:53.597,e2699062-065a-4484-8652-e3c19d51ed5a,3259.22,3260,103000000,512000000,
2025-12-07 05:15:53.595,a417e2af-4b1c-4d08-a3e6-fec04b785d02,3341.64,3342,102000000,512000000,
2025-12-07 05:15:53.595,95fa49d5-4398-4364-af09-0f080723a4e6,3094.13,3095,105000000,512000000,
2025-12-07 05:15:53.594,9bec7a24-d749-4798-b3c3-4a9756062ab9,3215.43,3216,104000000,512000000,
2025-12-07 05:15:53.592,161485b4-0676-4520-abe2-205a7623a603,3209.41,3210,104000000,512000000,
2025-12-07 05:15:53.591,09f5636f-e402-4460-b281-23d8db2b4766,3258.34,3259,103000000,512000000,
2025-12-07 05:15:53.591,a43e1c03-18ca-46ba-88bc-e30dacecbe7d,2687.64,2688,89000000,512000000,
2025-12-07 05:15:53.587,0298d33e-eb1f-40be-82e6-cf4779483677,1971.73,1972,97000000,512000000,
2025-12-07 05:15:53.581,e088cbca-ff1c-4363-ac92-76f4962ba13c,2629.66,2630,91000000,512000000,
2025-12-07 05:15:53.580,40604bfc-f36d-4a04-ac68-f1df927d19e6,2659.06,2660,90000000,512000000,
2025-12-07 05:15:53.562,3cee521d-34b7-4a42-834d-37790ca39b09,3195.34,3196,104000000,512000000,
2025-12-07 05:15:53.554,583b7449-1d25-4864-884c-91aa12aab0f0,2659.97,2660,90000000,512000000,
2025-12-07 05:15:53.552,b67316f9-3763-43c1-8e37-228d71824df4,2672.48,2673,89000000,512000000,
2025-12-07 05:15:53.551,3195bba0-55b3-4f9f-9220-5fd767a16691,3154.16,3155,104000000,512000000,
2025-12-07 05:15:53.548,bf82359e-35b4-492c-9f92-70c714b5949f,1955.67,1956,97000000,512000000,
2025-12-07 05:15:53.542,7fa3b61c-a3c6-41ff-9fc7-3eb86492ed18,3281.74,3282,104000000,512000000,
2025-12-07 05:15:53.539,8d1995c4-3fda-4c56-b485-99c51db8d4bd,3143.06,3144,104000000,512000000,
2025-12-07 05:15:53.530,b3d1abda-2bfc-4420-bae2-0ee414c20498,3166.96,3167,104000000,512000000,
2025-12-07 05:15:53.529,3e89c60c-eb3c-416a-9f3c-7346bcc56357,2621.67,2622,90000000,512000000,
2025-12-07 05:15:53.510,322bd968-7daf-41aa-bb3f-05752fddd700,3205.26,3206,104000000,512000000,
2025-12-07 05:15:53.506,b63d2106-2331-4872-af7a-2a59ae94c49c,3053.18,3054,104000000,512000000,
2025-12-07 05:15:53.500,1261cdb6-bb03-4f6f-ae61-650ed1e551d6,3197.59,3198,104000000,512000000,
2025-12-07 05:15:53.483,58edac45-befc-4825-a91e-9e3f6c5c4f60,3419.77,3420,103000000,512000000,
2025-12-07 05:15:53.478,5e8b8b51-fe1e-4978-8231-dc3b04718815,3391.89,3392,103000000,512000000,
2025-12-07 05:15:53.474,4e9d8f03-6311-4df5-92f1-85d96bd680d3,2048.07,2049,97000000,512000000,
2025-12-07 05:15:53.468,527d0820-1de9-4133-be6a-647b6402aa54,3258.32,3259,104000000,512000000,
2025-12-07 05:15:53.460,d346ad31-6398-4230-989e-e0220bb78535,3202.75,3203,102000000,512000000,
2025-12-07 05:15:53.455,616ed079-d736-4f89-8171-b9755a523a5b,3152.14,3153,104000000,512000000,
2025-12-07 05:15:53.454,eb5f3c6b-74dc-4d30-bdb3-470b6db7404a,3237.29,3238,104000000,512000000,
2025-12-07 05:15:53.454,a03e4d39-4af8-4889-a742-303e326c3ded,3271.82,3272,104000000,512000000,
2025-12-07 05:15:53.444,77e2fbb2-fca9-4d5e-a52d-ada85d546d0b,2622.41,2623,90000000,512000000,
2025-12-07 05:15:53.431,2ed35b99-2f91-4123-bd9d-e61ece0afe71,2635.57,2636,90000000,512000000,
2025-12-07 05:15:53.429,1f1ed040-89a8-46f3-84e7-3aea41a1455a,3098.17,3099,104000000,512000000,
2025-12-07 05:15:53.428,5a29ff6a-508a-4070-af3c-152a77917b19,3238.89,3239,104000000,512000000,
2025-12-07 05:15:53.421,00b9264f-9334-48c8-8813-063767decd23,2049.09,2050,97000000,512000000,
2025-12-07 05:15:53.419,3850926a-97f9-4081-9af0-f2f5fba8ac86,3027.52,3028,103000000,512000000,
2025-12-07 05:15:53.416,fee6ed05-ae11-4a73-baf0-e755a3a3f85d,1902.08,1903,99000000,512000000,
2025-12-07 05:15:53.413,680ab191-0bfc-4152-b43f-bb02fcb98029,3287.33,3288,104000000,512000000,
2025-12-07 05:15:53.413,12473b6f-17a3-40e2-8c88-0e5c2a5b4cad,1995.97,1996,97000000,512000000,
2025-12-07 05:15:53.411,a83f814a-a2ad-4d0b-b5b5-4a9a09a8aff6,2000.24,2001,97000000,512000000,
2025-12-07 05:15:53.411,348b7959-a7f9-47b4-b96d-3553aaf7191b,2573.64,2574,89000000,512000000,
2025-12-07 05:15:53.409,c5e990fc-15db-491b-ae81-83cf8b1c5e8a,2633.87,2634,91000000,512000000,
2025-12-07 05:15:53.409,1c34f781-49d6-45ac-bc68-4ad7e73c1ba2,3129.07,3130,104000000,512000000,
2025-12-07 05:15:53.407,16733c22-79cf-486a-96ed-8eec4af73f5f,1867.72,1868,97000000,512000000,
2025-12-07 05:15:53.400,0f60ce05-b73f-4866-8d87-48fa282d67b0,2640.01,2641,90000000,512000000,
2025-12-07 05:15:53.396,a0121857-f9c8-4f1d-b6e6-1d0d768c8a90,2602.73,2603,89000000,512000000,
2025-12-07 05:15:53.385,4533d0ca-83f9-4dcc-973c-c780dddce5bb,3221.84,3222,104000000,512000000,
2025-12-07 05:15:53.383,f97fc091-75c5-4398-82c7-462bb895f203,3118.22,3119,104000000,512000000,
2025-12-07 05:15:53.381,18df56fc-e607-44dc-8b2b-3db851b67716,2631.94,2632,89000000,512000000,
2025-12-07 05:15:53.379,861749dc-eac7-439d-b46d-c0c5e9c16ff4,1956.51,1957,97000000,512000000,
2025-12-07 05:15:53.375,5934c815-8e17-4396-a0c5-b8825d62e5c1,3047.15,3048,102000000,512000000,
2025-12-07 05:15:53.374,0e0df91e-56f7-45d9-b215-36ecb0c28636,3230.7,3231,104000000,512000000,
2025-12-07 05:15:53.371,87606e70-1472-4b79-9e29-a386271ddd9a,2080.57,2081,98000000,512000000,
2025-12-07 05:15:53.365,d72f931c-ce31-4e9e-bfe9-b204c824df6f,3151.55,3152,104000000,512000000,
2025-12-07 05:15:53.365,4077560a-b562-42bd-83b1-f134062372cf,3230.09,3231,104000000,512000000,
2025-12-07 05:15:53.363,d2c90d7f-b9ea-4f6f-9f95-fc93cbaaeeb1,3183.18,3184,104000000,512000000,
2025-12-07 05:15:53.360,0a012589-0b6a-4fc2-8096-f6bcc89081ce,3203.72,3204,104000000,512000000,
2025-12-07 05:15:53.360,3e80908d-5a54-423f-9eb7-8132ff31e854,3073.22,3074,104000000,512000000,
2025-12-07 05:15:53.356,e83406ad-edb8-4fb2-be88-1ff4d9a63e59,2007.76,2008,97000000,512000000,
2025-12-07 05:15:53.351,5d8a20c1-216a-4d8f-9853-90a5cdc70feb,3139.7,3140,104000000,512000000,
2025-12-07 05:15:53.350,ecb87fc2-bf1e-40a4-9caf-d5df8d6a054b,3209.78,3210,102000000,512000000,
2025-12-07 05:15:53.349,8f625a9a-d3e7-4d09-bff9-856a7232d7ec,3202.13,3203,104000000,512000000,
2025-12-07 05:15:53.345,8a3361dc-0a02-435b-82c1-7b1446d52703,3161.94,3162,104000000,512000000,
2025-12-07 05:15:53.344,83d1df4b-f386-45cd-b59d-c3e528adca45,3217.32,3218,102000000,512000000,
2025-12-07 05:15:53.342,86b12107-27c2-49b3-948d-b2c869c5dc9a,1997.06,1998,97000000,512000000,
2025-12-07 05:15:53.341,049d18ad-1774-45d0-bca2-4e6ad300416c,3078.59,3079,104000000,512000000,
2025-12-07 05:15:53.327,6975e636-c109-4671-9e4e-8c765b6b17a7,3242.96,3243,104000000,512000000,
2025-12-07 05:15:53.326,b99edb94-c350-4d3f-8fcc-14fbd003574b,1921.63,1922,97000000,512000000,
2025-12-07 05:15:53.324,66f9b7c1-d7ab-4e6f-854e-d0134c25667b,1969.07,1970,97000000,512000000,
2025-12-07 05:15:53.321,e3296141-549d-462c-961e-8534d60bc292,1975.99,1976,97000000,512000000,
2025-12-07 05:15:53.313,0f7c25d0-4756-4c8e-85da-fd14685c35cf,2996.43,2997,103000000,512000000,
2025-12-07 05:15:53.313,aad6b0f8-e2b1-4c88-97be-79aeaa28c74a,3221.35,3222,104000000,512000000,
2025-12-07 05:15:53.310,9a8c92d4-b311-499e-bf4c-ffeadf76ff3d,3183.4,3184,104000000,512000000,
2025-12-07 05:15:53.310,aa66900a-dc04-4e3c-bc35-95db0c830654,3022.29,3023,104000000,512000000,
2025-12-07 05:15:53.308,a310867e-0830-4ccf-8a98-a51d9a409b94,3012.99,3013,104000000,512000000,
2025-12-07 05:15:53.307,b910c709-f72a-4a0a-b34f-ace5c98e35aa,1927.6,1928,97000000,512000000,
2025-12-07 05:15:53.305,edf3ea30-12ea-4948-9a00-358d41bab03e,3027.66,3028,103000000,512000000,
2025-12-07 05:15:53.302,72b9eea8-3810-496f-9dcd-d4de2b865816,2949.95,2950,103000000,512000000,
2025-12-07 05:15:53.295,3b3df2f3-bb4a-4ccc-aa8a-08cbc5b1160c,1991.04,1992,98000000,512000000,
2025-12-07 05:15:53.295,33850cee-01fd-4c33-a83f-37abd2467eb3,2549.66,2550,90000000,512000000,
2025-12-07 05:15:53.289,e1b980f1-5692-4287-a3cf-e93f8ff83cd4,3245.25,3246,104000000,512000000,
2025-12-07 05:15:53.282,eacc9aac-516b-435f-b694-84a7394a1eae,3194.12,3195,104000000,512000000,
2025-12-07 05:15:53.277,264c8d2b-772e-4e22-aeb3-4f3c5e16bdf2,3117.65,3118,104000000,512000000,
2025-12-07 05:15:53.273,3d6e7169-b020-4dbe-a538-dec2f50c64e0,2001.95,2002,97000000,512000000,
2025-12-07 05:15:53.272,35e0145f-fa6c-4207-924a-0448163e408f,3150.7,3151,104000000,512000000,
2025-12-07 05:15:53.270,30f39980-1d0a-42ae-8c20-5f43ac4afcc3,3203.59,3204,104000000,512000000,
2025-12-07 05:15:53.268,f96ef5ca-e190-48aa-9e34-8c847188697a,3133.69,3134,104000000,512000000,
2025-12-07 05:15:53.267,7994dccb-6883-4a75-9752-4b6bc152d68b,3123.23,3124,105000000,512000000,
2025-12-07 05:15:53.265,0735d35d-d5d1-4f7c-82d3-796bfb928fed,3147.39,3148,104000000,512000000,
2025-12-07 05:15:53.260,cd35b9b7-b725-464a-8bcf-354139e34c74,2561.96,2562,90000000,512000000,
2025-12-07 05:15:53.251,d04af8cf-7275-4ce2-b600-c550de3cf298,3069.73,3070,103000000,512000000,
2025-12-07 05:15:53.248,90ef579a-1969-44af-8b66-8e0f738c9d66,3005.65,3006,104000000,512000000,
2025-12-07 05:15:53.248,96e51514-a149-46ca-b883-707dd099a8e4,3007.28,3008,103000000,512000000,
2025-12-07 05:15:53.242,65d32b31-1f49-4a56-86dc-7433a81ecced,2543.51,2544,89000000,512000000,
2025-12-07 05:15:53.238,1170ff98-1791-4916-926c-b851b9961884,3034.49,3035,104000000,512000000,
2025-12-07 05:15:53.237,5b5642e5-b913-49e1-a4ef-e29d37d6461d,3035.22,3036,103000000,512000000,
2025-12-07 05:15:53.237,5ec7853b-6c36-4eb8-ae16-fe018513957c,1953.17,1954,97000000,512000000,
2025-12-07 05:15:53.235,7bd97fb8-25a5-4f8b-af6f-3afc9bf54d10,1973.82,1974,97000000,512000000,
2025-12-07 05:15:53.235,c0b27b32-46dd-499c-955b-60d5b33527f1,3146.84,3147,102000000,512000000,
2025-12-07 05:15:53.231,cf8154cb-8f54-4f14-b5f3-7c0fd1658a8f,3136.58,3137,103000000,512000000,
2025-12-07 05:15:53.230,cf04811e-3bad-47fb-b186-e092787694de,1890.19,1891,97000000,512000000,
2025-12-07 05:15:53.229,393fe7b3-5515-4c1d-9d4f-ed9f2e8f0237,3178.48,3179,104000000,512000000,
2025-12-07 05:15:53.228,869f3715-9d44-4a44-ba23-7d1a29f92ef1,1934.74,1935,97000000,512000000,
2025-12-07 05:15:53.227,54b4b369-30f8-4b3b-b8af-8d90d833682b,3093.61,3094,105000000,512000000,
2025-12-07 05:15:53.224,5c278986-3feb-49b6-911f-0ee623ee847c,2931.46,2932,100000000,512000000,
2025-12-07 05:15:53.223,9834acde-6ec8-4e6c-90ed-c968d03d20f5,3157.59,3158,104000000,512000000,
2025-12-07 05:15:53.218,7e76d301-f212-4557-8366-8516fc966a24,3080.81,3081,104000000,512000000,
2025-12-07 05:15:53.215,d14d7ea2-3866-4757-b03e-d51f42e36f57,3014.09,3015,103000000,512000000,
2025-12-07 05:15:53.214,685d9637-990c-4b03-8ad8-d781310b357c,3055.51,3056,104000000,512000000,
2025-12-07 05:15:53.212,21d495d0-48dd-432f-b6d2-cd616b0f9f38,3137.5,3138,103000000,512000000,
2025-12-07 05:15:53.210,b6193506-e886-4434-b0cd-2e03cbed10ca,3192.46,3193,102000000,512000000,
2025-12-07 05:15:53.206,60a31ad4-a009-47f0-a78f-012621dffff3,3003.54,3004,104000000,512000000,
2025-12-07 05:15:53.198,78861dc7-8395-4c92-ae96-c49da9504428,3073.4,3074,104000000,512000000,
2025-12-07 05:15:53.197,183dcc4f-8b54-48f2-8f1e-ec6aae8c4307,3155.45,3156,104000000,512000000,
2025-12-07 05:15:53.194,34f5532c-3c88-4370-846b-988362e50054,3101.64,3102,104000000,512000000,
2025-12-07 05:15:53.192,f14c5d85-4ff8-4239-906b-f05deab7e9b5,1932.14,1933,97000000,512000000,
2025-12-07 05:15:53.192,6f6d2a6e-7528-450d-bde5-383e4d4191b4,3007.2,3008,104000000,512000000,
2025-12-07 05:15:53.184,28157781-3f3b-4406-aae5-5d0d2284e246,3036.19,3037,105000000,512000000,
2025-12-07 05:15:53.183,89fdd2e8-ca41-4c1f-96d4-b3a885afccb6,3075.75,3076,104000000,512000000,
2025-12-07 05:15:53.180,2acedbf5-cf23-4d6d-b48d-da2b44772ef5,2527.09,2528,90000000,512000000,
2025-12-07 05:15:53.178,26b3cefe-7f4f-4f19-a105-745f0b4c8562,3017.64,3018,104000000,512000000,
2025-12-07 05:15:53.177,44a36090-5b76-4456-9c80-e514046a5da0,3163.19,3164,104000000,512000000,
2025-12-07 05:15:53.176,6d9a33b7-cce3-4c63-ae06-876809680b83,2954.66,2955,104000000,512000000,
2025-12-07 05:15:53.175,22f1098b-a07c-41c7-aa92-b7bd533433e5,3035.14,3036,104000000,512000000,
2025-12-07 05:15:53.174,4887e2aa-688d-4749-8690-fd3a4462ece5,3069.59,3070,104000000,512000000,
2025-12-07 05:15:53.170,620d3292-88c8-4bee-94da-545f573f0f61,2017.19,2018,98000000,512000000,
2025-12-07 05:15:53.164,56d357e8-268f-458c-a1fa-2f24f73dadd0,3093.68,3094,104000000,512000000,
2025-12-07 05:15:53.155,658c2419-cf0f-4535-ad04-7c687549bd1c,3088.62,3089,104000000,512000000,
2025-12-07 05:15:53.142,8fa323a2-22ab-4a2b-8a84-f849dd122311,3019.84,3020,102000000,512000000,
2025-12-07 05:15:53.141,b2151c10-9225-41c0-996d-63e97ed621e2,2961.33,2962,104000000,512000000,
2025-12-07 05:15:53.140,417a145a-e73a-40e9-844e-c041ab1f55ec,3159.05,3160,102000000,512000000,
2025-12-07 05:15:53.132,f5f7d54a-d9fe-4fb7-ac9a-a6bb7d38551f,3055.9,3056,104000000,512000000,
2025-12-07 05:15:53.132,b5447f2c-9330-4acb-95f8-b6147b08edd7,3060.76,3061,104000000,512000000,
2025-12-07 05:15:53.131,e412c146-0f64-4cac-a28e-9a21ecc99acc,3062.96,3063,104000000,512000000,
2025-12-07 05:15:53.125,cd9f3c8b-70ee-419a-8fcd-520b322ecbf2,3101.42,3102,104000000,512000000,
2025-12-07 05:15:53.125,1e58db4d-46b7-447b-bdb8-81a8b44ca310,3119.58,3120,104000000,512000000,
2025-12-07 05:15:53.119,1f495a25-5dc7-41df-a1e2-57532f06dab5,3107.53,3108,104000000,512000000,
2025-12-07 05:15:53.115,e04704b7-f587-4001-a13e-849785939f3f,2976.21,2977,104000000,512000000,
2025-12-07 05:15:53.113,18b2d545-4ce2-49ed-89d9-e4f3330d2a13,3081.01,3082,104000000,512000000,
2025-12-07 05:15:53.111,9bf85cb0-75de-491e-a5cc-8b7e1d675b45,2969.91,2970,103000000,512000000,
2025-12-07 05:15:53.109,9647557f-3916-41d2-baf5-4ae2ab92210d,2944.99,2945,104000000,512000000,
2025-12-07 05:15:53.107,4dba24f1-ecda-4c40-88ad-6228e6650fcb,3123.95,3124,104000000,512000000,
2025-12-07 05:15:53.107,bea66793-c412-4956-a05f-5dead7c82daa,2958.39,2959,103000000,512000000,
2025-12-07 05:15:53.107,04906846-4d01-4b1b-83f9-317baade0ecf,2977.73,2978,103000000,512000000,
2025-12-07 05:15:53.106,cfdc6eea-733c-423f-8aec-acc1159dfe7a,2938.16,2939,104000000,512000000,
2025-12-07 05:15:53.106,164997b9-0ca7-4fda-b7d3-16608e0049e3,3098.25,3099,104000000,512000000,
2025-12-07 05:15:53.106,842ac0dc-00e3-49c8-908c-280fc25caf17,2939.81,2940,104000000,512000000,
2025-12-07 05:15:53.105,836494e1-9f0a-4019-b6d2-ac3013c6b471,2997.07,2998,103000000,512000000,
2025-12-07 05:15:53.101,65db8c0a-ac9f-4792-9a93-ab1c778f3085,3051.64,3052,104000000,512000000,
2025-12-07 05:15:53.099,f92a3afa-ec55-40b1-b0cb-e9244171b5cb,3117.82,3118,104000000,512000000,
2025-12-07 05:15:53.097,b8906df0-52d6-471c-b373-b1b3dbbc5566,3118.47,3119,105000000,512000000,
2025-12-07 05:15:53.095,d39487f6-02be-4190-8c26-a5a5033c6144,2973.28,2974,104000000,512000000,
2025-12-07 05:15:53.093,c58032f9-640d-4ab7-b092-7848cb573fef,3108.43,3109,104000000,512000000,
2025-12-07 05:15:53.093,9a295a43-745f-47a9-9a65-f09739a0693f,3082.32,3083,104000000,512000000,
2025-12-07 05:15:53.092,d5d67668-f81f-4d03-85aa-cbb583c0a91e,3056.17,3057,104000000,512000000,
2025-12-07 05:15:53.090,95053f76-728a-43cf-88d3-5ba8a6c01261,2926.69,2927,104000000,512000000,
2025-12-07 05:15:53.088,255ea516-1764-4039-9a64-f1547f5b6156,3107.89,3108,104000000,512000000,
2025-12-07 05:15:53.088,af18d951-76ca-4ad5-85d2-71103ad9267c,3071.43,3072,104000000,512000000,
2025-12-07 05:15:53.088,8fce657c-4989-4996-9d20-9505005d428e,2947.14,2948,104000000,512000000,
2025-12-07 05:15:53.085,f79cea0f-283c-4208-982a-9fdd55cba9b4,3072.76,3073,104000000,512000000,
2025-12-07 05:15:53.082,56d9f784-ea93-437d-84b9-4b4d1bbd49dc,3129.98,3130,102000000,512000000,
2025-12-07 05:15:53.081,78800dcc-6148-499d-813b-54828a6b6312,3099.67,3100,104000000,512000000,
2025-12-07 05:15:53.079,9a7bcea0-0bf7-4fc9-891b-4677eb04672d,2920.56,2921,103000000,512000000,
2025-12-07 05:15:53.078,ccf2e37e-6c5a-40a7-bb12-dcd12c3e00fd,3056.18,3057,104000000,512000000,
2025-12-07 05:15:53.075,6a6d06f5-44d6-4fad-9690-36d6a22183cf,3082.29,3083,104000000,512000000,
2025-12-07 05:15:53.074,4a6e986d-49d4-4960-875a-bde449971066,3015.69,3016,104000000,512000000,
2025-12-07 05:15:53.072,b8c126fa-3182-4568-8a71-2224104b755d,2970.75,2971,103000000,512000000,
2025-12-07 05:15:53.072,83825e02-ffad-40b6-81a3-c38c94232402,3176.72,3177,104000000,512000000,
2025-12-07 05:15:53.071,5fcab9d3-81e5-4bf6-b3f1-cb3821f443c9,1904.98,1905,97000000,512000000,
2025-12-07 05:15:53.068,231a38be-d6c8-4388-9d7e-0659e697ef9e,2955.39,2956,103000000,512000000,
2025-12-07 05:15:53.066,2ce17041-d43b-4cb2-8622-5f0b8bc69532,2934.95,2935,103000000,512000000,
2025-12-07 05:15:53.064,b0deb1c7-865d-4c8e-82bc-76c411beb2a9,3068.16,3069,104000000,512000000,
2025-12-07 05:15:53.063,065f373e-03ac-466b-bf55-d951c20d292b,3138.17,3139,104000000,512000000,
2025-12-07 05:15:53.053,ec0dfe78-fb2e-4cdc-83e0-4216ac3b5828,3002.03,3003,103000000,512000000,
2025-12-07 05:15:53.052,be41e992-da7d-4a0f-8c6e-8cbbc339b5ca,1894.33,1895,97000000,512000000,
2025-12-07 05:15:53.050,a551d884-4753-4eab-9862-65dee47ca059,3235.63,3236,103000000,512000000,
2025-12-07 05:15:53.049,eaee3c97-5b03-4582-8cc6-b5949e613f34,3058.71,3059,104000000,512000000,
2025-12-07 05:15:53.047,09b19d39-7078-4768-8465-1db10f3f9e11,1909.69,1910,97000000,512000000,
2025-12-07 05:15:53.044,5b403fb0-5caa-4b28-88ce-9e9f02f0b123,2916.39,2917,103000000,512000000,
2025-12-07 05:15:53.041,f2ced050-0650-459c-9d64-214ab0650eb7,3002.49,3003,104000000,512000000,
2025-12-07 05:15:53.040,2578cb31-04d6-4556-8baf-7aeb6aca361f,3053.95,3054,104000000,512000000,
2025-12-07 05:15:53.037,1ed6bedd-f76d-49ec-b9bd-6f90aaec7f01,2917.65,2918,103000000,512000000,
2025-12-07 05:15:53.032,c60cdc01-fbcd-4e47-911d-9770fa5ac1fb,1876.65,1877,98000000,512000000,
2025-12-07 05:15:53.031,7b218e13-9c81-450f-8385-72878c8356a4,3099.04,3100,104000000,512000000,
2025-12-07 05:15:53.030,d9229c0d-2aec-4bdf-84e7-bfd5e6bb9af9,3016.89,3017,104000000,512000000,
2025-12-07 05:15:53.028,8734a648-c6a6-449c-ab2c-23c73c1654ff,2980.95,2981,104000000,512000000,
2025-12-07 05:15:53.027,ed3511cb-d400-45c2-9872-dc5f4ef91aa3,2999.27,3000,104000000,512000000,
2025-12-07 05:15:53.015,63da39ed-4e66-4e21-a237-3b59d2684b53,3095.3,3096,103000000,512000000,
2025-12-07 05:15:53.013,bafd6a33-dc0a-4248-8410-c2770470589a,3177.98,3178,103000000,512000000,
2025-12-07 05:15:53.011,3a106124-6124-407c-9a90-1031b5e36c46,2999.97,3000,104000000,512000000,
2025-12-07 05:15:53.009,c4fb795f-c89e-4593-a92f-e1a5ae7cd2af,3060.34,3061,104000000,512000000,
2025-12-07 05:15:53.008,23fe7542-5d28-49a8-a122-2a1fb24c2160,1876.38,1877,98000000,512000000,
2025-12-07 05:15:53.007,e2eb74fd-bac0-42bf-aa73-5252127e0ef6,3025.57,3026,104000000,512000000,
2025-12-07 05:15:53.007,fcde6162-ff1e-42c0-88dd-0a9ff267b6fc,3077.2,3078,104000000,512000000,
2025-12-07 05:15:53.007,11588f4f-f022-4b05-a5fe-1f49f10a016e,3053.51,3054,104000000,512000000,
2025-12-07 05:15:53.005,ac620378-178f-47b6-9b53-8451acb306fa,3078.64,3079,104000000,512000000,
2025-12-07 05:15:53.004,71eddd62-f586-4ba8-b876-b96060a388a3,3017.46,3018,104000000,512000000,
2025-12-07 05:15:53.003,ba65fea7-757a-4871-877b-244c59d48f4c,2959.49,2960,104000000,512000000,
2025-12-07 05:15:53.002,f9c9689e-5718-497e-8273-3b68be1e780f,2945.29,2946,104000000,512000000,
2025-12-07 05:15:53.000,4540cac9-34c5-4ba2-be9c-eb461a08273d,2891.73,2892,103000000,512000000,
2025-12-07 05:15:52.995,e5036574-b969-4b56-8f0c-05ce2cd31b9c,1970.07,1971,98000000,512000000,
2025-12-07 05:15:52.990,11c00283-2894-4ae7-bc6d-27a222b392cf,2974.89,2975,104000000,512000000,
2025-12-07 05:15:52.986,94167d6b-9251-4c87-a8d8-36b3306d4e44,3034.26,3035,104000000,512000000,
2025-12-07 05:15:52.984,9a7145b0-742a-48d6-afb9-b6f282608fef,2936.08,2937,104000000,512000000,
2025-12-07 05:15:52.983,45475207-fae7-42cf-8381-e6edb85030d3,3031.84,3032,104000000,512000000,
2025-12-07 05:15:52.982,71f0d827-6e86-48a4-a1a2-e27278f88de6,2900.58,2901,103000000,512000000,
2025-12-07 05:15:52.981,0c69d2af-eeee-4f4e-9caf-322b2cb10f56,3069.11,3070,104000000,512000000,
2025-12-07 05:15:52.978,80856028-7ec1-4457-a619-1a488f03b029,2941.7,2942,103000000,512000000,
2025-12-07 05:15:52.978,71f67d2a-ea21-4c2e-b28d-5491415870c9,3101.45,3102,102000000,512000000,
2025-12-07 05:15:52.972,a7e6de8b-b09d-43b4-8115-06ccc9dfff9b,3015.96,3016,104000000,512000000,
2025-12-07 05:15:52.972,dc98cd28-e412-453f-ac65-b87f88ea3a0d,3095.56,3096,104000000,512000000,
2025-12-07 05:15:52.971,929e37c9-1ba0-49f7-9be2-48997b932f77,3039.44,3040,104000000,512000000,
2025-12-07 05:15:52.969,09883839-a0e8-4031-80f6-0a99f9a2a268,2997.65,2998,103000000,512000000,
2025-12-07 05:15:52.966,376c4f84-9978-4ae9-b30d-29b7fff5b63c,2922.08,2923,105000000,512000000,
2025-12-07 05:15:52.944,ffa98d6c-b0ed-479e-b7c1-aa13fdcde60f,3021.61,3022,104000000,512000000,
2025-12-07 05:15:52.944,adc3af75-75da-4b68-84c0-6d20845d767a,2928.53,2929,103000000,512000000,
2025-12-07 05:15:52.940,d9b7e89a-74a5-411d-b38b-0d49b04715e5,3089.5,3090,104000000,512000000,
2025-12-07 05:15:52.938,009ae017-a37d-45f6-b353-87c2e2c7d47b,2510.29,2511,91000000,512000000,
2025-12-07 05:15:52.936,200305f8-469e-4e81-9dce-4df25ad2b40e,3040.32,3041,104000000,512000000,
2025-12-07 05:15:52.935,219b947a-c4fb-42b0-b363-8bd810269101,3052.74,3053,104000000,512000000,
2025-12-07 05:15:52.934,6a45deef-e38f-4f99-b372-bec91c0aa6af,3014.7,3015,104000000,512000000,
2025-12-07 05:15:52.932,b91cc56d-8b9b-4ab6-8a28-8281de900c19,3001.17,3002,105000000,512000000,
2025-12-07 05:15:52.929,4168e940-8c57-49a7-b7a0-ae1bd90b212d,3076.76,3077,104000000,512000000,
2025-12-07 05:15:52.927,0d784c3f-2788-47fa-89e3-d646ff0bc188,2968.94,2969,104000000,512000000,
2025-12-07 05:15:52.921,4bf84f96-374d-4082-ba88-3e725449706e,2920.31,2921,104000000,512000000,
2025-12-07 05:15:52.921,241c6e5f-d3ef-405a-bba4-55db205da5a5,3007.93,3008,104000000,512000000,
2025-12-07 05:15:52.920,1237d9b7-38e6-43aa-8931-ad344fb932c3,3071.82,3072,104000000,512000000,
2025-12-07 05:15:52.916,c8fe8432-df2b-40b7-8708-c2777ad8862f,3044.72,3045,104000000,512000000,
2025-12-07 05:15:52.915,e09282e6-f490-4982-abd3-b3c3cd876072,2893.12,2894,103000000,512000000,
2025-12-07 05:15:52.915,4ddbb604-6e6e-41fb-8d9b-e25e357f8ea6,2868.74,2869,104000000,512000000,
2025-12-07 05:15:52.912,e0f2750a-95ae-4e82-bbe4-ceffb7d1e031,2943.98,2944,103000000,512000000,
2025-12-07 05:15:52.911,84fc93aa-9244-4637-add2-4c56855f52e6,2866.26,2867,103000000,512000000,
2025-12-07 05:15:52.901,b7fd5219-db25-41a4-9947-d8c480482e0f,3098.53,3099,104000000,512000000,
2025-12-07 05:15:52.898,cc962df8-0d30-47fa-9997-9f0b4350d60a,2841.44,2842,104000000,512000000,
2025-12-07 05:15:52.891,c96f89d7-01e4-4154-9379-c523851b0d65,2947.56,2948,104000000,512000000,
2025-12-07 05:15:52.885,63822bc4-b292-4087-b360-279828e8b585,2842.89,2843,103000000,512000000,
2025-12-07 05:15:52.885,5ec0415d-8114-4e43-9b22-c6a0b37f382d,2997.18,2998,102000000,512000000,
2025-12-07 05:15:52.881,e686a559-f27f-4961-9fe5-befca20d6495,3051.72,3052,104000000,512000000,
2025-12-07 05:15:52.868,910f4c3e-a6f9-49c9-ba0d-fbdb98d00d50,3002.72,3003,104000000,512000000,
2025-12-07 05:15:52.864,fbbf7884-da4c-4310-a30f-a95eb595fdac,2976.08,2977,104000000,512000000,
2025-12-07 05:15:52.861,a273e768-ab26-4871-942c-597b91e7d092,2968.62,2969,104000000,512000000,
2025-12-07 05:15:52.856,4b9c6b87-d4fa-41cf-8e03-bd0f52fc51af,1902.78,1903,97000000,512000000,
2025-12-07 05:15:52.855,97bb8c13-512a-4c32-8a9c-02a4d9d13c7e,2853.34,2854,103000000,512000000,
2025-12-07 05:15:52.854,1f9f17d2-28d5-4e2a-96e1-0568f717adc4,2976,2976,104000000,512000000,
2025-12-07 05:15:52.853,2021f152-0a71-488e-bc1f-4e0dc85f62f5,2963.82,2964,104000000,512000000,
2025-12-07 05:15:52.847,b3c02aaf-7cd4-423e-a13b-1439a78728c5,3028.89,3029,104000000,512000000,
2025-12-07 05:15:52.844,363909ee-d5d2-40f5-a9fc-b4e32ff1aab4,2900.53,2901,103000000,512000000,
2025-12-07 05:15:52.842,3a478d17-8de7-4a4a-935e-ac0fe79ea8f1,2876.88,2877,104000000,512000000,
2025-12-07 05:15:52.834,2d503272-70be-4ff5-8bf2-cc39194531aa,3031.18,3032,104000000,512000000,
2025-12-07 05:15:52.834,8ebcf015-fffd-4971-9579-c94d8a410c26,2861.76,2862,104000000,512000000,
2025-12-07 05:15:52.831,7a7a72ad-9ebe-4666-8d33-2ddee4164a98,2829.28,2830,103000000,512000000,
2025-12-07 05:15:52.831,ceae8547-4de7-40f1-8d1e-2cea47eaaf24,2953.49,2954,104000000,512000000,
2025-12-07 05:15:52.828,8ca6e719-cdd3-4b6c-bb3b-ad1f5d2d96ca,3042.04,3043,104000000,512000000,
2025-12-07 05:15:52.823,75b02897-c624-4f76-9572-1a15edb31f72,2913.37,2914,104000000,512000000,
2025-12-07 05:15:52.819,e8708fb7-abb2-4ccb-86f6-88fddef7bb37,1910.5,1911,97000000,512000000,
2025-12-07 05:15:52.814,5dc44f65-6aa5-46cd-97f9-361a7d612692,2873.47,2874,104000000,512000000,
2025-12-07 05:15:52.811,48fc6464-0fa9-4664-b37b-4b4046424410,2901.99,2902,104000000,512000000,
2025-12-07 05:15:52.804,6af0fef0-f91b-4bb7-b6bb-0270a37c7472,3062.21,3063,104000000,512000000,
2025-12-07 05:15:52.800,175df24c-e2f3-490f-b6e2-225cb38286cb,2831.52,2832,104000000,512000000,
2025-12-07 05:15:52.788,75565841-ee2a-4702-950b-c3e8efe6901b,2857.1,2858,103000000,512000000,
2025-12-07 05:15:52.780,1dac5f68-6f42-4f1f-b091-895b17aef746,1897.94,1898,97000000,512000000,
2025-12-07 05:15:52.777,864fff4d-f25f-4d6e-afb4-282b92e3a408,3015.82,3016,104000000,512000000,
2025-12-07 05:15:52.770,d292de10-48c7-41f2-b523-d873931bc838,2842.53,2843,103000000,512000000,
2025-12-07 05:15:52.762,9737693a-ff35-4e42-b449-6e0d29c4cd47,2895.27,2896,104000000,512000000,
2025-12-07 05:15:52.761,82f01f5a-741b-4ec9-ba84-98b6dcfc2adf,2892.73,2893,104000000,512000000,
2025-12-07 05:15:52.757,11ddf470-12a8-4159-ac05-f9b8dcd97679,2815.55,2816,103000000,512000000,
2025-12-07 05:15:52.753,31e6d5be-549d-4c05-a190-687c3a342202,3012.86,3013,104000000,512000000,
2025-12-07 05:15:52.751,7ed9a8d4-b03a-4208-93eb-4fbd01dd2b16,2932.45,2933,104000000,512000000,
2025-12-07 05:15:52.742,c6c213ee-dc35-4fc0-aca1-6e23d55f63fb,1874.56,1875,98000000,512000000,
2025-12-07 05:15:52.739,8a49aef8-ba0b-47cd-9648-96ff75ffa98f,2943.9,2944,104000000,512000000,
2025-12-07 05:15:52.737,2b9993b5-003c-4abe-80d8-b659ebf1b70d,2897.92,2898,104000000,512000000,
2025-12-07 05:15:52.733,a76c7d00-fbc0-4030-acb7-517a8b75161e,3005.86,3006,104000000,512000000,
2025-12-07 05:15:52.724,323941fc-6ae2-46df-8048-f100be57bd0b,2854.75,2855,104000000,512000000,
2025-12-07 05:15:52.705,de3d7cc0-66f3-4225-a919-19abbaaa5357,3027.62,3028,104000000,512000000,
2025-12-07 05:15:52.704,a73629ab-2e7d-4ecf-ab66-bd9c230c6d2d,2962.57,2963,102000000,512000000,
2025-12-07 05:15:52.702,9a8828a0-78b6-41fe-b9ac-775be43350e1,3012.84,3013,104000000,512000000,
2025-12-07 05:15:52.693,bd07b8de-8289-490b-bf15-05451deb3ef6,2874.44,2875,104000000,512000000,
2025-12-07 05:15:52.689,55ecdf68-c710-4a4d-8aa1-3577e64a246b,2856.62,2857,104000000,512000000,
2025-12-07 05:15:52.685,6ae2f3dd-e216-4619-b5e1-4ac60ff77e5f,1868.85,1869,97000000,512000000,
2025-12-07 05:15:52.672,0307eec6-0bb0-445c-bf24-392d70005893,2678.59,2679,104000000,512000000,
2025-12-07 05:15:52.662,41d3da3b-9f84-436c-8b4a-7f6f7f6e4f8a,1892.37,1893,97000000,512000000,
2025-12-07 05:15:52.650,38d6bca4-38a2-4c71-9664-e7b32988a217,2936.89,2937,104000000,512000000,
2025-12-07 05:15:52.649,a7260191-9a98-47d3-90da-b0d7ebe76325,2811.5,2812,104000000,512000000,
2025-12-07 05:15:52.643,ae80d4df-3385-415f-9f88-9502e3a665e8,2977.36,2978,104000000,512000000,
2025-12-07 05:15:52.630,deb4c397-fbc9-4b3e-b13b-f136b9e4dffa,2878.22,2879,104000000,512000000,
2025-12-07 05:15:52.625,e3a5cc4a-6b84-43fd-a9de-9615fabc0ae1,2900.52,2901,103000000,512000000,
2025-12-07 05:15:52.624,c4816621-8a2d-47a8-bf58-1a70232de39b,2841.73,2842,104000000,512000000,
2025-12-07 05:15:52.621,99b3445b-91d0-433e-96a1-313d29c55ae1,1828.12,1829,97000000,512000000,
2025-12-07 05:15:52.614,3d126dd6-7579-481b-9506-4c3e59697118,1856.88,1857,97000000,512000000,
2025-12-07 05:15:52.612,3cddfe6b-c5d2-493c-abc0-6e243b853f57,2914.91,2915,104000000,512000000,
2025-12-07 05:15:52.594,077d026a-74aa-4cf4-9f15-8286464e588e,2971.19,2972,104000000,512000000,
2025-12-07 05:15:52.592,9e4d6e66-cfe7-4c80-b0a0-7170813418c7,2339.38,2340,90000000,512000000,
2025-12-07 05:15:52.589,6e808d1c-f84e-4e48-916b-e40e506fd439,2923.06,2924,104000000,512000000,
2025-12-07 05:15:52.578,09ef1ce6-a8e1-4314-b518-4a65ac7f8bd4,2852.29,2853,104000000,512000000,
2025-12-07 05:15:52.559,c88bb8ec-de72-42d1-9c30-6946c34b47cd,1794.5,1795,97000000,512000000,
2025-12-07 05:15:52.558,619d5c72-b3d9-40ca-aac4-32f30abd0094,2849.89,2850,104000000,512000000,
2025-12-07 05:15:52.549,1ff577d1-836f-4d04-a22e-26e412fa3152,3003.93,3004,104000000,512000000,
2025-12-07 05:15:52.545,d4867465-07dd-497f-9d73-b67396d89ce9,2838.44,2839,103000000,512000000,
2025-12-07 05:15:52.537,6ec06e35-9cfb-4b0a-8e1b-12a29e35cd86,2480,2481,91000000,512000000,
2025-12-07 05:15:52.518,71272efa-5bee-4c4c-b5d0-73d689198c83,2814.49,2815,104000000,512000000,
2025-12-07 05:15:52.514,8e1a6717-395a-440c-b9f3-ae216553c69d,2280.17,2281,91000000,512000000,
2025-12-07 05:15:52.512,112ac67d-3162-4811-bf98-27c9f8cd6023,2874.47,2875,104000000,512000000,
2025-12-07 05:15:52.496,99461148-9221-4a83-bd42-3db9bd597bb0,2958.16,2959,105000000,512000000,
2025-12-07 05:15:52.492,9228abbe-6a88-4230-9a20-99c4e93bbb38,1847.64,1848,97000000,512000000,
2025-12-07 05:15:52.491,068ba44b-e1e3-4932-83a9-97bd02accfff,2915.03,2916,102000000,512000000,
2025-12-07 05:15:52.479,325af206-5d37-41af-80c4-72bf6b646870,2888.62,2889,104000000,512000000,
2025-12-07 05:15:52.446,e9fbc671-30b6-47e9-b862-0753504c0d30,2711.83,2712,104000000,512000000,
2025-12-07 05:15:52.422,c0a8a839-48ab-48ca-8ed7-3a0d9f00cdcb,2805.46,2806,103000000,512000000,
2025-12-07 05:15:52.401,e35bd042-3c95-4b76-ae12-b905bf1aafa6,2341.24,2342,92000000,512000000,
2025-12-07 05:15:52.345,d59dc896-727b-4196-8b6a-a178bdf53b46,2824.96,2825,104000000,512000000,
2025-12-07 05:15:52.185,a8dcc1b4-5cf4-49be-8e6f-108b6a1e22f4,2812.7,2813,104000000,512000000,
2025-12-07 05:15:52.161,a32a97e4-0235-45ff-8a7e-b91886c82422,2787.18,2788,104000000,512000000,
2025-12-07 05:15:52.141,df6d2fc7-673a-4004-a271-49e155ca448c,2299.54,2300,90000000,512000000,
2025-12-07 05:15:52.140,48ac8208-1e9c-44fe-bb72-20311d371a72,2248.87,2249,89000000,512000000,
2025-12-07 05:15:52.098,28020cd7-01d8-4df6-8294-cf082632567c,2755.04,2756,104000000,512000000,
2025-12-07 05:15:52.096,aaed5198-77b8-41ed-b842-11ad75738175,2349.98,2350,89000000,512000000,
2025-12-07 05:15:52.078,f6e00414-9aa2-424d-a1fa-4291575fb934,2721.44,2722,104000000,512000000,
2025-12-07 05:15:51.972,6a6a7702-5540-4454-ab47-bf007bfe6469,2659.09,2660,104000000,512000000,
2025-12-07 05:15:51.958,6a4c9bb8-ce42-4c17-8f58-0769007a7eb7,2364.35,2365,93000000,512000000,
2025-12-07 05:15:51.956,0ee98246-1e68-48ec-a3e0-744e5a3a1500,2652.34,2653,104000000,512000000,
2025-12-07 05:15:51.949,88c0f302-1ae1-4363-b4fd-3d1f253ecb02,2658.8,2659,104000000,512000000,
2025-12-07 05:15:51.949,41f8f96c-165a-4e62-a800-e245b297392a,2812.72,2813,104000000,512000000,
2025-12-07 05:15:51.925,fe638b24-eb94-47e0-8dbe-78fb15a50b8b,2657.52,2658,104000000,512000000,
2025-12-07 05:15:51.924,523a6eb6-e8c5-407c-8b40-2727b8fe5a24,2613.97,2614,104000000,512000000,
2025-12-07 05:15:51.900,9c2b7a28-95c5-48f4-82f1-86936fe6a404,2635.28,2636,104000000,512000000,
2025-12-07 05:15:51.864,c90c138d-775f-46d6-a39c-a6172cfb2c1d,2267.43,2268,90000000,512000000,
2025-12-07 05:15:51.850,f1b78761-aa66-468b-8667-1377ecbaf03e,2353.24,2354,92000000,512000000,
2025-12-07 05:15:51.845,cdaa0176-cd2a-4dcf-a261-d864d93d131a,2221.06,2222,90000000,512000000,
2025-12-07 05:15:51.815,f91aea63-37ae-41a0-b36b-209afb08f5f0,2872.96,2873,104000000,512000000,
2025-12-07 05:15:51.800,d71585e6-b1c7-45f4-8196-d5229fa43a5a,2280.34,2281,90000000,512000000,
2025-12-07 05:15:51.796,ebc7af4f-ce2e-416e-9c2f-9a66ef951c79,2455.22,2456,103000000,512000000,
2025-12-07 05:15:51.794,518a3272-98eb-408f-8b77-ac4e05dba092,2292.09,2293,92000000,512000000,
2025-12-07 05:15:51.774,af015bf5-0716-4510-9401-216f36431f1c,2245.99,2246,90000000,512000000,
2025-12-07 05:15:51.769,78842242-5b2a-4738-83b9-c54595a8fcb3,2352.56,2353,94000000,512000000,
2025-12-07 05:15:51.692,bb77a778-d0c4-415c-ac96-7984b4a3c100,2745.01,2746,104000000,512000000,
2025-12-07 05:15:51.691,6a4cc104-56fa-42c5-a1c8-901d5ca51a81,2165.3,2166,90000000,512000000,
2025-12-07 05:15:51.667,54214fe5-5423-4cf1-b049-574c809ee92f,2208.17,2209,90000000,512000000,
2025-12-07 05:15:51.661,f04998f8-95d2-4dab-888b-48612aff5973,2644.74,2645,104000000,512000000,
2025-12-07 05:15:51.657,ea1f14fb-0852-4541-94cd-6dc0f097ab04,2706.4,2707,105000000,512000000,
2025-12-07 05:15:51.644,8bd12224-f286-4e78-8139-f48c6d6f103c,2193.6,2194,90000000,512000000,
2025-12-07 05:15:51.641,83f97973-272e-46ef-9c73-a1825e9fd73c,2198.33,2199,90000000,512000000,
2025-12-07 05:15:51.607,57ae67a7-15f8-4037-aa57-2946f4fb7c7e,2222.22,2223,90000000,512000000,
2025-12-07 05:15:51.602,7a02b3d7-f74c-4cf1-bca4-f38a209a4154,2728.3,2729,104000000,512000000,
2025-12-07 05:15:51.552,bcf04e51-42b2-466c-a754-a557f8c7239a,2697.53,2698,104000000,512000000,
2025-12-07 05:15:51.545,6d64c0c5-a60e-40fb-8931-e748ee572c70,2226.59,2227,91000000,512000000,
2025-12-07 05:15:51.479,63fd5261-dc92-4999-8646-27d30a6d5997,2258.83,2259,91000000,512000000,
2025-12-07 05:15:51.466,00827120-c434-47ef-ab37-59fdd2a983dc,2800.02,2801,104000000,512000000,
2025-12-07 05:15:51.433,fa1d1d8c-ad59-46cb-8599-e786b6b2a010,2175.03,2176,94000000,512000000,
2025-12-07 05:15:51.426,becce4c2-7793-446d-9674-56e5e6efe792,2083.9,2084,89000000,512000000,
2025-12-07 05:15:51.422,886c3088-d30d-4b4d-8784-9c12180d7611,2234.03,2235,89000000,512000000,
2025-12-07 05:15:51.421,5a0810e2-dcaf-4397-81f4-4c854497b3ce,2217.56,2218,90000000,512000000,
2025-12-07 05:15:51.384,b7492b24-fa90-4988-8624-51d5de902067,2193.03,2194,92000000,512000000,
2025-12-07 05:15:51.372,17751348-0ed5-4bbc-afb7-706763b4e86e,2166.32,2167,90000000,512000000,
2025-12-07 05:15:51.371,f5cfb560-94bd-4a24-b81c-6040ce68a999,2134.61,2135,89000000,512000000,
2025-12-07 05:15:51.362,068b6f3f-ac3c-4bc3-9e72-68967d2cdf20,2220.01,2221,90000000,512000000,
2025-12-07 05:15:51.343,77818a8f-41ca-4411-9f27-13b71f17f24b,2144.6,2145,91000000,512000000,
2025-12-07 05:15:51.339,91b6c57b-88e2-4c10-80b1-9bc35ece0cf3,2144.02,2145,89000000,512000000,
2025-12-07 05:15:51.338,954c6a5f-442a-41a2-abfa-b59b260044fc,2165.39,2166,91000000,512000000,
2025-12-07 05:15:51.333,e4f38d92-0502-4956-af75-7a1cff8de4fa,2123.46,2124,89000000,512000000,
2025-12-07 05:15:51.330,f5a248d3-d351-4aa6-bbae-94cfb60b0d64,2459.04,2460,103000000,512000000,
2025-12-07 05:15:51.328,cdedd2b7-12cd-48ec-b03f-848ac46fcbc1,2143.01,2144,90000000,512000000,
2025-12-07 05:15:51.327,ed6dee11-85b7-4063-8a3a-d4c4f26a568f,2179.7,2180,90000000,512000000,
2025-12-07 05:15:51.320,3316d82c-d0e4-4370-b68e-09916cf04dd0,2781.56,2782,104000000,512000000,
2025-12-07 05:15:51.317,3aa5cc3a-08e0-41a4-bee3-42217f037091,2171.58,2172,92000000,512000000,
2025-12-07 05:15:51.317,4a39f874-6dc0-4a73-8ad4-2d345e9449f2,2626.38,2627,103000000,512000000,
2025-12-07 05:15:51.312,07494781-9d53-4e2a-9e3a-2935e1ee97f4,2192.13,2193,91000000,512000000,
2025-12-07 05:15:51.308,e08accff-a01f-49de-b4b5-6f12814eb123,2688.59,2689,104000000,512000000,
2025-12-07 05:15:51.304,b91f3332-3e7c-4fd2-b94e-07539c845767,2661.8,2662,104000000,512000000,
2025-12-07 05:15:51.293,43e04f9d-db2e-493b-b41f-1260a84a5bf5,2207.7,2208,92000000,512000000,
2025-12-07 05:15:51.275,5de49c11-b122-41c4-bc25-c9f2c70f0d59,2169.37,2170,90000000,512000000,
2025-12-07 05:15:51.271,1fb7b20f-901c-4aed-ba44-85be0b66ae69,2184.78,2185,94000000,512000000,
2025-12-07 05:15:51.265,1eabb34b-e462-4fb2-a27d-870eb16a6e6a,2109.25,2110,90000000,512000000,
2025-12-07 05:15:51.231,5cce9ac0-aa33-4c3b-bcbb-5c0f860db54d,2135.17,2136,91000000,512000000,
2025-12-07 05:15:51.211,557b672b-63a0-4afe-acd3-b09405b3b354,2719.05,2720,103000000,512000000,
2025-12-07 05:15:51.208,1148361d-e23c-4110-8083-ccae9ac4a600,2580.91,2581,104000000,512000000,
2025-12-07 05:15:51.180,410819b4-730b-4d03-a253-99b597ba181f,2803.8,2804,102000000,512000000,
2025-12-07 05:15:51.175,2cf06888-7189-4426-bc92-a1b91743bca6,2673.73,2674,104000000,512000000,
2025-12-07 05:15:51.169,8887db7f-3edf-467e-994b-b30c8b85f718,2133.13,2134,90000000,512000000,
2025-12-07 05:15:51.169,08f28e19-77ec-49cf-8b06-7415e4536d85,2687.94,2688,104000000,512000000,
2025-12-07 05:15:51.151,3793f564-66ca-444c-a632-cdea6ceba733,2083.17,2084,90000000,512000000,
2025-12-07 05:15:51.151,ab20db6e-3f72-4cf5-84e5-1256f2d1a045,2132.97,2133,93000000,512000000,
2025-12-07 05:15:51.128,31aff9b6-3a06-443f-9c42-bb8e5c740fe0,2134.72,2135,91000000,512000000,
2025-12-07 05:15:51.125,9377445f-ed67-4a5f-bfad-4f627907419d,2123.16,2124,90000000,512000000,
2025-12-07 05:15:51.110,67aa2ac8-7695-4320-8c17-39d722213ec7,2634.39,2635,104000000,512000000,
2025-12-07 05:15:51.106,56b45804-902c-48dc-a391-e1648ae0026a,2086.06,2087,90000000,512000000,
2025-12-07 05:15:51.074,a3faa0e4-2ee5-42d1-bf37-43ac061c38aa,2650.58,2651,104000000,512000000,
2025-12-07 05:15:51.065,f6831211-5dce-47ad-9256-b07f81ba9663,2596.77,2597,104000000,512000000,
2025-12-07 05:15:51.060,cfecf843-05c8-4451-ad7e-5bdf65117d17,2704.97,2705,104000000,512000000,
2025-12-07 05:15:51.031,21d20bfb-ea5b-4b18-a651-824292f40e89,2077.28,2078,92000000,512000000,
2025-12-07 05:15:51.027,7b283e85-8d0b-442c-80ce-c4bfc583d364,2655.74,2656,104000000,512000000,
2025-12-07 05:15:51.019,07738d51-813b-4496-8f69-4cc4bbfd6ea3,2654.65,2655,103000000,512000000,
2025-12-07 05:15:50.995,01ba6029-eb0f-479b-8f15-28025679a3bc,2610.99,2611,105000000,512000000,
2025-12-07 05:15:50.993,2abc0b03-9d2a-495f-adc7-36bd78af869f,2059.37,2060,90000000,512000000,
2025-12-07 05:15:50.992,23092185-810a-4ac3-8872-15ce1ef315e0,2494.91,2495,104000000,512000000,
2025-12-07 05:15:50.990,a80a941f-bff5-481c-8263-950b9fe72b29,2089.18,2090,89000000,512000000,
2025-12-07 05:15:50.982,b5ccfa0d-3b45-453e-8c22-0666a0491877,2600.77,2601,104000000,512000000,
2025-12-07 05:15:50.950,ef2d4f1d-d873-4807-bc82-332cd5221eba,2636.26,2637,104000000,512000000,
2025-12-07 05:15:50.942,f9df3187-3910-46e5-a935-8b743b641912,2455.86,2456,105000000,512000000,
2025-12-07 05:15:50.934,e5abe78e-60fb-45a4-9fc6-41de0d29ee9e,2086.38,2087,89000000,512000000,
2025-12-07 05:15:50.931,a0178a09-5ba2-4b53-a697-05c37718dd56,2640.59,2641,104000000,512000000,
2025-12-07 05:15:50.927,3c86c0b0-9b69-4a60-a469-f11e43ced2dc,3220.67,3221,99000000,512000000,
2025-12-07 05:15:50.925,5d202c21-a19f-4959-86a5-42b0bc46694d,2531.44,2532,103000000,512000000,
2025-12-07 05:15:50.907,41c02bbd-530d-483e-90f4-341ff579e5cb,2474,2474,104000000,512000000,
2025-12-07 05:15:50.907,a199a0dc-36ff-4759-a9e5-0d91af6dcdf2,2493.53,2494,104000000,512000000,
2025-12-07 05:15:50.903,2cb2a1c5-c2be-4e04-883e-0e55727c9a07,2555.97,2556,104000000,512000000,
2025-12-07 05:15:50.902,3cd3fe1d-a4e7-4c65-a670-43ce02a974f1,2534.84,2535,105000000,512000000,
2025-12-07 05:15:50.899,11f06406-91aa-4849-ba62-673004a663be,2004.62,2005,91000000,512000000,
2025-12-07 05:15:50.895,44003fb3-1418-4663-90e0-ffeccb7a40db,3217.93,3218,99000000,512000000,
2025-12-07 05:15:50.895,be0d53e6-987b-463d-bd7e-2eef99f8236e,2593.47,2594,104000000,512000000,
2025-12-07 05:15:50.876,c7fe11f7-55f8-4f2d-b230-687a0ee88a87,2028.02,2029,90000000,512000000,
2025-12-07 05:15:50.860,2b3c06d4-0b8b-419c-97e0-ec6934562bea,2535.93,2536,104000000,512000000,
2025-12-07 05:15:50.860,5ecbfedc-dac1-489f-be72-3b6c720653aa,2019.63,2020,90000000,512000000,
2025-12-07 05:15:50.858,d207fc82-5051-4def-83e0-e6578d6e8e20,2439.54,2440,104000000,512000000,
2025-12-07 05:15:50.857,4c7b6c6f-c502-4307-a72d-733cb99121d7,3335.05,3336,99000000,512000000,
2025-12-07 05:15:50.857,112598c9-b35f-401d-9657-93ccc1ad0839,2424.3,2425,104000000,512000000,
2025-12-07 05:15:50.830,dc05eb71-4f3b-4d04-9da2-b1004eb7f0b4,2370.77,2371,103000000,512000000,
2025-12-07 05:15:50.803,025f10db-4759-4c5e-8e85-b574c253ac68,1984.59,1985,89000000,512000000,
2025-12-07 05:15:50.803,ef530b19-eca5-49b3-9f4e-c8804cb1c39d,3309.32,3310,98000000,512000000,
2025-12-07 05:15:50.790,5ad21969-1167-4244-825b-6480a9cc00b5,2603.97,2604,104000000,512000000,
2025-12-07 05:15:50.781,8d69f4ee-0409-4edc-af81-161ec40d39f6,2574.51,2575,104000000,512000000,
2025-12-07 05:15:50.780,f258dd53-24d9-4034-881c-680bc99e16bb,2576.28,2577,104000000,512000000,
2025-12-07 05:15:50.779,153602cf-dd33-4a2f-bbd9-a1e135549e94,1998,1999,92000000,512000000,
2025-12-07 05:15:50.771,2c47e8a0-84c0-432d-8bb6-c20e53952ebd,3359.76,3360,98000000,512000000,
2025-12-07 05:15:50.770,9b6ecb0e-1261-49a5-bd49-9697a46a26bc,3131.05,3132,99000000,512000000,
2025-12-07 05:15:50.759,14ebe206-3d69-4b55-b0a4-5f356a9b7658,1979.29,1980,90000000,512000000,
2025-12-07 05:15:50.757,4ba5dce9-9100-499a-aec1-d7dd5b2e9433,1987.94,1988,89000000,512000000,
2025-12-07 05:15:50.754,1a73c0ea-0a0d-465d-b761-f8657405af07,3254.04,3255,99000000,512000000,
2025-12-07 05:15:50.750,46e72b56-d38d-4bf8-9685-ed7789bf223f,1975.03,1976,90000000,512000000,
2025-12-07 05:15:50.746,f4215ca8-20f6-44ed-8500-ed8426fe01aa,2372.37,2373,103000000,512000000,
2025-12-07 05:15:50.743,128cfe3e-7cb7-4347-bb97-8d3e2b229931,2451.85,2452,104000000,512000000,
2025-12-07 05:15:50.740,b46f2c2d-361a-4217-8879-c933e821becb,3291.53,3292,99000000,512000000,
2025-12-07 05:15:50.739,fcba9741-3695-4fbf-9edb-8b30a168af1b,2433.61,2434,104000000,512000000,
2025-12-07 05:15:50.734,98373f2d-3014-4753-beae-5b4061e08944,2574.43,2575,104000000,512000000,
2025-12-07 05:15:50.698,024e2d47-0d51-460b-93fa-13bdd98b0868,3352.81,3353,98000000,512000000,
2025-12-07 05:15:50.683,4e72b987-c367-453d-a8b9-d8814927d0b0,2528.74,2529,104000000,512000000,
2025-12-07 05:15:50.678,7f8d1812-462f-41e7-81f0-d2b99dec6b38,3181.12,3182,98000000,512000000,
2025-12-07 05:15:50.677,74ea3c5a-98fd-4711-8721-b86914299553,3240.07,3241,98000000,512000000,
2025-12-07 05:15:50.642,f11012fd-1f15-405c-af1e-f7cecae0a546,2495.72,2496,104000000,512000000,
2025-12-07 05:15:50.632,f1b337ca-3dad-4736-9c29-3e04b91e83bf,1958.13,1959,92000000,512000000,
2025-12-07 05:15:50.623,97950382-61fc-42b5-8e67-46631c86c122,2499.24,2500,104000000,512000000,
2025-12-07 05:15:50.613,b5b16f2f-689c-4889-acb0-29ffa43da222,3200.14,3201,98000000,512000000,
2025-12-07 05:15:50.598,b4da457a-2a97-4189-8d37-65e9b47b3753,3304.89,3305,98000000,512000000,
2025-12-07 05:15:50.589,8e9d0a22-8668-4a4a-9cb7-3afe699d5901,3452.52,3453,98000000,512000000,
2025-12-07 05:15:50.574,f0e0e16a-7afa-48ab-9ad5-9a76fb969cfa,3274.15,3275,99000000,512000000,
2025-12-07 05:15:50.532,696edc64-01d7-46ef-aae5-0c463f87f742,3325.98,3326,98000000,512000000,
2025-12-07 05:15:50.526,2c78ca8e-17bd-473a-96ba-08886dedb540,3228.83,3229,99000000,512000000,
2025-12-07 05:15:50.524,dc1657f3-2460-40bc-a662-9691161b23d5,3555.73,3556,99000000,512000000,
2025-12-07 05:15:50.514,b2fc0f2d-991b-4441-be8a-8da266e26830,3163.98,3164,100000000,512000000,
2025-12-07 05:15:50.500,3f59eede-849f-4af6-ae7c-a4b8f67c2cf4,3173.03,3174,100000000,512000000,
2025-12-07 05:15:50.490,8b7112c8-a906-418c-b1e9-d0fd7c1e7fff,3211.57,3212,99000000,512000000,
2025-12-07 05:15:50.486,d4a99cc3-dc8d-43df-9210-00e3fb5b8a10,3173.87,3174,100000000,512000000,
2025-12-07 05:15:50.480,5ff4eaaa-9fe8-46a8-a726-44a194988278,3246.25,3247,99000000,512000000,
2025-12-07 05:15:50.472,83b6ee9a-e989-4b20-a7f6-929d5a53d0ea,3332.54,3333,98000000,512000000,
2025-12-07 05:15:50.460,f0c7ddca-c63d-4925-9e23-7098cfc63a12,3173.73,3174,100000000,512000000,
2025-12-07 05:15:50.439,283f3a23-7f48-4ff2-a7a7-59cb53bfce15,3226.88,3227,98000000,512000000,
2025-12-07 05:15:50.422,c5582a65-f258-4dbb-b198-9a8824888e53,2357.78,2358,104000000,512000000,
2025-12-07 05:15:50.410,3198a454-bf35-4607-9e73-e55b1491d251,3136.99,3137,99000000,512000000,
2025-12-07 05:15:50.382,f5b6dc4f-f6b3-46eb-8b09-df050d73601b,3095.23,3096,100000000,512000000,
2025-12-07 05:15:50.378,e60f1c2b-44c7-407b-9523-3c0c39b53074,3294.21,3295,99000000,512000000,
2025-12-07 05:15:50.370,33235b5f-d7d5-4b9c-9aca-7ad311e78278,3245.99,3246,99000000,512000000,
2025-12-07 05:15:50.370,308d3e66-2ae1-4995-877a-47b118a97318,3225.43,3226,100000000,512000000,
2025-12-07 05:15:50.347,44dfa81d-31f1-474c-8cea-a287bd3c4075,3178.62,3179,100000000,512000000,
2025-12-07 05:15:50.341,8257e5e8-c307-4ada-99a8-c2606955a81a,3124.86,3125,100000000,512000000,
2025-12-07 05:15:50.340,f7114084-f38f-44f3-9742-da7275305aac,3171.14,3172,99000000,512000000,
2025-12-07 05:15:50.336,c1d5ae87-b438-4957-b304-b6a799f71af3,3230.67,3231,98000000,512000000,
2025-12-07 05:15:50.332,89c771a5-fe27-4b94-aa81-d13f92f5bc1f,3226.93,3227,99000000,512000000,
2025-12-07 05:15:50.327,f123101f-dc58-479f-b05e-46497e3bfb24,3173.39,3174,99000000,512000000,
2025-12-07 05:15:50.315,78d6fdc1-4b54-40f5-b21c-20b33934523d,3211.69,3212,98000000,512000000,
2025-12-07 05:15:50.308,17cd7592-abb9-4a04-adce-97d6a4642c8a,3243.22,3244,98000000,512000000,
2025-12-07 05:15:50.296,d9bc817f-b63a-4696-8058-c8a8e4b54e55,3148.39,3149,100000000,512000000,
2025-12-07 05:15:50.294,c53c8b0d-95d6-4dbf-8631-f40b1b56b92e,3112.22,3113,98000000,512000000,
2025-12-07 05:15:50.291,c3071c4b-62e2-4aa8-9aa2-e296002ce1b5,3134.25,3135,99000000,512000000,
2025-12-07 05:15:50.282,6cf6f712-1254-42c2-a195-c8148d6a5627,3154.39,3155,99000000,512000000,
2025-12-07 05:15:50.277,20dd4d50-9344-4ca6-9062-f964ac8a2a1b,3127.68,3128,98000000,512000000,
2025-12-07 05:15:50.275,9afded7c-23d7-454f-8325-fd9b0a52904a,3183.03,3184,99000000,512000000,
2025-12-07 05:15:50.267,54999659-1dc8-4514-a474-2dd3f762625b,3115.99,3116,99000000,512000000,
2025-12-07 05:15:50.266,fb3cf12c-ad1d-4bc7-a63c-fda7692c6e29,3292.39,3293,98000000,512000000,
2025-12-07 05:15:50.263,07a6ecb1-3408-4e3c-980c-7be5e78c56cb,3096.07,3097,99000000,512000000,
2025-12-07 05:15:50.263,16dab529-6dcd-426a-a8a0-adab0d90b62b,3253.05,3254,99000000,512000000,
2025-12-07 05:15:50.257,c67cbba8-281c-4613-99a9-4fd0c7b07adc,3211.32,3212,98000000,512000000,
2025-12-07 05:15:50.242,4cd29954-d226-40b0-bd83-0685af5f903b,3135.18,3136,100000000,512000000,
2025-12-07 05:15:50.242,ac61c111-ccf5-4517-8a71-7f5dcf77aa4b,3204.33,3205,99000000,512000000,
2025-12-07 05:15:50.240,e19ec297-6cdc-47e8-95d5-1a961642cd20,2326.66,2327,104000000,512000000,
2025-12-07 05:15:50.240,db9a3421-9bf1-4acd-ab58-584ec5ec84fb,3253.99,3254,98000000,512000000,
2025-12-07 05:15:50.239,e274262c-0efd-4419-8f2e-a04f8af64eec,3152.24,3153,99000000,512000000,
2025-12-07 05:15:50.236,0332dc8e-7cec-4b1b-9a4e-115eea412f1e,3212.29,3213,100000000,512000000,
2025-12-07 05:15:50.227,7ba1064e-dab0-4c69-a253-e56bc5935f8e,3115.08,3116,99000000,512000000,
2025-12-07 05:15:50.226,d36cfe1c-a79d-410b-ac38-d137c53eecaa,3144.24,3145,98000000,512000000,
2025-12-07 05:15:50.223,c318c463-d3a6-4055-b8ec-c333ed83c930,2078.77,2079,104000000,512000000,
2025-12-07 05:15:50.214,25472fcb-5244-45b4-8dca-f32942f1edf2,3174.82,3175,100000000,512000000,
2025-12-07 05:15:50.212,6b9996cc-e97d-4c40-aa59-feeb55422a5e,3291.11,3292,99000000,512000000,
2025-12-07 05:15:50.209,d9a48a13-35b8-446d-8856-da2736e8ff12,3154.22,3155,99000000,512000000,
2025-12-07 05:15:50.205,f53ed0c8-7dc3-42c4-ae69-32d26ef974b9,3185.8,3186,99000000,512000000,
2025-12-07 05:15:50.205,ddc34d8f-617d-4fc1-a953-266246f325cd,3131.45,3132,100000000,512000000,
2025-12-07 05:15:50.190,55b8ff68-f485-4b91-8e1b-c5729f52b0a8,3134.02,3135,98000000,512000000,
2025-12-07 05:15:50.189,90fa9a51-1346-45bf-aff8-6ee45b8e760c,3073.14,3074,99000000,512000000,
2025-12-07 05:15:50.183,d0a47e25-499d-4926-b399-c35f653bc90d,3237.66,3238,99000000,512000000,
2025-12-07 05:15:50.182,c086147c-05cd-4113-9958-571f2c05f7f7,3100.81,3101,99000000,512000000,
2025-12-07 05:15:50.181,6a7cd7c3-10a3-449c-8b0c-e515573424ab,3089.68,3090,99000000,512000000,
2025-12-07 05:15:50.181,31759392-72a1-42b6-b447-b1ba4b5e09c5,3051.41,3052,99000000,512000000,
2025-12-07 05:15:50.169,20e113d0-cf56-44ee-852b-26c15aa93bd5,3087.26,3088,100000000,512000000,
2025-12-07 05:15:50.168,7ebb5153-c9be-472e-9612-7619adc230bc,3195.64,3196,99000000,512000000,
2025-12-07 05:15:50.167,3bdc528b-b94f-4058-b40f-38fb445e4f2a,3111.9,3112,100000000,512000000,
2025-12-07 05:15:50.166,7ad9e840-f73d-44f0-bcf4-86b17885101b,2974.51,2975,100000000,512000000,
2025-12-07 05:15:50.165,f0fd40ba-d50c-4b61-bb00-81265a6420a6,3171.4,3172,100000000,512000000,
2025-12-07 05:15:50.163,d65d9b40-ef4a-458c-91e3-ef0626625633,3172.84,3173,100000000,512000000,
2025-12-07 05:15:50.161,23c60fe9-a7d2-4872-8966-20da33be6a55,3093.81,3094,99000000,512000000,
2025-12-07 05:15:50.160,9901e3d2-7197-4cf7-a0e9-37380c0e81c6,3113.27,3114,99000000,512000000,
2025-12-07 05:15:50.157,ee71aa62-5149-43e1-9908-0c88f6c233c8,3259.02,3260,100000000,512000000,
2025-12-07 05:15:50.148,43632f82-9081-4efb-be5c-93eb3f587771,2988.91,2989,99000000,512000000,
2025-12-07 05:15:50.146,d4211a25-6ac8-466d-9b68-07796f6d2c3a,3035.43,3036,100000000,512000000,
2025-12-07 05:15:50.143,36655453-2ce2-4543-9059-68451837e451,3136.45,3137,100000000,512000000,
2025-12-07 05:15:50.140,619a72b5-3bd1-4393-a36d-62cbb9377d41,3103.12,3104,100000000,512000000,
2025-12-07 05:15:50.139,19ffb661-8ccc-4ae4-9f98-efd519695bb6,3111.91,3112,98000000,512000000,
2025-12-07 05:15:50.139,69a9052b-7a73-410a-95bb-eaf4ffeb93ed,3095.42,3096,99000000,512000000,
2025-12-07 05:15:50.138,91f611e6-d93b-45c7-8fb8-cdfc9b15d625,3030,3030,100000000,512000000,
2025-12-07 05:15:50.138,f92ffbb0-8d8a-4b3d-9610-cabc0679e67f,3023.66,3024,99000000,512000000,
2025-12-07 05:15:50.137,f57b00f3-4e6c-42e2-9e0c-7f0b10e93af2,3093.68,3094,100000000,512000000,
2025-12-07 05:15:50.136,e19838a7-8f87-4805-87c2-c25d92e4313c,3075.47,3076,99000000,512000000,
2025-12-07 05:15:50.130,b764ef84-d0dc-43a3-9438-3702ea946ddc,3154.03,3155,99000000,512000000,
2025-12-07 05:15:50.130,238b777b-3452-4019-9aec-b47af70d20b2,3069.77,3070,100000000,512000000,
2025-12-07 05:15:50.130,4db24f47-2d25-4367-bf36-8ae744b7328e,3051.59,3052,98000000,512000000,
2025-12-07 05:15:50.125,842d7210-4399-4eb2-9745-ff6e584c7375,3154.37,3155,98000000,512000000,
2025-12-07 05:15:50.125,d0b74f73-dd2c-42ba-a57a-8dfb15da267b,3084.47,3085,100000000,512000000,
2025-12-07 05:15:50.124,709cf5c0-fa97-42e2-a295-cc8b51106972,3095.57,3096,100000000,512000000,
2025-12-07 05:15:50.123,2908c4cf-f9f9-43b8-aa4f-3d1e56fab29c,3112.66,3113,99000000,512000000,
2025-12-07 05:15:50.121,6c78c5a8-a60a-45b0-a337-ed635992f6bc,3013.3,3014,98000000,512000000,
2025-12-07 05:15:50.121,ff7a0643-b52d-48dd-a8e1-26630b3d97db,3073.5,3074,98000000,512000000,
2025-12-07 05:15:50.118,67c5ee43-30a3-4a66-ab5f-9dd34ecfdfdd,3003.43,3004,100000000,512000000,
2025-12-07 05:15:50.117,c0dd3d1f-c6c2-495f-8651-16a6e90a762f,3071.81,3072,98000000,512000000,
2025-12-07 05:15:50.114,785fe31c-4556-4302-84de-9d132ab24c64,3052.2,3053,99000000,512000000,
2025-12-07 05:15:50.111,3775402b-4785-455e-9e27-94af762c9227,3074.54,3075,100000000,512000000,
2025-12-07 05:15:50.110,6fb15abf-7668-4c24-8d5a-d0ae8aeeee1b,3094.56,3095,99000000,512000000,
2025-12-07 05:15:50.109,7ad37937-c159-4f66-97b0-9cd4517e1aa3,3071.03,3072,100000000,512000000,
2025-12-07 05:15:50.107,2ebec1e2-b0fb-4aaf-8895-c5f326707dc7,2987.9,2988,100000000,512000000,
2025-12-07 05:15:50.107,43aabbe3-5e23-4dc0-beac-e4f43887f76b,3112.93,3113,100000000,512000000,
2025-12-07 05:15:50.107,05d2c6c4-c3f3-4b16-b7a0-7d5d7bcb331b,3174.37,3175,99000000,512000000,
2025-12-07 05:15:50.103,dd0162ad-f4f7-44cf-9aa4-dc2de0ad7c4a,3065.9,3066,99000000,512000000,
2025-12-07 05:15:50.103,5b50399c-9cef-43eb-bb5f-af4a0e4e01e8,3095.85,3096,99000000,512000000,
2025-12-07 05:15:50.099,e49cfa60-1990-4b3d-a790-3eae7aaa7ea4,3076.95,3077,98000000,512000000,
2025-12-07 05:15:50.098,f23d6937-20de-402b-8524-512a2bfd0a78,3010.15,3011,99000000,512000000,
2025-12-07 05:15:50.097,4dfdca49-52d0-4e97-b016-c4d290aca4cf,3095.58,3096,99000000,512000000,
2025-12-07 05:15:50.088,5824c0f1-7e06-4cfc-a52b-d6e81f30c1be,2973.25,2974,99000000,512000000,
2025-12-07 05:15:50.087,312d7fba-63fa-42e4-a85c-00ce0c36051d,3070.91,3071,100000000,512000000,
2025-12-07 05:15:50.087,4f983ab7-7b3c-4769-8bee-7a09b03965f4,3033.73,3034,99000000,512000000,
2025-12-07 05:15:50.087,a5989044-4a65-46fa-9e15-a0c65557bc55,3089.25,3090,99000000,512000000,
2025-12-07 05:15:50.085,640a7fae-5f82-493e-96a4-9d803ac0d6ec,3006.18,3007,100000000,512000000,
2025-12-07 05:15:50.081,2055449e-0d22-4fa3-a024-0be1513609ed,3032.95,3033,100000000,512000000,
2025-12-07 05:15:50.078,37bf3beb-892d-4b1b-b67f-cb08e9152364,3191.26,3192,100000000,512000000,
2025-12-07 05:15:50.075,b3d9a44f-f1f7-4d73-8f75-5f6cf936f2fb,3064.46,3065,101000000,512000000,
2025-12-07 05:15:50.074,7362b72c-8199-4d0a-99b1-5e917b6234ef,2972.1,2973,98000000,512000000,
2025-12-07 05:15:50.074,e59c9c4f-0ecd-4d46-bb69-18c552fa0287,3052.06,3053,100000000,512000000,
2025-12-07 05:15:50.072,f2f375c4-86f3-4de0-8f4b-7e495732afd0,3115.17,3116,98000000,512000000,
2025-12-07 05:15:50.069,5164e2ad-1e8c-4cec-b7cd-fa1e34fe7fa0,3027.52,3028,99000000,512000000,
2025-12-07 05:15:50.068,f40654ac-0280-4308-adc7-b980dd35109b,3091.27,3092,100000000,512000000,
2025-12-07 05:15:50.068,8e579c75-a27c-404a-b001-99a2d16684e9,3173.79,3174,99000000,512000000,
2025-12-07 05:15:50.066,1b241797-1e26-437c-9252-def9b1322160,3052.41,3053,98000000,512000000,
2025-12-07 05:15:50.064,21e72f77-3f23-42cf-986d-78b56fe957c8,3025.34,3026,100000000,512000000,
2025-12-07 05:15:50.054,a312f5f8-d1be-4f90-8962-fe096c979a34,3086.99,3087,99000000,512000000,
2025-12-07 05:15:50.053,0d4dd021-92ab-4f6d-903a-8162008b4f14,3009.84,3010,98000000,512000000,
2025-12-07 05:15:50.052,519e623c-a12a-4fcc-8dc7-bfcc934bd5b9,3016.82,3017,100000000,512000000,
2025-12-07 05:15:50.045,1f302c28-edf2-4077-afe0-7c7ded10d26f,3061.7,3062,100000000,512000000,
2025-12-07 05:15:50.045,38498d05-4a3b-45fa-93dd-26e65158e1dc,2411.96,2412,104000000,512000000,
2025-12-07 05:15:50.045,1b24be95-366c-4165-955a-1544b68768bc,2133.2,2134,103000000,512000000,
2025-12-07 05:15:50.042,63df122e-f3a9-4c6c-8b15-3c64b9142f38,2972.43,2973,99000000,512000000,
2025-12-07 05:15:50.040,1ad0a0c7-8873-4fcc-9100-c3c1013bdabd,2932.09,2933,100000000,512000000,
2025-12-07 05:15:50.037,1175b115-2ce3-45c2-af04-64e038595ee6,3048.4,3049,98000000,512000000,
2025-12-07 05:15:50.037,d6232bd6-8f97-48dd-aae9-2bf356271f79,3130.39,3131,99000000,512000000,
2025-12-07 05:15:50.036,4ff11aa5-8e72-48e6-bc8c-c6745efe6c49,2995.56,2996,98000000,512000000,
2025-12-07 05:15:50.033,3f566da1-0314-4129-ac46-e16cf7af11cf,3068.52,3069,100000000,512000000,
2025-12-07 05:15:50.032,8c63e3d7-933e-499c-8503-64ed249de0bc,3054.88,3055,99000000,512000000,
2025-12-07 05:15:50.030,23dff3fd-fcff-4b0a-bd70-c51e9451e06c,3069.58,3070,99000000,512000000,
2025-12-07 05:15:50.029,09e6c0bf-9fe5-49a5-a245-08e86a763fd1,3194.21,3195,100000000,512000000,
2025-12-07 05:15:50.028,e56894a3-218d-4759-b8bd-4aba4e75c52d,2968.39,2969,99000000,512000000,
2025-12-07 05:15:50.028,455acec4-1ddb-4a60-be76-4e293704fa48,2990.62,2991,99000000,512000000,
2025-12-07 05:15:50.027,a8afd35f-3c31-4850-818a-d14209ad8768,2956.03,2957,98000000,512000000,
2025-12-07 05:15:50.026,2a179ce7-2432-4bec-9d04-64a79c00c828,3075.21,3076,98000000,512000000,
2025-12-07 05:15:50.025,f83cd863-4176-4667-8107-0e543ef4f16a,3072.57,3073,100000000,512000000,
2025-12-07 05:15:50.023,b665baf8-9c72-4e48-8fb0-c2014719cfa5,3053.35,3054,99000000,512000000,
2025-12-07 05:15:50.022,c015ac9d-968b-4bcc-bc69-cee79227d779,2994.03,2995,99000000,512000000,
2025-12-07 05:15:50.020,cced992f-41c5-4659-a11b-405851b9f2d4,3035.1,3036,99000000,512000000,
2025-12-07 05:15:50.020,1ba84f32-52cc-43e6-8456-022b25047d29,2981.12,2982,100000000,512000000,
2025-12-07 05:15:50.018,0fbd8d79-b448-49e2-9d59-18c1119d8ba9,2992.55,2993,100000000,512000000,
2025-12-07 05:15:50.016,2e517607-21f7-4404-928c-099db46b3789,3088.61,3089,99000000,512000000,
2025-12-07 05:15:50.014,e8de7f82-773a-4e4a-90b7-bed565fce258,3009.56,3010,100000000,512000000,
2025-12-07 05:15:50.013,9d027075-1395-496b-8e7b-ef8062a78c73,3118.36,3119,100000000,512000000,
2025-12-07 05:15:50.009,9eec329c-8683-4796-9b3d-1de294d3c95d,2955.47,2956,100000000,512000000,
2025-12-07 05:15:50.008,f2ea2748-5d4f-47c3-8087-6507d8ce0709,3053.29,3054,100000000,512000000,
2025-12-07 05:15:50.008,68253008-e6bd-49af-8b49-42f924f353a1,3090.26,3091,99000000,512000000,
2025-12-07 05:15:50.005,ee557ab4-a4ee-4c43-8631-9ed6d5f7ad6d,3027.43,3028,99000000,512000000,
2025-12-07 05:15:50.000,26bf7539-c048-4835-994a-581f300de680,3032.51,3033,100000000,512000000,
2025-12-07 05:15:49.999,3ba2b933-c27c-4eac-8cf0-2cfdea8291fd,3072.54,3073,100000000,512000000,
2025-12-07 05:15:49.997,97359319-eb42-489a-b70e-2351da3b8be1,3033.71,3034,100000000,512000000,
2025-12-07 05:15:49.997,bcdd3857-55a2-4450-a72d-35d4a7f00f81,2978.38,2979,100000000,512000000,
2025-12-07 05:15:49.997,49800948-d38f-4856-99b5-7860f3263677,3036.1,3037,99000000,512000000,
2025-12-07 05:15:49.996,d3468452-98ea-4676-a56b-744c3fbfa302,3034.07,3035,98000000,512000000,
2025-12-07 05:15:49.994,324f850f-91a3-4af9-ab02-89ffc6c98123,3013.9,3014,99000000,512000000,
2025-12-07 05:15:49.989,d3d25a4c-3c23-458a-b62c-6ba9b9453457,3004.99,3005,98000000,512000000,
2025-12-07 05:15:49.988,ea60ccdc-1463-42c0-ad25-4819052a193b,2952.79,2953,99000000,512000000,
2025-12-07 05:15:49.987,4fff6269-38f2-420d-8fe9-b2d23bc218a0,3034.72,3035,98000000,512000000,
2025-12-07 05:15:49.987,afe5a22e-a144-415f-84a7-a9a19ce3f3a2,2804.06,2805,99000000,512000000,
2025-12-07 05:15:49.986,d872a948-5857-477f-9b2e-43cf6d5af30d,3012.45,3013,98000000,512000000,
2025-12-07 05:15:49.984,1c35c4b2-a56c-4919-8ed4-4696192c1b4c,3031.5,3032,99000000,512000000,
2025-12-07 05:15:49.984,21ceb033-2b78-4df9-b1b5-9051b312ac90,3063.17,3064,100000000,512000000,
2025-12-07 05:15:49.983,b0625ba1-1bc2-4365-a9d7-7419844b792c,3130.08,3131,100000000,512000000,
2025-12-07 05:15:49.981,1785fbf5-21c6-4dbe-8648-6bf43f1e4755,3037.39,3038,100000000,512000000,
2025-12-07 05:15:49.980,241b22ac-4cdb-40f1-8b2e-b1090aa7bf23,3075.99,3076,100000000,512000000,
2025-12-07 05:15:49.980,cbdd7987-c530-4001-bae4-c4bd3343645a,3023.39,3024,100000000,512000000,
2025-12-07 05:15:49.978,ddaadabf-363b-42d4-92f9-e2be0d69ef10,3033.19,3034,100000000,512000000,
2025-12-07 05:15:49.976,7c1f160b-7cc2-40dd-a5f7-5343d0bf417e,3094.78,3095,100000000,512000000,
2025-12-07 05:15:49.974,c983e485-5c35-43ab-96ee-32e0fd88616c,3107.91,3108,100000000,512000000,
2025-12-07 05:15:49.973,4ce26852-e4da-4226-8634-13c22fa76be0,3126.78,3127,100000000,512000000,
2025-12-07 05:15:49.969,7d190192-1241-411c-9956-45808140a5aa,3005.5,3006,100000000,512000000,
2025-12-07 05:15:49.967,c2a7a9cc-ceb3-49ad-91b6-b1e3779a5fdc,3115.41,3116,100000000,512000000,
2025-12-07 05:15:49.965,f9d9803d-e55f-4bcf-a950-2aeee4b94c29,3011.52,3012,99000000,512000000,
2025-12-07 05:15:49.964,16dfd2c5-825f-4e49-8ba9-73b4b2f2eb42,2947.46,2948,100000000,512000000,
2025-12-07 05:15:49.960,e71c42fc-04e0-42b3-8d85-828dfdb31f81,2915.85,2916,99000000,512000000,
2025-12-07 05:15:49.959,7685709e-1274-491c-bbfe-00c0a301fcb7,2973.07,2974,99000000,512000000,
2025-12-07 05:15:49.950,98111d1c-6cf4-41a1-ad0e-c261fb9fbace,2994.78,2995,100000000,512000000,
2025-12-07 05:15:49.948,fcf0adc5-7349-4884-a0c5-fc9c20726864,3052.18,3053,99000000,512000000,
2025-12-07 05:15:49.948,034d8a7e-5c11-4760-8d71-db7c81d81ad6,3035.92,3036,99000000,512000000,
2025-12-07 05:15:49.948,5a5ff9ee-fad2-46f6-aa91-34dd5c3b4f62,2957.14,2958,100000000,512000000,
2025-12-07 05:15:49.943,5dc4e20b-9257-47f2-aafa-0e30a9f2b55d,2966.01,2967,100000000,512000000,
2025-12-07 05:15:49.943,612713a4-b4ae-4036-bccb-8c656cb29dbc,3033.4,3034,100000000,512000000,
2025-12-07 05:15:49.943,16d18205-da67-4336-97e0-76b69e88b6be,2968.27,2969,100000000,512000000,
2025-12-07 05:15:49.942,23eb09cf-398a-42ec-a92a-a9aa72c74ad4,3015.07,3016,100000000,512000000,
2025-12-07 05:15:49.940,83caacbe-6053-41da-ad94-031302a2479d,3017.32,3018,98000000,512000000,
2025-12-07 05:15:49.939,07311b0e-1cc2-4cbb-960d-bc83e8ee8d33,2995.86,2996,98000000,512000000,
2025-12-07 05:15:49.935,65b93a21-af1a-4ab7-982b-25e7b75a77ad,3065.37,3066,98000000,512000000,
2025-12-07 05:15:49.933,47b2d6bd-69dc-4e8c-ac84-ec19f5101f1f,2914.88,2915,98000000,512000000,
2025-12-07 05:15:49.931,af26b99b-9fdd-46eb-a819-0306ab847244,2930.97,2931,98000000,512000000,
2025-12-07 05:15:49.929,087b7690-43da-4720-b47d-437e8c66ac9c,2993.58,2994,99000000,512000000,
2025-12-07 05:15:49.928,b474d749-7662-4c2c-a9f3-a2e654e0c7f5,3051.97,3052,100000000,512000000,
2025-12-07 05:15:49.927,233d7ea9-5817-4d98-9dfc-83256ccc72f5,3031.76,3032,99000000,512000000,
2025-12-07 05:15:49.926,004d28b3-ad18-4118-af1c-cca0bd2ef98e,3010.56,3011,100000000,512000000,
2025-12-07 05:15:49.925,d24d4577-a32b-4beb-83c8-77b01207cebc,2999.76,3000,99000000,512000000,
2025-12-07 05:15:49.923,423eaf41-d6ff-4b0d-a1d9-9a9271726e44,2956.19,2957,99000000,512000000,
2025-12-07 05:15:49.923,51f91909-2601-4573-9f11-0d95ab1a71a2,2949.56,2950,101000000,512000000,
2025-12-07 05:15:49.918,7f0d3933-bf86-4a93-a6d5-31f734048b31,2954.53,2955,99000000,512000000,
2025-12-07 05:15:49.917,1b311775-0b06-4198-8f63-5741815de59e,2986.48,2987,100000000,512000000,
2025-12-07 05:15:49.911,c0021762-9582-433e-a00b-d2ad10f3a6c5,2917.18,2918,100000000,512000000,
2025-12-07 05:15:49.907,d4d90337-3fa9-43eb-9a5c-0c3250af1798,2973.05,2974,100000000,512000000,
2025-12-07 05:15:49.904,54f5befa-17d7-4f29-b3d9-1579ee9a56a4,2978.93,2979,98000000,512000000,
2025-12-07 05:15:49.899,1f1cbecf-54e8-43b6-af67-ea2fdaa6b8a6,2931.73,2932,99000000,512000000,
2025-12-07 05:15:49.893,0b6dec3c-d633-41ae-a5f2-efe40c43c2f2,3031.3,3032,100000000,512000000,
2025-12-07 05:15:49.892,d9765195-2da4-4e0c-8cf2-ab8398cc9c04,2909.42,2910,100000000,512000000,
2025-12-07 05:15:49.891,d28eea51-6069-49f2-ad6f-14c21845c3d6,3010.14,3011,99000000,512000000,
2025-12-07 05:15:49.890,5138ae02-b39f-4ac8-aae5-3cc5b845f30c,3010.49,3011,100000000,512000000,
2025-12-07 05:15:49.888,2fa5c92b-1bef-4739-ac16-97a12bb3ef4c,3123.14,3124,99000000,512000000,
2025-12-07 05:15:49.882,fa40b2c2-ac1c-4740-8ebb-0b100f914659,2956.53,2957,98000000,512000000,
2025-12-07 05:15:49.881,c7d54e9c-f563-49d5-b7ac-4cdd9b8d73da,2041.64,2042,104000000,512000000,
2025-12-07 05:15:49.880,2dd8b279-3853-482c-923b-9e2b2f2eb6ff,2992.97,2993,100000000,512000000,
2025-12-07 05:15:49.879,bde007bc-2de9-46eb-9af8-fd28dc62c472,2988.74,2989,100000000,512000000,
2025-12-07 05:15:49.876,bbfe1832-81d2-45ef-bb25-31cca93afba3,2925.73,2926,100000000,512000000,
2025-12-07 05:15:49.875,fbc98737-978c-4997-aa64-ef89395f0f17,2907.01,2908,99000000,512000000,
2025-12-07 05:15:49.873,cabb99d0-1afc-4697-a68e-957220ffff06,2905.53,2906,99000000,512000000,
2025-12-07 05:15:49.872,9d260324-1f67-4dfe-9d71-f2282741bdca,2887.97,2888,99000000,512000000,
2025-12-07 05:15:49.870,7bb7807a-8cd2-471b-8908-7c6d1e050f17,3032.3,3033,98000000,512000000,
2025-12-07 05:15:49.865,b8a0931d-078d-4585-b871-55e84cf52ecd,2980.77,2981,100000000,512000000,
2025-12-07 05:15:49.864,20d0ae52-e4e3-4a7b-be5c-30ecfaa854a1,2872.49,2873,99000000,512000000,
2025-12-07 05:15:49.863,ffdbd353-bf9e-49cf-b8de-044d7d9ee3c4,2950.9,2951,98000000,512000000,
2025-12-07 05:15:49.863,cd3793c2-fc9d-4d19-92fc-6c1eb2586597,2988.21,2989,100000000,512000000,
2025-12-07 05:15:49.858,dc9ff52c-1a48-4c49-9653-ad2add0eaeb6,2909.28,2910,99000000,512000000,
2025-12-07 05:15:49.857,7503f5dc-475b-4b97-b21b-9b1699339225,3005.8,3006,99000000,512000000,
2025-12-07 05:15:49.849,188e8414-aaf4-46d9-97a6-d22a9394c234,2861.99,2862,99000000,512000000,
2025-12-07 05:15:49.836,bc783204-a19b-4979-9638-dcf81854338d,3052.72,3053,100000000,512000000,
2025-12-07 05:15:49.835,052f03f0-f95b-426d-b07a-bf31ec981a2e,3050.11,3051,100000000,512000000,
2025-12-07 05:15:49.832,b120cb4d-7b5c-4e22-b046-70e3c5553247,2964.12,2965,98000000,512000000,
2025-12-07 05:15:49.830,0e910371-29f3-47c4-a8c1-26452d542e9a,2926.53,2927,98000000,512000000,
2025-12-07 05:15:49.827,0d7fafe0-9013-440b-afda-c53406508a0b,2218.75,2219,104000000,512000000,
2025-12-07 05:15:49.822,3f51e271-18bf-46c0-b444-05ece9cc1d5e,2972.99,2973,100000000,512000000,
2025-12-07 05:15:49.821,b1bdca51-5a09-478f-8d1a-4bba23376d81,2971.84,2972,99000000,512000000,
2025-12-07 05:15:49.820,b25df18b-3347-46c3-a69c-6fc8de4dbadf,3040.08,3041,100000000,512000000,
2025-12-07 05:15:49.820,d1cd097a-4fc6-4401-8174-8e3367aa9609,2895.14,2896,99000000,512000000,
2025-12-07 05:15:49.815,a32e3c3a-8d61-43bf-ad17-072c581c2468,3006.92,3007,99000000,512000000,
2025-12-07 05:15:49.812,e6641839-c5b5-4a3f-8aa1-d622e5d443de,2872.22,2873,98000000,512000000,
2025-12-07 05:15:49.806,76af2e3e-7db0-4e4f-b377-671a2e5fa711,3011.15,3012,99000000,512000000,
2025-12-07 05:15:49.805,8dc86bde-cf22-4dda-b522-37a100971af4,2928.46,2929,100000000,512000000,
2025-12-07 05:15:49.803,ac53b0ee-a1a7-4e8b-bcc8-f515c0ba8851,2970,2970,100000000,512000000,
2025-12-07 05:15:49.802,d4616923-646b-4784-8265-76e9ec996c48,2880.81,2881,99000000,512000000,
2025-12-07 05:15:49.802,7c3ab8d5-cd41-4aff-831d-04d1a97b53e2,2851.07,2852,100000000,512000000,
2025-12-07 05:15:49.781,29141367-8001-4800-884a-a5fa0c441f86,2818.59,2819,100000000,512000000,
2025-12-07 05:15:49.779,a373e7b0-a9ee-48a1-9817-c4cfb8a6700f,2928.23,2929,100000000,512000000,
2025-12-07 05:15:49.758,b185a67c-1274-40b4-b159-f67131232f51,2834.11,2835,99000000,512000000,
2025-12-07 05:15:49.748,edb9e7c2-cf0b-485b-acfc-0e64220d4609,2933.03,2934,100000000,512000000,
2025-12-07 05:15:49.745,161cc51f-0c69-41c4-97d5-e9f658b36f67,2874.69,2875,100000000,512000000,
2025-12-07 05:15:49.742,3a1fd82e-9129-47cb-8583-6b4fddb18553,3026.23,3027,100000000,512000000,
2025-12-07 05:15:49.739,e83175ac-1c4b-4d8d-a2e2-4de911a5b55e,2221.06,2222,104000000,512000000,
2025-12-07 05:15:49.723,7bbcb6e1-326b-4992-958f-cfc0cdd35ed7,2889.57,2890,100000000,512000000,
2025-12-07 05:15:49.723,1aeab052-0395-46e3-ba32-55ed592a3a54,2667.57,2668,100000000,512000000,
2025-12-07 05:15:49.722,73241cd2-d2c9-470b-9166-ad80cdf2da5e,2938.14,2939,100000000,512000000,
2025-12-07 05:15:49.722,8560d425-926b-4855-afb2-11c38d7dbd6d,3057.38,3058,99000000,512000000,
2025-12-07 05:15:49.717,a307e9f5-44ce-43b2-a47f-ee74a7331b10,2985.33,2986,99000000,512000000,
2025-12-07 05:15:49.716,98fafb60-a7b2-413b-9af0-3acacdf6707f,2816.33,2817,98000000,512000000,
2025-12-07 05:15:49.708,9c6bbc85-2674-4231-a95f-de80f93ecd55,2975.69,2976,100000000,512000000,
2025-12-07 05:15:49.706,65fc67ab-eb06-4b72-9eaf-383a7dfd16c4,2846.55,2847,100000000,512000000,
2025-12-07 05:15:49.705,a4f096a0-78a0-4e71-a85b-e1daffb8c605,3028.91,3029,100000000,512000000,
2025-12-07 05:15:49.697,660d0d46-57ea-4319-a7e3-c0bc2600d5f8,2972.76,2973,98000000,512000000,
2025-12-07 05:15:49.687,19989816-ccc7-403e-8864-4992e2e2f2a7,2972.07,2973,99000000,512000000,
2025-12-07 05:15:49.678,3f55442c-7984-4474-aebf-2e703282fa6a,2980.53,2981,99000000,512000000,
2025-12-07 05:15:49.676,0ce1536b-1a17-4653-b979-684055fb7368,2837.54,2838,98000000,512000000,
2025-12-07 05:15:49.675,918a9055-33ba-479d-aa59-4b83b05b14ef,2952.98,2953,98000000,512000000,
2025-12-07 05:15:49.662,c9440b73-df15-41e0-8763-e0e6a52fa9c0,2971.06,2972,100000000,512000000,
2025-12-07 05:15:49.636,78ef8896-5b17-4612-a4f8-19a3b3d28e0e,2907.1,2908,99000000,512000000,
2025-12-07 05:15:49.597,7ff7f8d9-6ccb-4bb8-8dc6-3940e81da363,2992.49,2993,99000000,512000000,
2025-12-07 05:15:49.592,0aa23a72-f702-4a38-a0b0-81fd830965da,2134.65,2135,104000000,512000000,
2025-12-07 05:15:49.591,d62a4e26-2185-471a-8a25-b6b57d41a81b,2891.92,2892,100000000,512000000,
2025-12-07 05:15:49.586,10ecae59-e9c6-4ea3-b4f9-e4ec6e5e56b8,2083.24,2084,104000000,512000000,
2025-12-07 05:15:49.582,f9242a10-47d1-42f3-a833-2fa35026a01c,2120.4,2121,104000000,512000000,
2025-12-07 05:15:49.576,37dffa7a-7e9b-4e38-ae63-9cf940ec447a,2931.35,2932,99000000,512000000,
2025-12-07 05:15:49.571,35401a69-4ac3-4d4f-8312-e04fc8db37e6,2853.97,2854,99000000,512000000,
2025-12-07 05:15:49.551,fcb1f679-cc44-43e8-a128-ecd7e0a7cdf1,2795.63,2796,98000000,512000000,
2025-12-07 05:15:49.547,859d60ad-1cb3-45f9-bdd3-236e7676f22c,2888.89,2889,100000000,512000000,
2025-12-07 05:15:49.532,f04e097a-c108-4c9a-80ba-d529cb35ed1d,2912.88,2913,100000000,512000000,
2025-12-07 05:15:49.521,e395477a-652c-43b7-a2a1-208332a87ebf,2894.68,2895,100000000,512000000,
2025-12-07 05:15:49.505,73351fc4-f0f8-4310-ba65-8f00965165cd,2788.52,2789,100000000,512000000,
2025-12-07 05:15:49.484,569ad344-31c8-441f-85fc-b040f744b927,2120.55,2121,102000000,512000000,
2025-12-07 05:15:49.472,da8e6c84-e3f9-4c2c-beec-787b570bc12a,2108.31,2109,104000000,512000000,
2025-12-07 05:15:49.465,34159e71-0956-4f40-af9e-5292a7853187,2122.29,2123,104000000,512000000,
2025-12-07 05:15:49.456,2476973f-a7c0-4535-a68f-fcb1b7b41e56,2108.8,2109,104000000,512000000,
2025-12-07 05:15:49.425,5b52499e-8029-4e5a-b053-c21ce01451e5,1958.1,1959,104000000,512000000,
2025-12-07 05:15:49.410,5b306c34-c8a7-43ba-ab15-114789e649a7,2055.88,2056,104000000,512000000,
2025-12-07 05:15:49.393,456d51c1-0e45-4d60-8c81-f0cb190d82ad,2093.84,2094,104000000,512000000,
2025-12-07 05:15:49.390,5ea96c1a-2e6b-4a3b-a918-c48ac22435e5,1984.75,1985,103000000,512000000,
2025-12-07 05:15:49.390,7e0fc82d-15f5-433e-849b-6d99c632558f,1993.55,1994,100000000,512000000,
2025-12-07 05:15:49.364,eb0bc5a6-a803-47e8-be84-8cb9a22d9ea4,2015.95,2016,105000000,512000000,
2025-12-07 05:15:49.358,be114d42-71dc-4ef6-9904-32f3ef09c8f7,2637.66,2638,100000000,512000000,
2025-12-07 05:15:49.358,211b65b5-2d3d-4142-bd7b-1e478bd45ee6,2814.13,2815,99000000,512000000,
2025-12-07 05:15:49.319,17d26efe-163e-42f1-937d-8b7eb151e690,2650.48,2651,99000000,512000000,
2025-12-07 05:15:49.315,cbe2481b-d595-44b3-89ca-8d6c19977369,2644.89,2645,100000000,512000000,
2025-12-07 05:15:49.300,9e72e982-5123-49cc-80d7-0026db04b9b6,2638.54,2639,100000000,512000000,
2025-12-07 05:15:49.292,3596d5b3-da25-4609-b7cd-5e99d75547d9,2672.1,2673,100000000,512000000,
2025-12-07 05:15:49.268,7a0593b4-cb6b-4c38-a7b4-5ced9783d113,2632.92,2633,100000000,512000000,
2025-12-07 05:15:49.260,b719e231-4165-4051-b051-95469249b07e,2641.94,2642,100000000,512000000,
2025-12-07 05:15:49.257,b22e3ad0-e31b-4baf-be6b-09c195f2d88b,2633.99,2634,99000000,512000000,
2025-12-07 05:15:49.237,c18daf4e-223a-46fb-a346-a770d260a681,2030.61,2031,102000000,512000000,
2025-12-07 05:15:49.234,93c22922-9f87-4224-8d82-41a79ef52a65,2658.59,2659,100000000,512000000,
2025-12-07 05:15:49.220,f24d5e1e-4fde-45ae-b691-635c00377fad,1996.91,1997,104000000,512000000,
2025-12-07 05:15:49.214,032f8c0f-40f4-4fa4-9b13-c78dbc7c974a,1939.45,1940,104000000,512000000,
2025-12-07 05:15:49.212,ea1e85ba-537f-4e66-bf35-509cafe8b5c2,2526.97,2527,100000000,512000000,
2025-12-07 05:15:49.211,f8951f33-f93b-442a-ae1a-3670fc32a2fd,1998.5,1999,102000000,512000000,
2025-12-07 05:15:49.207,c18560f2-3f11-4b09-8cd9-7d3a13834792,2024.87,2025,104000000,512000000,
2025-12-07 05:15:49.199,f66eb0ef-9b31-4a09-8c41-0f8dc08b1b27,1952.91,1953,104000000,512000000,
2025-12-07 05:15:49.197,932e5b0d-80f3-42af-81a0-9e2eb9ffe5c3,1997.79,1998,105000000,512000000,
2025-12-07 05:15:49.187,3f18ab0c-343b-4e85-b89c-1691512daaf2,2034.47,2035,104000000,512000000,
2025-12-07 05:15:49.174,b599ce89-8ac9-44c9-9c4f-4b9855c5d42a,1993.73,1994,103000000,512000000,
2025-12-07 05:15:49.166,458f5e27-e41f-49a1-8e83-701f6482221c,1892.39,1893,103000000,512000000,
2025-12-07 05:15:49.150,1dbae0ca-d027-49e5-bc60-01c9dffa861c,1970.33,1971,104000000,512000000,
2025-12-07 05:15:49.147,bc359610-a0c3-4270-9b70-5f95cb07722a,1998.5,1999,104000000,512000000,
2025-12-07 05:15:49.124,0c5d7741-c7a8-4f3d-84ec-ffab507bf4e1,1979.52,1980,104000000,512000000,
2025-12-07 05:15:49.124,e7318c48-3a4a-4536-9042-39d79bf01485,1952.91,1953,104000000,512000000,
2025-12-07 05:15:49.121,45172181-96eb-4c98-8243-12fec65431a6,2961.09,2962,99000000,512000000,
2025-12-07 05:15:49.102,551e7376-1c98-4b2f-8db3-47b96c2e9249,2010.56,2011,104000000,512000000,
2025-12-07 05:15:49.098,09780ced-8c3f-4203-b6d8-3f2e6cf878c0,1951.98,1952,104000000,512000000,
2025-12-07 05:15:49.095,d82cbc34-cb65-4e63-8efd-0e96bae2aaf0,1934.83,1935,104000000,512000000,
2025-12-07 05:15:49.094,10f4df4a-421b-4cfc-bec6-80bc31b74be1,1954.66,1955,104000000,512000000,
2025-12-07 05:15:49.093,03702cd1-48bb-4e08-aa02-8493ceed1a54,1921.98,1922,104000000,512000000,
2025-12-07 05:15:49.073,f9ff8325-fac5-4349-9aec-a8e1a6cf44dc,1934.76,1935,103000000,512000000,
2025-12-07 05:15:49.063,5f1b6159-bd5e-4742-8aba-824a1ca68c90,1957.23,1958,104000000,512000000,
2025-12-07 05:15:49.062,dc4dcfa0-e091-488c-81a6-7afd79380bfc,1933.34,1934,103000000,512000000,
2025-12-07 05:15:49.059,119b01df-1c92-41b3-a040-570e0c736add,1939.43,1940,104000000,512000000,
2025-12-07 05:15:49.055,42305255-a44a-40ec-9add-b5900876aa81,1902.49,1903,104000000,512000000,
2025-12-07 05:15:49.017,6ca1d683-4e1a-45e5-8f38-af368afc8900,1912.98,1913,103000000,512000000,
2025-12-07 05:15:49.011,a3f5f3bb-5dba-428e-8502-2cd6153e061d,2739.55,2740,100000000,512000000,
2025-12-07 05:15:48.974,9afa69f8-9261-4dbd-a834-05e76de0aa10,1912.33,1913,104000000,512000000,
2025-12-07 05:15:48.970,d72eb725-08a1-45b6-b590-a6e256b7ca41,1917.53,1918,104000000,512000000,
2025-12-07 05:15:48.968,67242943-3cf8-476c-8343-f8efff6ce1df,1895.19,1896,104000000,512000000,
2025-12-07 05:15:48.961,6120f904-11f9-465b-bb69-4e6144d8d071,1858.93,1859,103000000,512000000,
2025-12-07 05:15:48.933,29584d22-2354-450d-b5cc-077cc712e485,2800.24,2801,100000000,512000000,
2025-12-07 05:15:48.922,15024e6f-4844-4a94-9706-f67c92af1852,1840.8,1841,103000000,512000000,
2025-12-07 05:15:48.908,1bd1deb7-1715-42fc-8a64-bc5a41bc52d6,2595.97,2596,99000000,512000000,
2025-12-07 05:15:48.879,44698dbd-7f91-4b8e-a07f-969519ae9034,1879.01,1880,104000000,512000000,
2025-12-07 05:15:48.866,3b7b3807-e880-49ba-ae2c-2a0e0f8eb793,1861.97,1862,104000000,512000000,
2025-12-07 05:15:48.860,089a0838-9f71-41e1-af17-8d5206623b65,2662.45,2663,100000000,512000000,
2025-12-07 05:15:48.859,df509e74-a909-4512-ad41-67e27b7582a4,2857,2858,99000000,512000000,
2025-12-07 05:15:48.851,9df12b80-9bd4-45df-82f9-2618790fe34a,2690.23,2691,98000000,512000000,
2025-12-07 05:15:48.847,c6f7bb76-790b-4066-90fb-93c0fd237854,2587.86,2588,100000000,512000000,
2025-12-07 05:15:48.839,97d15dd6-375a-4d49-b140-a90f4b1c280d,1876.9,1877,104000000,512000000,
2025-12-07 05:15:48.809,8a2f4e1a-b1bf-430e-aca5-fd88712bc052,1881.64,1882,104000000,512000000,
2025-12-07 05:15:48.809,75ea5891-7b06-4096-b1e0-9d5f092a93f3,1854.11,1855,104000000,512000000,
2025-12-07 05:15:48.803,42e012bf-b2fa-4958-b070-eb5e20ebfe12,1840.69,1841,104000000,512000000,
2025-12-07 05:15:48.796,ca8086e7-bfb9-4de2-873c-87df71b810f5,1835.65,1836,103000000,512000000,
2025-12-07 05:15:48.719,eac9624f-14ff-4c61-89c7-5cae662dcbfd,1819.59,1820,105000000,512000000,
2025-12-07 05:15:48.715,ed2d2d3b-40c4-4685-974c-12e14ee209b3,1868.06,1869,104000000,512000000,
2025-12-07 05:15:48.702,596a5b4e-a8d8-4c57-9252-66b7369c77a1,1817.44,1818,104000000,512000000,
2025-12-07 05:15:48.702,3f880ec5-5247-479a-8ed6-83f023016cec,1816.41,1817,104000000,512000000,
2025-12-07 05:15:48.671,b3aff2b3-c905-46da-b9d7-0db6847fea0c,2789.29,2790,98000000,512000000,
2025-12-07 05:15:48.644,fa9acc5e-58c3-40b6-98bc-0fc23f619c9a,2738.39,2739,100000000,512000000,
2025-12-07 05:15:48.640,ef286fe4-4be5-45b0-a209-f1270579ddce,1793.38,1794,104000000,512000000,
2025-12-07 05:15:48.606,d20ce47a-0976-4c81-b614-6b8aa8e8332b,2726.25,2727,98000000,512000000,
2025-12-07 05:15:48.606,3b261731-ba42-4cb2-b4d8-6bc89da54c6f,2681.12,2682,100000000,512000000,
2025-12-07 05:15:48.602,3db47551-cde6-49b3-8c4b-c75afa6e0114,2673.25,2674,100000000,512000000,
2025-12-07 05:15:48.517,710fc036-bcd5-4f3d-b671-034196296a85,2705.38,2706,100000000,512000000,
2025-12-07 05:15:48.492,4f23c9c7-e638-41b0-9f69-79fa72ae48af,2654.07,2655,100000000,512000000,
2025-12-07 05:15:48.491,26406f91-5cd5-4241-a76f-56e417baa183,2600.06,2601,98000000,512000000,
2025-12-07 05:15:48.484,69616f5e-4975-4682-b76c-5bb3e4548fb2,2647.22,2648,99000000,512000000,
2025-12-07 05:15:48.479,e2b612ee-a5c4-4360-a1b5-c31c433ed650,2609.45,2610,99000000,512000000,
2025-12-07 05:15:48.467,aa588af5-1e06-4447-9f36-5c156102d495,2546.41,2547,100000000,512000000,
2025-12-07 05:15:48.454,b74e0b52-50ce-45eb-b699-99cacdc0f82e,2583.49,2584,100000000,512000000,
2025-12-07 05:15:48.420,ae67fcee-a0d2-4dda-8cb1-c509d0a20a86,2671.91,2672,99000000,512000000,
2025-12-07 05:15:48.414,f40142c1-5c49-44f7-a98d-e31d9386a6b3,2611.09,2612,100000000,512000000,
2025-12-07 05:15:48.402,03a525d2-12d1-45a6-bea0-e6b07b420a98,2645.06,2646,98000000,512000000,
2025-12-07 05:15:48.395,2c50c24b-e72d-4cd2-8982-9315cfc32303,2570.35,2571,98000000,512000000,
2025-12-07 05:15:48.392,787782b8-5442-44ce-ae3e-f2eadac36f46,2541.89,2542,99000000,512000000,
2025-12-07 05:15:48.381,783fbb0a-9516-4fa4-9e5c-13ccfaba6e6c,2588.33,2589,99000000,512000000,
2025-12-07 05:15:48.374,97d8399a-3410-42ec-84a8-08754ca0d74a,2573.98,2574,99000000,512000000,
2025-12-07 05:15:48.374,1f727b0b-74f7-4a8f-b95e-360f1942a696,2615.25,2616,100000000,512000000,
2025-12-07 05:15:48.365,9abb41ac-6219-44cc-8887-5d45c3e667e4,2608.02,2609,100000000,512000000,
2025-12-07 05:15:48.361,bfd0ca20-6871-460b-9b81-d6b2d519c6d3,2551.54,2552,99000000,512000000,
2025-12-07 05:15:48.358,22818b67-be26-4a5f-95c4-ded37ed4ea75,2613.58,2614,99000000,512000000,
2025-12-07 05:15:48.357,b79d813b-aa6a-4f6a-9807-90134577f642,2628.26,2629,99000000,512000000,
2025-12-07 05:15:48.355,9c7a896a-44e3-4a14-9eaa-9679c7f10815,2561.92,2562,100000000,512000000,
2025-12-07 05:15:48.353,7ea9fcd1-5b5f-44f6-8385-ae5cfba37f6a,2573.39,2574,99000000,512000000,
2025-12-07 05:15:48.340,20d26b35-792f-4d46-86dc-e4dc2b6c49ee,2573.59,2574,100000000,512000000,
2025-12-07 05:15:48.321,4b371052-ea86-424e-b204-cfe3e3c608a6,2568.17,2569,99000000,512000000,
2025-12-07 05:15:48.320,b83f4298-794b-4362-9e7f-d1d01b6f311d,2573.39,2574,100000000,512000000,
2025-12-07 05:15:48.312,fe42791a-2c1d-46c4-837c-27f3d4d31184,2516.3,2517,99000000,512000000,
2025-12-07 05:15:48.293,a8616b44-a787-4189-b3e0-33dc9798cfc5,2531.37,2532,100000000,512000000,
2025-12-07 05:15:48.284,3c2e037f-f86a-46cc-9d52-cc5f77a3f620,2524.91,2525,99000000,512000000,
2025-12-07 05:15:48.282,349b9d9c-d6f3-4725-9841-3de0f5641d91,2552.76,2553,98000000,512000000,
2025-12-07 05:15:48.277,0e1fc564-a629-4b02-82a3-850b6245baaf,2533.31,2534,99000000,512000000,
2025-12-07 05:15:48.265,7d89390a-3fbf-4b71-8b72-134a7bb2fabe,2551.6,2552,100000000,512000000,
2025-12-07 05:15:48.166,ac044a3e-b303-4522-bb23-007893a6fda2,2473.44,2474,100000000,512000000,
2025-12-07 05:15:48.156,5de187de-8746-4a47-b958-7a63d7248517,2493.97,2494,100000000,512000000,
2025-12-07 05:15:48.154,9749a8e3-8301-4429-9dd0-a46f2cb3eb13,2465.72,2466,100000000,512000000,
2025-12-07 05:15:48.152,45779f01-b030-444c-9b37-c708be368798,2462.15,2463,99000000,512000000,
2025-12-07 05:15:48.143,0288f062-6b16-4ab2-8ffc-c0bfddae59c5,2484.28,2485,100000000,512000000,
2025-12-07 05:15:48.134,c8dc5f02-f3be-41ae-bcba-7d75c05c3ded,2035.49,2036,98000000,512000000,
2025-12-07 05:15:48.122,3bd55212-7b92-4df7-b840-6fe528613dc4,2429.18,2430,99000000,512000000,
2025-12-07 05:15:48.062,87acc3fc-b441-4b6f-8723-ebe55d0fc04c,2417.18,2418,100000000,512000000,
2025-12-07 05:15:47.879,90b9cedf-449f-4ed2-bf81-cdf9c3dfda3f,2306.34,2307,99000000,512000000,
2025-12-07 05:15:47.852,1d6d421f-98bf-49ec-aeff-90c6362820ff,2327.06,2328,100000000,512000000,
2025-12-07 05:15:47.839,d45ca165-4cc3-4df2-a8c3-7db97c747571,2302.93,2303,99000000,512000000,
2025-12-07 05:15:47.687,9516e81e-90dc-4134-8c4f-547045a9400c,3494.69,3495,96000000,512000000,
2025-12-07 05:15:47.654,12f6d4e1-bd8a-44a5-8f9f-6827949ec30c,3218.47,3219,96000000,512000000,
2025-12-07 05:15:47.621,86e75821-5dea-4f89-acf4-d98caef7c3df,2121.84,2122,99000000,512000000,
2025-12-07 05:15:47.611,1aa98795-9a42-4b13-980f-673fc7704a5c,3172.64,3173,96000000,512000000,
2025-12-07 05:15:47.601,507b50fd-2f41-4a01-bd44-2027beecedab,2106.83,2107,100000000,512000000,
2025-12-07 05:15:47.515,cc5606e7-4a3e-4a0f-a8c3-554b5d7155b9,3377.57,3378,96000000,512000000,
2025-12-07 05:15:47.497,152e80ad-4ff6-4d67-9707-2caa693c66bc,2113.49,2114,100000000,512000000,
2025-12-07 05:15:47.480,0a5d1d74-531e-4770-9dcb-3523eaa72bc7,3501.78,3502,96000000,512000000,
2025-12-07 05:15:47.478,f8020d87-655d-40a1-81bb-93f84954971a,3353.86,3354,97000000,512000000,
2025-12-07 05:15:47.474,54583d6d-1373-4765-9350-1e5b33050eae,3412.32,3413,97000000,512000000,
2025-12-07 05:15:47.461,124d4385-f72c-428c-a860-fdd9cea4642f,2046.09,2047,100000000,512000000,
2025-12-07 05:15:47.460,27d82019-6b02-4995-bbde-c0980f4a87db,2100.64,2101,100000000,512000000,
2025-12-07 05:15:47.447,b1d1c0c3-501a-46fb-9c54-400f6d86462e,2052.55,2053,100000000,512000000,
2025-12-07 05:15:47.441,806f7e91-91bb-43fd-9fe6-20a6e8bfafb0,2016.23,2017,98000000,512000000,
2025-12-07 05:15:47.416,4cb7ca31-419f-43f6-80a5-5633b304a1f9,3268.14,3269,97000000,512000000,
2025-12-07 05:15:47.391,28714f86-fd3b-4419-b264-dec996cfe09e,3391.96,3392,97000000,512000000,
2025-12-07 05:15:47.390,41c6e8b6-ae97-484d-8250-16dc47c00c0b,2069.78,2070,99000000,512000000,
2025-12-07 05:15:47.376,b0c086ea-a37d-4239-b7fc-6fef46129707,1949.29,1950,99000000,512000000,
2025-12-07 05:15:47.374,234f933b-c779-4141-a319-d5abf2a52e29,3393.15,3394,97000000,512000000,
2025-12-07 05:15:47.359,9c55a1ce-7f22-4815-bd0e-9ea32655a50d,3287.44,3288,96000000,512000000,
2025-12-07 05:15:47.353,317b559d-0351-4628-95dd-be507ece0854,2016.81,2017,100000000,512000000,
2025-12-07 05:15:47.346,9e8483fb-44fd-4932-b827-49064c2b035c,1949.3,1950,100000000,512000000,
2025-12-07 05:15:47.345,230bcbbc-ae23-4200-aae9-b24797f0c787,2005.46,2006,100000000,512000000,
2025-12-07 05:15:47.345,cfa66d0a-8310-4ade-9871-6003334c12af,2030.27,2031,99000000,512000000,
2025-12-07 05:15:47.337,bf3acecf-f212-4783-bbed-4e0ef0ea0425,2028.28,2029,100000000,512000000,
2025-12-07 05:15:47.329,294b7ec2-ca38-41a6-a664-8ad997616e61,1902.17,1903,99000000,512000000,
2025-12-07 05:15:47.319,d6c16da4-3e6d-437d-a5c0-b1b31f1b3270,1989.63,1990,100000000,512000000,
2025-12-07 05:15:47.318,89e05f30-c363-425c-9f1c-96808bccdc10,3315.05,3316,96000000,512000000,
2025-12-07 05:15:47.317,dc5fc867-e9f4-4b5c-b660-c0089ebe092e,3176.03,3177,97000000,512000000,
2025-12-07 05:15:47.288,cd3ee448-19ef-48b7-8bb0-4c6ed4e5f54b,3295.83,3296,97000000,512000000,
2025-12-07 05:15:47.281,c40800ab-d0f7-4af8-ba67-94a460f78db8,3235.1,3236,97000000,512000000,
2025-12-07 05:15:47.279,220e89f5-a5d8-4040-9f03-67291bbfc117,3400.28,3401,97000000,512000000,
2025-12-07 05:15:47.276,a6ba4471-774b-447b-a01a-159ddabc0fcb,3336.05,3337,96000000,512000000,
2025-12-07 05:15:47.274,4bf87ab7-7a6e-487a-bd68-cb3b3a2d3334,1956.86,1957,100000000,512000000,
2025-12-07 05:15:47.274,ad2bef24-9c39-435e-bb95-19c91a8693e2,3285.89,3286,96000000,512000000,
2025-12-07 05:15:47.270,29972d98-47f8-4c97-ad60-53c7ac21a5c1,3330.8,3331,97000000,512000000,
2025-12-07 05:15:47.267,e4a596bf-3fa9-4746-a207-8f068e152b76,3289.26,3290,96000000,512000000,
2025-12-07 05:15:47.260,292ae8f0-02a4-498a-bb5c-f8f8e7c056ca,1871.14,1872,99000000,512000000,
2025-12-07 05:15:47.249,2c62c9dd-56c0-4e30-953a-78549121cb84,3211.6,3212,96000000,512000000,
2025-12-07 05:15:47.249,3daf251b-5a5f-47bc-9d56-bff8de23868a,1905.58,1906,99000000,512000000,
2025-12-07 05:15:47.221,96efd6e4-5e69-42ea-882a-8a7c926afcee,3280.23,3281,96000000,512000000,
2025-12-07 05:15:47.214,fae9cbc6-b25f-4dba-8a86-c9e766df430c,1911.86,1912,99000000,512000000,
2025-12-07 05:15:47.202,b60c81c1-f6de-43f9-9b46-8b3139fb7a3e,3320.36,3321,96000000,512000000,
2025-12-07 05:15:47.194,6816dfa1-7bfb-4763-bd6e-a910e6908be8,2016.32,2017,98000000,512000000,
2025-12-07 05:15:47.191,014f908f-dce3-4976-b4d5-f6cdea44175e,1929.33,1930,99000000,512000000,
2025-12-07 05:15:47.190,21b767c6-f134-4c3c-bf08-9bbeb695562f,3296.47,3297,97000000,512000000,
2025-12-07 05:15:47.186,30ca7a4f-616b-44d0-bf53-dbd06acd6850,1932.78,1933,98000000,512000000,
2025-12-07 05:15:47.185,31585b83-49db-4a74-ac29-8fac984972d4,3076.42,3077,97000000,512000000,
2025-12-07 05:15:47.183,f68b0298-fd14-458a-92bd-983a9a897b36,3203.22,3204,97000000,512000000,
2025-12-07 05:15:47.181,fa6fa61d-4d5d-44ca-a57d-d74716b7aa57,3204.25,3205,97000000,512000000,
2025-12-07 05:15:47.178,e08e00a2-293f-435e-88cc-8ae575333d6c,1935.56,1936,99000000,512000000,
2025-12-07 05:15:47.166,f0e21a16-650c-4f44-803a-ea7bea51ea13,1919.69,1920,99000000,512000000,
2025-12-07 05:15:47.163,f04246fe-0ccd-43f1-9afa-497c42396cb9,1906.9,1907,99000000,512000000,
2025-12-07 05:15:47.162,8aeaf315-28fc-422e-878e-00643ead21d4,1905.96,1906,99000000,512000000,
2025-12-07 05:15:47.162,ef5ef147-2add-4ee8-ab00-e9c29a86e203,3280.64,3281,97000000,512000000,
2025-12-07 05:15:47.162,ccd8533d-0846-4f94-b2ed-b4b8fc7124b4,1930,1931,99000000,512000000,
2025-12-07 05:15:47.161,835debd0-2b5c-4b67-a96c-7e6725fb0914,3185.45,3186,97000000,512000000,
2025-12-07 05:15:47.160,14329c84-0dd0-4a06-b12e-a3c113a9fa60,3262.5,3263,97000000,512000000,
2025-12-07 05:15:47.157,21c5dca4-4858-4544-bdee-2d93ea7b51f1,1886.65,1887,100000000,512000000,
2025-12-07 05:15:47.155,45c36f50-6aea-40c9-b195-5465eec78b31,3136.82,3137,96000000,512000000,
2025-12-07 05:15:47.151,2c635350-8304-421e-889f-9b8e4989204b,1879.05,1880,100000000,512000000,
2025-12-07 05:15:47.147,8ae8c0b4-2653-4362-a1d5-16c91c180923,3170.27,3171,97000000,512000000,
2025-12-07 05:15:47.147,eba4f9f9-02fb-450a-8238-06e3d7171332,3143.14,3144,97000000,512000000,
2025-12-07 05:15:47.146,98f078d2-1ad2-4984-ac5e-72acc4cdf208,3253.11,3254,97000000,512000000,
2025-12-07 05:15:47.143,a19e3983-7b56-49db-9d59-c5edeafc8307,1889.3,1890,100000000,512000000,
2025-12-07 05:15:47.142,4d352572-a9ae-4857-be61-457d7db09fd7,1910.24,1911,100000000,512000000,
2025-12-07 05:15:47.134,e3c09a65-7b4d-4a62-8636-9f5fc9ee7483,3335.81,3336,96000000,512000000,
2025-12-07 05:15:47.132,dfacf872-a968-4a52-8449-cca403950e15,1892.99,1893,99000000,512000000,
2025-12-07 05:15:47.131,65e970f2-1214-4740-90b0-f0c9bd642ce0,3320.93,3321,97000000,512000000,
2025-12-07 05:15:47.131,3ca74423-895c-4b56-b244-470679729bbc,1891.55,1892,99000000,512000000,
2025-12-07 05:15:47.128,1cb72c32-6a20-49a9-9150-a221c9db7649,3244.56,3245,96000000,512000000,
2025-12-07 05:15:47.128,4eb676f7-daef-4fa6-9913-c128858cffdd,1890.56,1891,98000000,512000000,
2025-12-07 05:15:47.123,e2215ff2-a659-4567-b8e9-4090f91a758a,1848.26,1849,99000000,512000000,
2025-12-07 05:15:47.123,61025373-b8c4-46dc-aabf-054d3d474b76,1885.05,1886,100000000,512000000,
2025-12-07 05:15:47.122,c194868f-4ba9-451b-a918-1fd3ec50a7b5,3256.58,3257,97000000,512000000,
2025-12-07 05:15:47.121,0b80c08d-2a0b-4fbb-aee3-ce97413fe56c,3142.38,3143,97000000,512000000,
2025-12-07 05:15:47.118,b08f419f-1ae9-4647-8c8b-4386dd23caaa,3222.55,3223,97000000,512000000,
2025-12-07 05:15:47.118,979c389e-a13c-45f1-b193-f606356cd71c,1855.74,1856,99000000,512000000,
2025-12-07 05:15:47.115,7495369d-a68d-4861-810e-bf6deaf7c754,3215.91,3216,97000000,512000000,
2025-12-07 05:15:47.115,3d3cffe1-589f-41e4-84eb-f64eff7e51cc,3232.7,3233,97000000,512000000,
2025-12-07 05:15:47.114,82afb954-deae-4cb6-8a5d-05f9f5876b9d,1890.06,1891,100000000,512000000,
2025-12-07 05:15:47.110,db078d9b-3818-48f1-a617-a73f63c28d16,3291.22,3292,97000000,512000000,
2025-12-07 05:15:47.105,92fa151d-f7e1-4251-850b-fff0a3301a00,3195.06,3196,97000000,512000000,
2025-12-07 05:15:47.099,b156c395-917c-49d9-8a92-0591becbd0a6,3156.93,3157,97000000,512000000,
2025-12-07 05:15:47.097,f05d3c50-64b0-4081-ab56-bbca76131545,1869.94,1870,99000000,512000000,
2025-12-07 05:15:47.095,a446c199-5816-41a1-b8c5-ae93631161fd,1851.58,1852,98000000,512000000,
2025-12-07 05:15:47.094,2f2604bc-146e-4771-9e4a-2bcea18a42bd,3110.08,3111,96000000,512000000,
2025-12-07 05:15:47.094,510b5660-4680-4261-aa91-557c03500fa9,3195.89,3196,96000000,512000000,
2025-12-07 05:15:47.094,10793a8b-67ac-4fe6-8496-facce247d86e,3087.44,3088,96000000,512000000,
2025-12-07 05:15:47.092,43c3eaf8-f841-4515-bb67-28b4d1cd488f,3221.99,3222,96000000,512000000,
2025-12-07 05:15:47.080,71dfe32e-fa93-4d4f-a423-959c0bb63ceb,3138.63,3139,97000000,512000000,
2025-12-07 05:15:47.080,a301771f-4d4e-4e7c-aca1-62bcf0f9aa69,3060.99,3061,97000000,512000000,
2025-12-07 05:15:47.079,11bff771-e9fc-478c-bad2-a8e8cbef6eb8,3188.44,3189,96000000,512000000,
2025-12-07 05:15:47.079,176699a7-e741-4e23-92d0-18bea2c402f6,3096.07,3097,96000000,512000000,
2025-12-07 05:15:47.078,6a6892dd-a34d-4328-8428-bbcbdca0e4d9,3256.87,3257,96000000,512000000,
2025-12-07 05:15:47.077,b592b551-da85-477e-8b2d-35203ce980a6,1855.19,1856,98000000,512000000,
2025-12-07 05:15:47.077,444b05d2-e7c5-4cc3-b9d6-a05575789cc4,3191.3,3192,97000000,512000000,
2025-12-07 05:15:47.077,3727ac8c-1344-488f-92cb-7a063f37ce52,1889.57,1890,100000000,512000000,
2025-12-07 05:15:47.074,45acd15f-7fc2-4212-b787-a56e93b581b8,1856.36,1857,99000000,512000000,
2025-12-07 05:15:47.069,1dc4fc8c-4784-4ca6-ae5d-0430476a0ddb,3167.23,3168,97000000,512000000,
2025-12-07 05:15:47.068,515121d0-1cdf-43be-941a-289aac09d233,3076.31,3077,97000000,512000000,
2025-12-07 05:15:47.067,22869fd5-7138-4a3d-b0c9-b7806f9cf57f,3172.15,3173,97000000,512000000,
2025-12-07 05:15:47.066,eb7554cc-f714-473e-8cef-b0c1d6c4faba,3093.65,3094,97000000,512000000,
2025-12-07 05:15:47.066,194853ad-1304-4306-b327-008f8b92b06c,1865.86,1866,99000000,512000000,
2025-12-07 05:15:47.065,c7264002-ffb2-4f07-96ac-e060f5fa9b77,3159.72,3160,97000000,512000000,
2025-12-07 05:15:47.065,af08213e-b33c-4daa-8d83-0a0734c44a24,3077.61,3078,97000000,512000000,
2025-12-07 05:15:47.063,ac9b4923-1d32-4b67-88a9-418cb042e897,3083.91,3084,97000000,512000000,
2025-12-07 05:15:47.062,c4219ed9-a94c-4431-80b1-63a3c9d5818d,3163.84,3164,96000000,512000000,
2025-12-07 05:15:47.061,9aef51b1-155b-439a-ad03-6e43156545e7,3154.69,3155,97000000,512000000,
2025-12-07 05:15:47.059,4a608c79-9377-48e3-81a9-9d08f3ebe785,3052.21,3053,98000000,512000000,
2025-12-07 05:15:47.056,7cf60430-8a50-46ff-828b-4d686a8be9f5,3164.05,3165,97000000,512000000,
2025-12-07 05:15:47.055,389fb796-4239-4986-9dda-58efb1f2de76,3065.77,3066,97000000,512000000,
2025-12-07 05:15:47.051,f6729a51-748c-4a29-b3df-9d4738f0827d,3149.64,3150,97000000,512000000,
2025-12-07 05:15:47.049,8fc9927c-3064-4376-a5a2-7d2ee1edac40,3256.7,3257,96000000,512000000,
2025-12-07 05:15:47.049,3356e030-6330-40a6-ab01-87e7f7b1095b,1868.98,1869,100000000,512000000,
2025-12-07 05:15:47.049,f8c22e6c-130d-46c4-a440-c8141a671f87,3190.2,3191,97000000,512000000,
2025-12-07 05:15:47.049,c6d11d33-8c65-4bf1-a564-c72116b359ba,3188.28,3189,97000000,512000000,
2025-12-07 05:15:47.046,218b844f-3dfb-49e2-8f50-e5475dbc3feb,1870.92,1871,100000000,512000000,
2025-12-07 05:15:47.044,04332436-2352-4a40-9985-6d5861485733,3103.16,3104,96000000,512000000,
2025-12-07 05:15:47.041,6e0fe8cf-13cf-4079-a44c-5b3b97dc9a8e,3056.75,3057,97000000,512000000,
2025-12-07 05:15:47.041,f3b3dee1-6a5e-42ea-9d69-d96d4cf18bb3,3179.59,3180,97000000,512000000,
2025-12-07 05:15:47.039,71c101b0-fa13-40d8-935a-8f985597655d,3048.59,3049,97000000,512000000,
2025-12-07 05:15:47.038,5b354c3f-241f-4c05-9a99-ade08d7983e1,3215.88,3216,97000000,512000000,
2025-12-07 05:15:47.038,b15ad37c-54f3-4bab-9e7e-556d30e91999,3020.69,3021,96000000,512000000,
2025-12-07 05:15:47.038,6d3dc7b2-1b4e-49c3-ae5a-595ea2cc3bbd,3055.71,3056,97000000,512000000,
2025-12-07 05:15:47.037,4e67de4f-541e-4db3-868c-e969431642e5,3173.96,3174,97000000,512000000,
2025-12-07 05:15:47.034,17a5b51b-2aa6-4554-991a-e25eb249dddc,3162.09,3163,97000000,512000000,
2025-12-07 05:15:47.032,9acf14fa-a611-47d4-97b4-1ac64a4df7e2,3136.85,3137,97000000,512000000,
2025-12-07 05:15:47.031,33ef6bf5-339d-404e-9c37-190cef5759bb,3014.76,3015,97000000,512000000,
2025-12-07 05:15:47.030,ac3a654b-125b-4d38-8a4d-87214f0f38dd,3078.84,3079,97000000,512000000,
2025-12-07 05:15:47.029,4f32edeb-f7d3-4653-8b9c-c26ab9a13d10,3014.55,3015,97000000,512000000,
2025-12-07 05:15:47.027,6398a116-5d51-44ed-912d-c597ec091412,3145.51,3146,96000000,512000000,
2025-12-07 05:15:47.027,2c78a8a0-1483-4f65-9812-ac645fc621ff,3122.93,3123,97000000,512000000,
2025-12-07 05:15:47.024,ac9c2b5d-df40-44ef-8a59-1330234d56ab,3045.55,3046,97000000,512000000,
2025-12-07 05:15:47.023,f4b7135b-c49d-430f-94eb-3d09e1325182,3137.72,3138,96000000,512000000,
2025-12-07 05:15:47.023,05d124b9-6edd-44e5-8ee0-30ce0577c0b0,3138.91,3139,96000000,512000000,
2025-12-07 05:15:47.022,335ad8c9-1690-4f43-be28-d7368ac07d73,3134.73,3135,97000000,512000000,
2025-12-07 05:15:47.020,0eba5d8c-70fb-4721-a317-fef95d5f9101,3119.1,3120,96000000,512000000,
2025-12-07 05:15:47.019,c71d76ca-92c1-42eb-be3d-11f9cc6755ea,3122.12,3123,97000000,512000000,
2025-12-07 05:15:47.019,cf9d7527-3ce4-46f3-a967-ee29d05a0d8e,3034.21,3035,97000000,512000000,
2025-12-07 05:15:47.018,059f52a8-8ae0-4354-9570-d71ccdea415d,3135.99,3136,97000000,512000000,
2025-12-07 05:15:47.017,5d871229-3559-438b-b82e-e9eddc221813,3031.12,3032,96000000,512000000,
2025-12-07 05:15:47.017,8fe61a12-2da4-441f-b193-566a154b1f77,3213.63,3214,96000000,512000000,
2025-12-07 05:15:47.016,11907310-e270-4f01-8949-76d08692bad2,3010.74,3011,97000000,512000000,
2025-12-07 05:15:47.016,f07549d0-f393-4379-8c4e-3a04d5424329,3136.45,3137,97000000,512000000,
2025-12-07 05:15:47.013,40aa9e69-beca-4778-96ed-af480d1849bb,2994.57,2995,96000000,512000000,
2025-12-07 05:15:47.013,21ab08ec-c2df-49ee-9cf7-011327801542,2993.44,2994,97000000,512000000,
2025-12-07 05:15:47.010,70ccbb2c-bdb8-4227-a33a-73b0a7d4f7f3,3115.36,3116,97000000,512000000,
2025-12-07 05:15:47.007,9592baa4-0e2d-4b66-b30a-cb796e41b875,3119.65,3120,97000000,512000000,
2025-12-07 05:15:47.007,f95bbaac-5454-4761-87e3-a351b07fed27,3004.92,3005,96000000,512000000,
2025-12-07 05:15:47.007,b392551d-28ff-4dbf-a4c9-b8ffa78fdc3a,3145.99,3146,96000000,512000000,
2025-12-07 05:15:47.006,82d577f4-08c0-4cba-b4c8-42be82b6c2ac,3102.77,3103,97000000,512000000,
2025-12-07 05:15:47.006,95c7b4dd-9316-4329-b73b-d9d37e588187,3190.57,3191,96000000,512000000,
2025-12-07 05:15:47.005,4f893211-84d5-4e26-b43a-79da6a4b2b23,3107.63,3108,96000000,512000000,
2025-12-07 05:15:47.002,4e3abd65-a1c8-4a64-aa69-264db4578c91,3113.53,3114,97000000,512000000,
2025-12-07 05:15:47.002,63d91f3c-8260-4e0e-8962-2df61add429d,3175.12,3176,96000000,512000000,
2025-12-07 05:15:47.001,a3598bef-934a-407c-896c-dbec41e25c2b,3103.93,3104,96000000,512000000,
2025-12-07 05:15:46.999,f93f83b1-57f9-4222-a55b-9cfb6c33cfe7,3113.45,3114,96000000,512000000,
2025-12-07 05:15:46.998,6a851a6c-0216-47d9-bb73-e7105a4b0773,1823.2,1824,100000000,512000000,
2025-12-07 05:15:46.996,28e02a8e-3f1c-4902-a199-14ec3dd47666,3013.41,3014,97000000,512000000,
2025-12-07 05:15:46.996,5591f2a7-b90a-4d19-a54b-72d4d1b85455,3132.31,3133,97000000,512000000,
2025-12-07 05:15:46.994,2e5cc74d-f5df-46f5-8fc6-098188ecb774,3112.88,3113,97000000,512000000,
2025-12-07 05:15:46.994,b2a0d361-b32b-4f24-86e9-91c4510b1bff,3093.13,3094,96000000,512000000,
2025-12-07 05:15:46.994,655e0ae5-7a8f-4ae5-8394-9b1131496e37,2976.66,2977,96000000,512000000,
2025-12-07 05:15:46.994,1a069b01-6ef1-4945-9658-927d922e8fab,3099.44,3100,97000000,512000000,
2025-12-07 05:15:46.993,c3f967a4-788e-4194-b5d4-0892ab1195c5,1835.24,1836,100000000,512000000,
2025-12-07 05:15:46.989,3fa6d926-5a0f-4707-88f8-46b94673a764,3092.63,3093,96000000,512000000,
2025-12-07 05:15:46.988,149c8235-1f78-4939-999b-6b85c1a0e222,3109.62,3110,97000000,512000000,
2025-12-07 05:15:46.988,12e24de6-345c-42d3-a351-87b88475a7e5,2981.22,2982,97000000,512000000,
2025-12-07 05:15:46.987,71a7c151-1e60-4222-b7fc-2a4cdff05e0f,3316.41,3317,96000000,512000000,
2025-12-07 05:15:46.987,bdbfaf6e-f2cc-435e-92da-f24ecbbf178c,2976.38,2977,97000000,512000000,
2025-12-07 05:15:46.986,70ecd702-bf84-4a4f-8504-cff3e359fd14,3085.69,3086,97000000,512000000,
2025-12-07 05:15:46.986,d324f653-f53f-4963-ae09-628231bc6829,2972.12,2973,97000000,512000000,
2025-12-07 05:15:46.985,2e9eb251-6057-4a54-8cdd-16a271a6c8e6,2995.37,2996,97000000,512000000,
2025-12-07 05:15:46.985,9e413587-847f-4d45-8302-c975e0c01469,3099.03,3100,97000000,512000000,
2025-12-07 05:15:46.982,166851ae-e195-4c1f-a3cb-00440dc3d23a,2966.86,2967,97000000,512000000,
2025-12-07 05:15:46.979,6ca6d578-dc4a-4a9d-852a-07376598c283,2974.46,2975,97000000,512000000,
2025-12-07 05:15:46.979,d27b6923-b479-4a71-b604-13c1ef58cfe5,3301.74,3302,97000000,512000000,
2025-12-07 05:15:46.978,0859ed5c-7e0a-4f53-9f74-3ae36fcf7dff,3090.82,3091,96000000,512000000,
2025-12-07 05:15:46.977,0617be9c-2833-4d41-8da8-185083b56627,3156.01,3157,97000000,512000000,
2025-12-07 05:15:46.975,dc3e5c57-0aaf-406f-b254-4ccc3ef66ce3,3074.81,3075,97000000,512000000,
2025-12-07 05:15:46.973,b86be6a5-1aa0-4f10-816c-5e21049e9745,2967.39,2968,97000000,512000000,
2025-12-07 05:15:46.972,75f980a7-ccee-4a31-b989-c5aa954b0f5e,3103.64,3104,97000000,512000000,
2025-12-07 05:15:46.971,dec3baed-f3c1-4eb8-b28c-423c355fd9db,3075.99,3076,97000000,512000000,
2025-12-07 05:15:46.970,46498327-16fe-46d7-8779-7b5bef548c0a,3083.61,3084,96000000,512000000,
2025-12-07 05:15:46.966,2fd8b341-8ee3-4a71-b391-6c76a8d18f56,2951.15,2952,98000000,512000000,
2025-12-07 05:15:46.966,37e8599c-7763-4689-b2c3-0301a221c33e,3286.26,3287,97000000,512000000,
2025-12-07 05:15:46.965,e4626e17-bc75-4d34-8246-a0784aa3df2a,3063.67,3064,97000000,512000000,
2025-12-07 05:15:46.965,919cce12-35e0-49ff-827d-5613738f767e,2979.56,2980,96000000,512000000,
2025-12-07 05:15:46.965,a1af73dc-3f47-42d4-930c-46097968a03d,3060.54,3061,96000000,512000000,
2025-12-07 05:15:46.965,b6e7ce13-bc6f-4c45-91ed-1ae53277c2f5,3078.79,3079,97000000,512000000,
2025-12-07 05:15:46.964,85398bd2-a6e1-4427-86e7-4505718c9b56,3064.06,3065,97000000,512000000,
2025-12-07 05:15:46.963,4d4facfa-9263-4eb6-8f04-8013b694ebc6,3075.88,3076,97000000,512000000,
2025-12-07 05:15:46.962,45964abc-5735-43a5-8831-bc30c4ffab5f,3307.24,3308,96000000,512000000,
2025-12-07 05:15:46.961,55e57e7a-f239-455c-9fef-581a371f3820,3058.35,3059,96000000,512000000,
2025-12-07 05:15:46.960,c0413d6f-453a-43bf-9c6d-aedc43c84689,2980.09,2981,97000000,512000000,
2025-12-07 05:15:46.958,1b72c279-8dd0-421d-b003-8a94de2db3e7,3088.63,3089,96000000,512000000,
2025-12-07 05:15:46.958,157e0195-e274-4481-a17d-8b13e90fae91,3066.4,3067,96000000,512000000,
2025-12-07 05:15:46.956,54fd8d8e-9c84-47f9-9ba5-d2769ede6bb7,2939.34,2940,97000000,512000000,
2025-12-07 05:15:46.956,45b5eee5-7d48-4195-a172-e3ef237b4412,3053.68,3054,97000000,512000000,
2025-12-07 05:15:46.956,76281f6e-702f-4d64-9e35-bd890ac9ed57,1792.92,1793,99000000,512000000,
2025-12-07 05:15:46.953,0e155b9e-bf65-42ef-b3ef-fdb96e4c0f6a,1778.81,1779,99000000,512000000,
2025-12-07 05:15:46.953,cd90cba7-ee00-41b0-99d9-eb35de08ba67,3052.79,3053,96000000,512000000,
2025-12-07 05:15:46.951,999fb841-c7ca-4b53-bb44-8e196c290df5,3135.44,3136,97000000,512000000,
2025-12-07 05:15:46.951,26f79b59-aaab-4321-a54b-94c5456183c0,3047.95,3048,96000000,512000000,
2025-12-07 05:15:46.950,7bb1f7e0-93c6-438c-a10d-83406aaaaa77,3055.95,3056,97000000,512000000,
2025-12-07 05:15:46.949,4e4f3542-b946-4823-b70a-9bb3509c3403,3073.49,3074,97000000,512000000,
2025-12-07 05:15:46.948,8e2d5317-ad80-41a6-a31c-211c5ff24f5c,1791.07,1792,100000000,512000000,
2025-12-07 05:15:46.948,b99e830a-0730-4556-a215-af6fdeea5136,3077.82,3078,97000000,512000000,
2025-12-07 05:15:46.946,1c9fb7e1-9fae-4fdb-8558-95a6382db3f3,3121.75,3122,97000000,512000000,
2025-12-07 05:15:46.946,bc51cdd2-3bbb-4aff-bbc9-48d367a10bd6,3046.72,3047,96000000,512000000,
2025-12-07 05:15:46.946,96b8af3d-8c7a-431c-9a6f-6f959f11a42d,3085.14,3086,96000000,512000000,
2025-12-07 05:15:46.945,bf7fcf26-f17f-4af5-b298-afb7c44b1223,3272.82,3273,96000000,512000000,
2025-12-07 05:15:46.945,6ad2c7b0-1a14-45a1-8596-f01414c656f9,3044.31,3045,97000000,512000000,
2025-12-07 05:15:46.944,d7a7f500-01ba-4b56-baaa-915f2deebf08,3153.49,3154,96000000,512000000,
2025-12-07 05:15:46.943,6c6bacce-ae4d-4686-86c7-685983671e2e,2926.34,2927,97000000,512000000,
2025-12-07 05:15:46.941,45a3a6da-2ba6-4ece-b4bb-92346434d4ed,2913.99,2914,96000000,512000000,
2025-12-07 05:15:46.939,4a2b648e-0d01-4ee5-aa83-1c72f9c726a5,3262.47,3263,97000000,512000000,
2025-12-07 05:15:46.939,45663db3-0933-46eb-866e-479dff5fb5da,3122.1,3123,96000000,512000000,
2025-12-07 05:15:46.938,be3f2e5f-f63f-44a6-b394-fcc143524c48,3038.86,3039,97000000,512000000,
2025-12-07 05:15:46.938,7b9088ca-04e4-4318-8d31-e6563d64e25e,3046.18,3047,96000000,512000000,
2025-12-07 05:15:46.938,691161f0-3573-445a-8fcb-cebd85e68fe7,2933.97,2934,96000000,512000000,
2025-12-07 05:15:46.938,13eccf13-44b6-4fc5-9fdb-883cc8511d25,2942.09,2943,97000000,512000000,
2025-12-07 05:15:46.937,b1eb2682-5bfa-433f-a5ae-a850f4c5453f,3035.77,3036,97000000,512000000,
2025-12-07 05:15:46.937,a76434bb-1ee4-4df5-b7dd-0780ac4a5a92,1791.35,1792,100000000,512000000,
2025-12-07 05:15:46.936,d8088dee-f881-464e-96b9-3f27b97f8e2a,3057.22,3058,97000000,512000000,
2025-12-07 05:15:46.935,31d6e5d7-3789-4d57-857a-6772202f82ff,3126.92,3127,97000000,512000000,
2025-12-07 05:15:46.933,2845ed07-014a-4fbd-8c50-a5b1655a0036,2948.42,2949,96000000,512000000,
2025-12-07 05:15:46.933,6448605a-b753-4009-ae13-2f022e3d17ba,2942.61,2943,96000000,512000000,
2025-12-07 05:15:46.932,d073f355-6705-4021-b59d-d7bc26919182,2916.43,2917,96000000,512000000,
2025-12-07 05:15:46.931,208766b5-8f59-41cc-8556-1b7e22f59c88,2903.5,2904,96000000,512000000,
2025-12-07 05:15:46.930,57bb52ee-d043-43d2-b550-4506290ddcad,3044.18,3045,97000000,512000000,
2025-12-07 05:15:46.929,846bcada-2c9d-4eba-9749-016de5b2bb77,3056.26,3057,97000000,512000000,
2025-12-07 05:15:46.929,4c9810e6-3b44-46a3-a1e2-0d6c31155f90,3044.22,3045,96000000,512000000,
2025-12-07 05:15:46.928,487ba9ee-bc08-477f-9616-c1c1a2b87fb6,3060.25,3061,96000000,512000000,
2025-12-07 05:15:46.927,b19c207a-9cc5-4a6a-9e07-aa315ed86f99,3065.37,3066,96000000,512000000,
2025-12-07 05:15:46.926,fc412653-7f4d-4b25-af00-7f61ca39114e,2930.63,2931,96000000,512000000,
2025-12-07 05:15:46.924,71693817-775d-440a-a177-108a6d02ef44,3249.93,3250,96000000,512000000,
2025-12-07 05:15:46.923,d83eea21-9119-4c58-abee-1e8f7af3a9ca,3102.31,3103,96000000,512000000,
2025-12-07 05:15:46.921,4f5e70ff-a217-488e-b906-99d31ac27288,3023.55,3024,97000000,512000000,
2025-12-07 05:15:46.921,d722ec12-42ed-4879-985c-d1fb1aa58587,1788.19,1789,99000000,512000000,
2025-12-07 05:15:46.919,0c505eb2-7e64-49ef-bf62-b0c425b248cb,2915.01,2916,96000000,512000000,
2025-12-07 05:15:46.918,7a6550b4-56fc-4921-bee3-552408e6515b,2913.21,2914,97000000,512000000,
2025-12-07 05:15:46.917,2f5da4b9-fa4c-4e7a-91c0-f4483588cfce,2934.49,2935,96000000,512000000,
2025-12-07 05:15:46.917,213134ef-2bcb-42db-8eb3-2bf0e2d7c61d,3017.84,3018,97000000,512000000,
2025-12-07 05:15:46.914,f6e83f9e-a146-478f-8fca-5fa5aa5f2781,3229.45,3230,96000000,512000000,
2025-12-07 05:15:46.907,e8e5123c-1370-4f0b-aec7-0067710ca510,3003.94,3004,97000000,512000000,
2025-12-07 05:15:46.906,39808eac-0d62-46ea-9952-ded5fd2a9f78,3008.24,3009,96000000,512000000,
2025-12-07 05:15:46.906,2cb17e85-e619-4efb-9313-ed1f09af1792,3114.72,3115,97000000,512000000,
2025-12-07 05:15:46.905,2a935158-4cee-4da0-b83b-b447be88732b,3007.25,3008,97000000,512000000,
2025-12-07 05:15:46.905,7e4b1481-b7b1-43de-be3d-fd3253a75806,3113.18,3114,97000000,512000000,
2025-12-07 05:15:46.905,9c224fb6-789b-40aa-bbc3-7b2d43816178,2919.22,2920,97000000,512000000,
2025-12-07 05:15:46.905,e83929e3-51b3-41e5-9b5c-40b433c0162d,3088.74,3089,96000000,512000000,
2025-12-07 05:15:46.904,9199f47c-d936-4e40-b78e-a339835b111b,3087.83,3088,97000000,512000000,
2025-12-07 05:15:46.904,b43480a2-1f68-47c4-ae52-9ed8a6501f58,3035.8,3036,97000000,512000000,
2025-12-07 05:15:46.902,6d446635-de11-4edc-9508-30a68e3f9561,2879.16,2880,97000000,512000000,
2025-12-07 05:15:46.900,ed425cfd-290b-4dec-97f4-420287a95f29,3023.48,3024,97000000,512000000,
2025-12-07 05:15:46.898,b9e66433-e978-47bd-adf1-968adc5bd807,3219.53,3220,96000000,512000000,
2025-12-07 05:15:46.898,c99f5c56-7555-45f3-909b-2721310ce740,3076.77,3077,97000000,512000000,
2025-12-07 05:15:46.894,dd76ec37-19ff-4f39-a791-8b2ae6c65dc8,1770.22,1771,100000000,512000000,
2025-12-07 05:15:46.894,18d7d6e1-1d96-4e94-852b-2ca6585aa742,3012.47,3013,96000000,512000000,
2025-12-07 05:15:46.890,7a89e4c4-29d9-4023-acee-254b1b775290,3003.42,3004,97000000,512000000,
2025-12-07 05:15:46.889,46c44ead-b622-48fd-9668-0bf6f5311e65,3233.88,3234,97000000,512000000,
2025-12-07 05:15:46.889,5d56564d-e86d-49d1-8d6d-aa822911e69a,3002.47,3003,97000000,512000000,
2025-12-07 05:15:46.888,07c57971-ac71-43d4-995f-1ac3fb2ef509,3075.17,3076,96000000,512000000,
2025-12-07 05:15:46.886,91c5ed61-e0da-48db-9450-e2aa925eeb77,3071.73,3072,97000000,512000000,
2025-12-07 05:15:46.880,2a3d3eea-8d17-46c5-ae5a-ae82f4559f97,2994.63,2995,97000000,512000000,
2025-12-07 05:15:46.880,2329bc5a-23bd-428e-bf90-e99f03c47ec5,3202.01,3203,96000000,512000000,
2025-12-07 05:15:46.880,a368841d-4840-4e4b-8ac7-8c34d3f82321,1756.03,1757,99000000,512000000,
2025-12-07 05:15:46.879,f662326b-f195-47ba-9800-bbdeb455a9b6,1778.93,1779,100000000,512000000,
2025-12-07 05:15:46.878,7cf5562f-0d70-40cb-a709-9131ceacaf0c,3091.82,3092,97000000,512000000,
2025-12-07 05:15:46.878,588b808b-3e84-4b17-bce7-f9f52d1ac4dd,3070.51,3071,96000000,512000000,
2025-12-07 05:15:46.878,69e8519d-ce3d-4756-96fc-741f41f0129e,3206.51,3207,97000000,512000000,
2025-12-07 05:15:46.874,7531b9c4-3247-472c-9df5-cf6ddb3bde7a,3195.42,3196,97000000,512000000,
2025-12-07 05:15:46.872,08d69c2f-6d92-43ba-9ef7-a729054676cf,2992.65,2993,96000000,512000000,
2025-12-07 05:15:46.872,5f4cdb81-1f27-4bc9-8459-87537a5e4396,2969.51,2970,96000000,512000000,
2025-12-07 05:15:46.868,fc124b60-21a6-405e-a719-33899079cb79,3072.22,3073,97000000,512000000,
2025-12-07 05:15:46.868,cda561ba-7a80-4014-964e-de054a57b434,3054.37,3055,97000000,512000000,
2025-12-07 05:15:46.864,5cf9aa3b-ff90-418b-ad14-c9738bc6cf4d,2848.12,2849,97000000,512000000,
2025-12-07 05:15:46.864,41d9287c-75b5-4da8-be94-c053c7db4160,2846.84,2847,97000000,512000000,
2025-12-07 05:15:46.863,e205c4bb-c898-49c3-a9b7-5aa3ae3ec59a,2964.8,2965,97000000,512000000,
2025-12-07 05:15:46.863,4af05668-451f-44e5-8e40-0881a746a0a2,2973.31,2974,96000000,512000000,
2025-12-07 05:15:46.858,b396b752-caa1-474e-b4a3-f57aab234e0a,3037.65,3038,97000000,512000000,
2025-12-07 05:15:46.856,2be4cf92-e858-48f8-8e1a-ee5212da30a5,3042.93,3043,97000000,512000000,
2025-12-07 05:15:46.856,20dea26a-fbbb-43af-90d2-760eeffb8188,3014.24,3015,97000000,512000000,
2025-12-07 05:15:46.850,0443044d-c75a-40da-b1c1-b461212f6ae8,3029.34,3030,97000000,512000000,
2025-12-07 05:15:46.849,f70e1085-a52f-4349-a2ff-c7d914c0cab1,2837.94,2838,97000000,512000000,
2025-12-07 05:15:46.847,223592c7-c150-4d21-aba4-fae9a13c63c7,3171.35,3172,97000000,512000000,
2025-12-07 05:15:46.846,7a59e644-731e-46a9-9f9f-137a1db638a0,3167.65,3168,97000000,512000000,
2025-12-07 05:15:46.846,ec16ecc1-517a-45f1-b07f-3a287499cf39,3031.98,3032,96000000,512000000,
2025-12-07 05:15:46.842,f0f0545a-385e-46bb-a9e0-08a336e91d9e,2958.65,2959,96000000,512000000,
2025-12-07 05:15:46.842,fe44f185-45df-4c70-a6e6-f6a9035d7697,3019.61,3020,97000000,512000000,
2025-12-07 05:15:46.841,a232a3d5-583c-4366-848f-d8c86aa8a7cf,1776.85,1777,99000000,512000000,
2025-12-07 05:15:46.835,94fcb519-de59-4c15-8185-53444d798a03,3156.99,3157,97000000,512000000,
2025-12-07 05:15:46.834,2ff3ff1f-0dc1-4ec9-bbdf-903921e8335a,1754.06,1755,99000000,512000000,
2025-12-07 05:15:46.833,d51e43c2-6291-480f-8c7a-bbb39135e057,3025.38,3026,97000000,512000000,
2025-12-07 05:15:46.833,81877051-269a-4634-bc9a-6dd76e0b2833,3022.14,3023,96000000,512000000,
2025-12-07 05:15:46.830,567cfbd2-1fed-463a-9afd-0548fe84c467,2954.17,2955,96000000,512000000,
2025-12-07 05:15:46.826,1a0d6218-ff72-4ec4-b440-19e51e4c6e5b,3187.02,3188,97000000,512000000,
2025-12-07 05:15:46.825,c49b9c38-6660-4364-9635-8b1c3fa84eda,3004.43,3005,96000000,512000000,
2025-12-07 05:15:46.824,68301d1c-4a28-49ce-b2ee-77cf2a4ebc9a,2923.26,2924,97000000,512000000,
2025-12-07 05:15:46.822,81566a1f-d12a-4b62-b3e7-9df678d9e299,3030.69,3031,97000000,512000000,
2025-12-07 05:15:46.814,91167036-3668-42f1-8116-022d82664a86,3005.04,3006,96000000,512000000,
2025-12-07 05:15:46.811,11c4f803-98d9-4ec6-b21f-30252caa508d,3132.68,3133,96000000,512000000,
2025-12-07 05:15:46.811,82378545-c73c-47d3-b96f-9802056488a0,3011.98,3012,96000000,512000000,
2025-12-07 05:15:46.810,742f573b-461d-4547-b72e-03ee4eddfda7,2939.02,2940,97000000,512000000,
2025-12-07 05:15:46.796,3585e947-fc0e-49ea-82eb-eb0a45ebc16d,2909.88,2910,97000000,512000000,
2025-12-07 05:15:46.787,82963984-053c-4aed-bae2-6ba217cfc10c,2996.04,2997,96000000,512000000,
2025-12-07 05:15:46.786,c2627490-051b-4b23-a772-e2cb2ef7675c,2992.65,2993,96000000,512000000,
2025-12-07 05:15:46.776,cea606f7-1b6b-4413-b8dc-0b9b749baafb,3097.7,3098,97000000,512000000,
2025-12-07 05:15:46.770,1ab90507-05f1-42f9-bb2a-80186b1ba11f,3089.79,3090,97000000,512000000,
2025-12-07 05:15:46.763,61b820b1-0d3a-42b8-96d6-57513f2c7969,2966.8,2967,97000000,512000000,
2025-12-07 05:15:46.750,203f0047-e5a7-462c-819c-40b4cca47851,2732.88,2733,97000000,512000000,
2025-12-07 05:15:46.745,ba98c41a-fb13-41f1-86ea-b6118f507cf5,3065.86,3066,97000000,512000000,
2025-12-07 05:15:46.738,270997cd-ec88-40c1-a61d-3a64d5314644,3063.09,3064,96000000,512000000,
2025-12-07 05:15:46.717,52bae6d0-a261-4875-9fae-11847a705bf1,3042.74,3043,96000000,512000000,
2025-12-07 05:15:46.716,58caa8a5-f97e-418f-9336-4f2d4f2e3118,2919.39,2920,96000000,512000000,
2025-12-07 05:15:46.711,c8ced791-4b89-457a-b252-ffa4c47bff83,2823.65,2824,96000000,512000000,
2025-12-07 05:15:46.706,e22a032d-8567-48ac-aa20-38c47b391be1,3035.07,3036,97000000,512000000,
2025-12-07 05:15:46.704,01c8713b-57f8-4c92-8763-7a9f282619a4,2688.29,2689,97000000,512000000,
2025-12-07 05:15:46.698,c5e7ac5a-70ae-4697-8bdb-3d98e16240f7,3018.08,3019,97000000,512000000,
2025-12-07 05:15:46.697,275cf5db-d098-42a6-8436-9cb1b26a7a63,2677.08,2678,96000000,512000000,
2025-12-07 05:15:46.697,619b402e-3f35-4a57-a7ee-e36c8ec34666,3025.3,3026,96000000,512000000,
2025-12-07 05:15:46.696,a91b36d9-3706-4490-9d56-9434d1af1414,3014.3,3015,97000000,512000000,
2025-12-07 05:15:46.693,3e5110d9-b184-42bc-b9f7-91d81c0715c6,2874.78,2875,96000000,512000000,
2025-12-07 05:15:46.691,7e69a38e-f9ee-4f8f-a2f1-b1300d90485c,3018.78,3019,97000000,512000000,
2025-12-07 05:15:46.682,58b443d1-10bc-4645-8607-bc58d76b8da3,3014.68,3015,96000000,512000000,
2025-12-07 05:15:46.671,0ece7750-e2c5-4019-964f-d6978204c626,2664.91,2665,96000000,512000000,
2025-12-07 05:15:46.668,caf125f8-9527-4ccb-b3f3-531a832712b7,2995.77,2996,97000000,512000000,
2025-12-07 05:15:46.667,e8afa53f-0434-4a45-8955-6a73ebe9522b,2991.3,2992,96000000,512000000,
2025-12-07 05:15:46.666,d87ab669-04d0-425a-87e1-0bee68f18aae,2648.72,2649,97000000,512000000,
2025-12-07 05:15:46.657,47c1ab1a-1979-4188-925f-88d4093d2410,2634.59,2635,96000000,512000000,
2025-12-07 05:15:46.645,5f2774b9-6670-4bf1-9828-9f95e7f1a054,2961.3,2962,97000000,512000000,
2025-12-07 05:15:46.641,f0110ced-b4a6-413a-bb98-bc309f699209,2960.04,2961,97000000,512000000,
2025-12-07 05:15:46.632,56ba412d-1374-4a26-bbc5-25ce720f7a2f,2954.44,2955,96000000,512000000,
2025-12-07 05:15:46.625,b00dd33d-fd15-412d-8611-80c43d157213,2608.88,2609,97000000,512000000,
2025-12-07 05:15:46.621,91821ccc-19f5-4af7-8dc2-ae06eddc16ca,2600.3,2601,97000000,512000000,
2025-12-07 05:15:46.616,212230ea-ac85-466d-90bc-aad2823fa0b1,2570.19,2571,96000000,512000000,
2025-12-07 05:15:46.599,9d51b947-7647-43df-bfb4-5b65683f5989,2580.03,2581,97000000,512000000,
2025-12-07 05:15:46.598,9b18f4fb-ff6f-4f4e-8bc8-a45e46e1d1ec,3152.9,3153,97000000,512000000,
2025-12-07 05:15:46.595,42df72e0-9d56-4371-985c-264df56ebc20,2609.83,2610,97000000,512000000,
2025-12-07 05:15:46.594,02703f78-8af3-48a4-9ca1-cf9a989b36d6,2916.42,2917,97000000,512000000,
2025-12-07 05:15:46.582,97fb3684-3244-450c-b6a0-2581d08aca33,2908.76,2909,97000000,512000000,
2025-12-07 05:15:46.555,269c7b9e-0b10-4c47-a17d-1c38a176296e,2548.83,2549,96000000,512000000,
2025-12-07 05:15:46.516,420b0207-a41c-4a9a-920c-19081579594d,2685.27,2686,96000000,512000000,
2025-12-07 05:15:46.496,dba1d9f5-8494-4767-9803-e1f785252895,2603.17,2604,97000000,512000000,
2025-12-07 05:15:46.290,e176143a-6441-4057-bffc-fe6207da4189,2615.74,2616,96000000,512000000,
2025-12-07 05:15:46.248,938277dd-74f1-4665-9d0b-1b51a1446c29,2569.6,2570,97000000,512000000,
2025-12-07 05:15:46.234,30ffd03a-962d-42d0-9432-746dbd1ca588,2776.3,2777,96000000,512000000,
2025-12-07 05:15:46.158,fe54a307-387d-4c63-a9da-d9df887f02c1,2902.13,2903,97000000,512000000,
2025-12-07 05:15:46.144,0d2b0a4f-e3e5-4af9-8e75-1e50a0ab9702,2846.38,2847,97000000,512000000,
2025-12-07 05:15:46.133,789234eb-df66-4c4a-91da-03e24e9283bc,2675.89,2676,96000000,512000000,
2025-12-07 05:15:46.111,78c4c084-cee0-4fcb-988a-cc2ca1af5b2e,2858.35,2859,97000000,512000000,
2025-12-07 05:15:45.972,43d3d710-ca0a-4e57-a8e0-08de4a2e6082,2751.33,2752,97000000,512000000,
2025-12-07 05:15:45.909,3bcb8bc0-cf4f-4f95-944c-4ca67ea29b06,2727,2728,96000000,512000000,
2025-12-07 05:15:45.906,038da7f4-f0b6-4097-b05e-cfa84b141ae7,2724.67,2725,97000000,512000000,
2025-12-07 05:15:45.900,9d427317-800e-4429-8a78-8dc7a673db50,2693.12,2694,97000000,512000000,
2025-12-07 05:15:45.884,eecb5755-cb05-4d65-9483-cc2d773105f1,2701.18,2702,97000000,512000000,
2025-12-07 05:15:45.867,6c5eb8a9-d8a8-4c1f-a801-cf1f05cfa65d,2676.16,2677,97000000,512000000,
2025-12-07 05:15:45.861,ffb20b4e-77c9-446a-a386-a7c8793d6c6f,2571.81,2572,97000000,512000000,
2025-12-07 05:15:45.851,3b7351e6-72bf-4478-b9dd-409508f9a59b,2677.18,2678,97000000,512000000,
2025-12-07 05:15:45.850,81004ef3-8eab-41ac-b594-d90969ded9f5,2661.99,2662,96000000,512000000,
2025-12-07 05:15:45.850,fe0282ee-5e43-44dd-aeb6-684a2d5631e5,2666.34,2667,96000000,512000000,
2025-12-07 05:15:45.826,968380e2-f9ed-4c45-b0dc-31b7659ecd6b,2644.67,2645,97000000,512000000,
2025-12-07 05:15:45.816,c2368647-a634-4f4c-b7bd-b3016932c7ea,2629.68,2630,96000000,512000000,
2025-12-07 05:15:45.813,e62d47d5-b57b-492f-b75c-649a0cdeb662,2620.14,2621,97000000,512000000,
2025-12-07 05:15:45.809,f11c6888-7318-4aa8-9954-494fe78a549c,2613.25,2614,97000000,512000000,
2025-12-07 05:15:45.801,04a54401-97ae-491e-9382-3901f4396e03,2619.21,2620,97000000,512000000,
2025-12-07 05:15:45.792,31c556ca-916a-4045-a545-ae9e976d755c,2604.58,2605,96000000,512000000,
2025-12-07 05:15:45.781,272e4298-4893-4edd-bec2-7613f1c6da52,2597.49,2598,97000000,512000000,
2025-12-07 05:15:45.776,02a7b15d-7722-46e2-8c25-0b66ca652b5c,2561.42,2562,96000000,512000000,
2025-12-07 05:15:45.774,e357177e-547e-45dd-801c-9be781895799,2587.17,2588,96000000,512000000,
2025-12-07 05:15:45.773,20d4e711-4047-4395-bc04-ba3b669bc83c,2549.39,2550,96000000,512000000,
2025-12-07 05:15:45.772,309a8ce5-e551-4b55-95b2-785289073708,2591.81,2592,97000000,512000000,
2025-12-07 05:15:45.760,210160cb-5f55-4c6d-90d1-dba86280d2a6,2576.51,2577,96000000,512000000,
2025-12-07 05:15:45.756,1756731b-7f51-4169-9b46-cdcbfaaf950c,2533.08,2534,96000000,512000000,
2025-12-07 05:15:45.743,d170d0bb-fdd9-47f4-8595-8a5e4f3ca644,2487.91,2488,97000000,512000000,
2025-12-07 05:15:45.743,ba38499c-6460-44d0-9296-c516ca6a9e5b,2552.5,2553,96000000,512000000,
2025-12-07 05:15:45.741,a614a965-8695-48af-855f-68d97f9e3572,2555.55,2556,97000000,512000000,
2025-12-07 05:15:45.741,4fefa8ac-e4a5-4702-9d8a-292a34d2b6f3,2556.33,2557,96000000,512000000,
2025-12-07 05:15:45.738,0bbfc1a6-9894-42e0-b567-fd1904eea18e,2549.93,2550,97000000,512000000,
2025-12-07 05:15:45.737,f2afd9c7-422a-46e6-a766-083da56cc279,2549.67,2550,96000000,512000000,
2025-12-07 05:15:45.736,6dc84c5f-405f-4bf1-9f1c-d8e1f9fa172a,2550.97,2551,97000000,512000000,
2025-12-07 05:15:45.733,0bf7c967-ac21-4803-815f-207c00ddb2bc,2550.76,2551,97000000,512000000,
2025-12-07 05:15:45.723,540036bf-a540-4521-990a-e397bb4454e2,2536.87,2537,96000000,512000000,
2025-12-07 05:15:45.718,b2b778f5-2f73-459b-a605-b3b028571414,2532.7,2533,96000000,512000000,
2025-12-07 05:15:45.707,f30ffb73-097b-445a-909d-b801d244fccf,2526.75,2527,97000000,512000000,
2025-12-07 05:15:45.705,ebffaacc-2bfc-47ba-b29f-ba1a8d33ee87,2522.12,2523,97000000,512000000,
2025-12-07 05:15:45.694,91321b73-2f16-4242-80c2-310998102e16,2507.61,2508,97000000,512000000,
2025-12-07 05:15:45.673,41bbc60b-c4f3-4e79-965b-f1f6de9d86fd,2486.89,2487,97000000,512000000,
2025-12-07 05:15:45.670,b6ebe38b-dafb-4df2-a9f9-dd577f3835eb,2485.02,2486,96000000,512000000,
2025-12-07 05:15:45.664,d93d5666-cbb8-410b-8cd5-0ec1e3cba2f3,2479.82,2480,97000000,512000000,
2025-12-07 05:15:45.661,0c128903-d3b0-497f-bbcf-5bfcb28bd992,2470.25,2471,96000000,512000000,
2025-12-07 05:15:45.642,0a64fdc4-4768-4cb1-b28a-2c8a25f5df84,2453.97,2454,97000000,512000000,
2025-12-07 05:15:45.640,fc29d91d-0a8b-4641-a562-20290c7db079,2461.97,2462,96000000,512000000,
2025-12-07 05:15:45.637,eae98398-ffc8-4088-8e18-6d6f73a50c03,2448.75,2449,97000000,512000000,
2025-12-07 05:15:45.558,59b8694e-06e7-4738-ba22-3a5d9e8cc590,2361.27,2362,96000000,512000000,
2025-12-07 05:15:45.514,f78177ae-ad4c-4afe-b78c-9ee8c175d4e3,2316.85,2317,97000000,512000000,
2025-12-07 05:15:45.500,f29aff4f-deda-461d-a2d0-0bfc690c59ac,2318.26,2319,97000000,512000000,
2025-12-07 05:15:45.482,4bb63de1-b8ef-4edd-af00-b45b249264d9,2289.55,2290,97000000,512000000,
2025-12-07 05:15:45.479,abd25e9c-30fa-4106-9cf8-89319002308b,2283.55,2284,97000000,512000000,
2025-12-07 05:15:45.435,beea4631-b9ca-44df-b613-49ddb82b566f,2280.55,2281,96000000,512000000,
2025-12-07 05:15:45.407,e2a79321-4177-4e3e-9944-485804f09c33,2210.46,2211,97000000,512000000,
2025-12-07 05:15:45.401,f51bb35a-367a-458f-9d2c-1676fdaaf8bf,2207.8,2208,96000000,512000000,
2025-12-07 05:15:45.399,e9c8c872-b7b9-4b75-a15d-2f52c56b3917,2205.17,2206,96000000,512000000,
2025-12-07 05:15:45.394,959f8a0e-f7c0-4a28-882d-6f9a74263058,2200.89,2201,97000000,512000000,
2025-12-07 05:15:45.385,dbebbb1b-ffc7-49c3-96d5-0bf07f524fbc,2190.52,2191,96000000,512000000,
2025-12-07 05:15:45.381,b800c865-2116-4afa-aed7-d973d0f7926a,2193.29,2194,97000000,512000000,
2025-12-07 05:15:45.375,4ce7d48f-3524-437d-b1bd-22a16d0be270,2204.23,2205,96000000,512000000,
2025-12-07 05:15:45.340,9da64cce-7e2e-420b-bfa8-14a8df8f4489,2146.49,2147,97000000,512000000,
2025-12-07 05:15:45.321,60314d01-a82a-4fb3-8e05-9985ed1a98e7,2123.83,2124,96000000,512000000,
2025-12-07 05:15:45.316,48345edf-8a96-4eaf-b3d4-cac47a2d87b2,2128.15,2129,96000000,512000000,
2025-12-07 05:15:45.310,e0d82189-6922-456b-ab73-bdcabca797be,2125.99,2126,97000000,512000000,
2025-12-07 05:15:45.309,3e19afe1-8d33-4925-b121-9e269bcc0b3c,2114.16,2115,96000000,512000000,
2025-12-07 05:15:45.306,b5eb8f78-d832-4651-ba4c-4cf7654bc34b,2115.35,2116,97000000,512000000,
2025-12-07 05:15:45.295,91fe4e0e-f72e-4ca9-81cf-99e49754e965,2100.86,2101,97000000,512000000,
2025-12-07 05:15:45.292,871e30b7-013d-40f2-832a-f8b2b13d40ac,2097.28,2098,97000000,512000000,
2025-12-07 05:15:45.286,42e06476-af86-448b-a8cc-4b0010b71ee5,2092.95,2093,97000000,512000000,
2025-12-07 05:15:45.286,b78946d8-fa6c-4b0e-b5f6-1ec933b86f5d,2090.51,2091,97000000,512000000,
2025-12-07 05:15:45.279,66a47f93-79be-4add-b4ce-c846c028ebc8,2084.95,2085,96000000,512000000,
2025-12-07 05:15:45.253,a399dc87-f1bd-467b-b2e2-b3d4d1738603,2067.99,2068,97000000,512000000,
2025-12-07 05:15:45.251,10d8bd54-3435-4e13-a766-320603d0235b,2060.16,2061,97000000,512000000,
2025-12-07 05:15:45.245,5fb06a3f-a6d5-46e2-8172-d56b9218f6cb,2057.8,2058,96000000,512000000,
2025-12-07 05:15:45.245,eb46a4d8-0253-4fa4-bca9-eec26fe6b968,2024.16,2025,96000000,512000000,
2025-12-07 05:15:45.236,9ca3cab1-fb05-4aa6-86b4-328e3cb7b22b,2043.16,2044,97000000,512000000,
2025-12-07 05:15:45.233,f85d1ce0-719a-4c58-b072-3b099e277882,2044.5,2045,97000000,512000000,
2025-12-07 05:15:45.232,da497bf5-e64e-4a1d-97f7-042b8a4a1504,2029.49,2030,96000000,512000000,
2025-12-07 05:15:45.227,591af9e5-7026-4a40-a777-61b46742b9fe,2030.72,2031,97000000,512000000,
2025-12-07 05:15:45.225,7d88e4eb-3f7e-47b4-9125-a985f9832869,2031.19,2032,97000000,512000000,
2025-12-07 05:15:45.224,5c9c9569-1ea4-4f7b-90a1-aa770c56cd62,2031.75,2032,97000000,512000000,
2025-12-07 05:15:45.222,7041af3f-56b8-45ff-8dd5-bd24a92ec8ef,2026.92,2027,97000000,512000000,
2025-12-07 05:15:45.215,ded018af-c8fd-4733-9e10-b6e3269c0bcf,2023.13,2024,97000000,512000000,
2025-12-07 05:15:45.214,16e50730-c91c-499f-a3ec-995528accca6,2021.69,2022,97000000,512000000,
2025-12-07 05:15:45.214,9f68afd1-7253-4c1b-aa5e-145ac87990d5,2020.08,2021,96000000,512000000,
2025-12-07 05:15:45.213,2b3ff772-e3d4-41d7-938c-29e8c55fe520,2016.44,2017,96000000,512000000,
2025-12-07 05:15:45.209,5a161d1f-f4d6-4e1d-864f-3a12d2552957,2015.06,2016,97000000,512000000,
2025-12-07 05:15:45.209,7dfb1484-5255-4893-9b76-e607a59c95a4,2019.62,2020,96000000,512000000,
2025-12-07 05:15:45.205,ee6799fe-28da-440b-ac1a-e144f0067a9a,2007.51,2008,96000000,512000000,
2025-12-07 05:15:45.204,378bd2f7-e45a-4473-b126-b4351df9d7af,2015.96,2016,97000000,512000000,
2025-12-07 05:15:45.200,3a2abe45-9c14-4e28-a539-645a375144ce,2006.57,2007,97000000,512000000,
2025-12-07 05:15:45.199,b36ed806-f943-4166-b31a-b84b79fd474e,2002.92,2003,97000000,512000000,
2025-12-07 05:15:45.198,8aa0245d-ebad-4ee1-ad0e-301178a0c7c3,2001.43,2002,97000000,512000000,
2025-12-07 05:15:45.188,b347ab5e-4549-4ce9-94dd-0e05b9bd71f4,1997.66,1998,96000000,512000000,
2025-12-07 05:15:45.174,6678d09c-db6f-4842-8faf-489daa2701ee,1983.22,1984,96000000,512000000,
2025-12-07 05:15:45.169,96a7e436-0edf-43ef-a500-a6c00d86ccfb,1974.08,1975,96000000,512000000,
2025-12-07 05:15:45.168,518344e8-f05b-4168-9444-754fdd3cfa26,1969.55,1970,96000000,512000000,
2025-12-07 05:15:45.155,f6def507-010b-424d-b2ba-4676ad8b3128,1960.33,1961,96000000,512000000,
2025-12-07 05:15:45.150,7fc36d5e-8b7d-44ee-93c6-0066999b7fbb,1954.03,1955,97000000,512000000,
2025-12-07 05:15:45.146,a400c18f-7ba6-4f0c-8cc7-f1598ca01538,1925.63,1926,96000000,512000000,
2025-12-07 05:15:45.134,e4312486-a464-4c08-abc3-9c22dd8702d1,1945.29,1946,97000000,512000000,
2025-12-07 05:15:45.133,e70e06cb-7482-46ff-b7dc-252a2e695319,1940.79,1941,97000000,512000000,
2025-12-07 05:15:45.133,0013c961-1a89-44ea-a724-506f16289237,1936.27,1937,97000000,512000000,
2025-12-07 05:15:45.121,257c98c4-b713-4041-9bec-ceffec59be49,1928.41,1929,97000000,512000000,
2025-12-07 05:15:45.112,42e2c7d6-fb9b-4d06-adbb-811d74a3812d,1915.21,1916,97000000,512000000,
2025-12-07 05:15:45.101,c65f2df1-dc06-439d-8f93-8fa6f2d3d04f,1846.03,1847,96000000,512000000,
2025-12-07 05:15:45.098,9e131efa-5b96-4f62-9d05-9705017d86ee,1903.08,1904,97000000,512000000,
2025-12-07 05:15:45.080,a45c604e-f671-4733-8bae-f1b9367d1f6d,1885.66,1886,96000000,512000000,
2025-12-07 05:15:45.072,16bccd7d-0c2f-4dfb-996a-382411e4a6d4,1879.62,1880,96000000,512000000,
2025-12-07 05:15:45.058,c0dd2ac6-ddb9-4174-b20a-aabbe3f43652,1866.03,1867,96000000,512000000,
2025-12-07 05:15:44.167,624a5375-64de-4e97-8d34-586528cffc51,3416.11,3604,89000000,512000000,187.1
2025-12-07 05:15:44.155,d459b5de-9001-4c11-8674-4ae136e25132,3264.74,3458,89000000,512000000,192.4
2025-12-07 05:15:44.136,de76da1d-cb94-46c4-b42d-f8067c6e38b6,3471.89,3649,90000000,512000000,176.89
2025-12-07 05:15:44.134,5b40e079-8678-4dbc-b520-93ca401ec53d,3429.95,3636,90000000,512000000,205.25
2025-12-07 05:15:44.114,def9c500-1839-486a-812a-3dd3501b7a85,3738.44,3913,89000000,512000000,173.71
2025-12-07 05:15:44.086,05fd3def-5153-40aa-8f8f-e2d5aef4c45b,3414.84,3580,91000000,512000000,164.69
2025-12-07 05:15:44.075,b3762b0a-cbc8-43a9-ac95-3f417800dde6,3389.12,3583,89000000,512000000,193.7
2025-12-07 05:15:44.062,2b203e5b-b28d-42d2-b575-f0b0fae27b03,3382.22,3577,89000000,512000000,194.01
2025-12-07 05:15:44.052,778aa7a1-94b5-4deb-91c5-50062efbdf1f,3377.95,3558,89000000,512000000,179.41
2025-12-07 05:15:44.050,65f2f226-501c-48e7-8d20-2738af5dcf22,3356.14,3565,89000000,512000000,207.97
2025-12-07 05:15:44.026,6f846cbd-b892-4b39-8f75-bd7524666fe2,3330.1,3504,89000000,512000000,172.94
2025-12-07 05:15:44.022,5f5b78a1-1b42-4bc7-bd0b-fe55ab446928,3371.46,3582,89000000,512000000,209.59
2025-12-07 05:15:44.009,d6254ec9-8f44-4075-b08b-bf4663b4f0ff,3398.57,3562,92000000,512000000,163.33
2025-12-07 05:15:44.001,d6865f2a-7151-4816-a37e-198f2030d2bd,3326.93,3496,93000000,512000000,168.74
2025-12-07 05:15:43.996,05fd2c1e-efb1-4d80-ae4d-e26e351b1b79,3286.56,3473,89000000,512000000,186.15
2025-12-07 05:15:43.988,cd0800ba-5bdf-4ee0-9e48-61f3683e5cbe,3330.78,3535,89000000,512000000,203.62
2025-12-07 05:15:43.985,986905af-1d8e-492c-a8cf-360e177f5479,3355.38,3529,90000000,512000000,172.81
2025-12-07 05:15:43.979,0aae2805-2200-442d-9ed9-9591b794c4f9,3291.31,3464,91000000,512000000,171.99
2025-12-07 05:15:43.978,2d5f817f-e6f1-448c-b15e-2e3128c846c3,3316.02,3491,89000000,512000000,174.84
2025-12-07 05:15:43.974,775ce1d3-e79a-4331-9981-17c438541d0a,3272.38,3470,89000000,512000000,196.68
2025-12-07 05:15:43.974,a4cc7091-995e-46cd-beed-e8f73d018f68,3296.43,3488,89000000,512000000,191.39
2025-12-07 05:15:43.971,2bc75278-8d86-4bad-9e4f-76c413d5c467,3307.37,3486,91000000,512000000,178.48
2025-12-07 05:15:43.965,865895a8-9c66-4e17-8a9c-6056e033cbcf,3290.93,3462,89000000,512000000,170.41
2025-12-07 05:15:43.962,3e736002-9069-48de-8f22-f961d23b230a,3304.09,3475,89000000,512000000,170.87
2025-12-07 05:15:43.960,35b6e9ba-6fc7-40f9-98bc-e8128a882a21,3301.09,3479,89000000,512000000,176.99
2025-12-07 05:15:43.944,7efaca92-1f33-4bb5-98cc-e4e1ba1c47e6,3287.1,3462,90000000,512000000,174.01
2025-12-07 05:15:43.934,b87d29a5-2e01-4327-99f2-3d16516f31bb,3244.29,3425,89000000,512000000,180.63
2025-12-07 05:15:43.932,40f110af-7e7d-49b6-8437-bd092ffa948f,3305.28,3491,90000000,512000000,185.35
2025-12-07 05:15:43.921,d42df1ce-84cc-4f88-b390-5db31e4eb709,3258.4,3449,89000000,512000000,190.31
2025-12-07 05:15:43.921,aa0ab9c8-1358-4ef9-b784-82f808746e5f,3230.09,3433,89000000,512000000,202.83
2025-12-07 05:15:43.917,ec846388-542a-4825-8250-66cb0fd8c574,3216.93,3391,89000000,512000000,173.53
2025-12-07 05:15:43.915,cd55b5cf-a50c-4865-a3eb-1501f8bb4a2c,3239.04,3415,89000000,512000000,175.01
2025-12-07 05:15:43.910,445662b4-f06c-4aea-a773-6336ad3888ab,3192.28,3377,90000000,512000000,184.36
2025-12-07 05:15:43.904,12280af0-a0c0-43dc-9767-acd3300930d0,3190.31,3375,89000000,512000000,184.13
2025-12-07 05:15:43.903,71bf9c69-88e2-4fae-b0b7-68ed6b8b8332,3210.26,3387,89000000,512000000,176.19
2025-12-07 05:15:43.901,5d13108e-faaa-42a7-b912-8e4a586a27dd,3275.91,3458,89000000,512000000,181.9
2025-12-07 05:15:43.897,b802ce60-fc0e-426d-868f-9347f7c59876,3188.17,3371,90000000,512000000,182.71
2025-12-07 05:15:43.893,b3263aad-c108-47ea-ac3b-e8bfd70a2226,3223.13,3390,89000000,512000000,166.02
2025-12-07 05:15:43.888,1beaac55-899f-43a8-9ba0-95fa0f4cba92,3234.78,3409,89000000,512000000,173.83
2025-12-07 05:15:43.886,37cc1c72-bde2-4e17-a3ea-be398923e94a,3237.06,3404,91000000,512000000,166.48
2025-12-07 05:15:43.886,c02a6a93-1200-484b-a88b-4dfc982f61df,3215.74,3404,91000000,512000000,188.12
2025-12-07 05:15:43.880,62480448-3f35-43fc-a113-d2a6c9d77281,3231.05,3403,89000000,512000000,171.07
2025-12-07 05:15:43.878,caf78272-dcff-44a6-b4c2-b932b4ba35b1,3231.89,3407,89000000,512000000,174.59
2025-12-07 05:15:43.878,861a5b05-9816-4c38-a1fa-0980d02416b3,3212.65,3390,89000000,512000000,176.38
2025-12-07 05:15:43.877,e55d7226-a332-4f90-9d48-b8b2723dead7,3089.16,3283,89000000,512000000,193.24
2025-12-07 05:15:43.876,e6d02ee3-de46-45ce-a1be-1d02fcec54cb,3227.43,3401,90000000,512000000,173.22
2025-12-07 05:15:43.875,385e456a-8345-4995-b81e-211db7380391,3174.36,3360,89000000,512000000,184.66
2025-12-07 05:15:43.874,cf64a5f7-5257-4805-94c9-3e3c186672a6,3214.82,3393,90000000,512000000,177.2
2025-12-07 05:15:43.872,ad4e963a-5a79-4911-a233-5d45f102dd6e,3193.5,3366,89000000,512000000,171.7
2025-12-07 05:15:43.870,69d4acab-f9a7-4098-930b-706edf6cf813,3222.86,3394,89000000,512000000,170.44
2025-12-07 05:15:43.867,9d7c59f1-ffe1-468f-b323-74b80a8eb0d9,3203.28,3385,89000000,512000000,181.16
2025-12-07 05:15:43.858,53dfbf7d-1dbe-4c55-af93-ca4bc0716bb5,3202.47,3373,89000000,512000000,169.72
2025-12-07 05:15:43.856,c9fe39c9-736f-432d-8d5c-0cbf09b5a77a,3203.77,3373,89000000,512000000,168.77
2025-12-07 05:15:43.850,2502d07b-4bad-42ce-858d-da5eb6e6cac6,3167.66,3341,89000000,512000000,173.28
2025-12-07 05:15:43.849,f55ce1b4-1dcd-4d2b-a89e-bf8c319c070b,3165.95,3341,89000000,512000000,174.54
2025-12-07 05:15:43.848,61221c0e-a85b-4e9b-ba5f-bf08d64d4345,3184.26,3362,90000000,512000000,177.24
2025-12-07 05:15:43.844,2128178a-090c-496f-846e-01f9f962393c,3141.89,3324,89000000,512000000,181.5
2025-12-07 05:15:43.840,95f81301-5a8a-4730-bac0-500e847580b1,3187.45,3359,90000000,512000000,170.68
2025-12-07 05:15:43.838,f4674d3c-bb1c-4562-bb4d-c8f5aff33cca,3186.77,3358,90000000,512000000,170.4
2025-12-07 05:15:43.833,ad29633a-3b60-48c3-9875-9d4c7a6395d8,3143.98,3325,89000000,512000000,180.46
2025-12-07 05:15:43.824,f34f2b62-e7b4-4297-848c-aa3125825f48,3152.38,3321,89000000,512000000,168.47
2025-12-07 05:15:43.820,d4bac0a3-0938-45aa-bc90-739df4f0eb02,3133.73,3332,89000000,512000000,197.51
2025-12-07 05:15:43.819,4000b6e6-6e28-4a94-960e-5e36afb1bc55,3175.47,3351,89000000,512000000,175.1
2025-12-07 05:15:43.816,4cfa3ae7-9475-41dc-bafe-d7445f5d167a,3181.56,3373,91000000,512000000,191.04
2025-12-07 05:15:43.815,e19a8432-a4b5-492f-a35e-c0df319d02d3,3430.45,3603,89000000,512000000,171.87
2025-12-07 05:15:43.809,03478bae-5ab2-4f5c-9aa1-6b9ee7d72d1c,3156.68,3333,89000000,512000000,175.85
2025-12-07 05:15:43.808,ff98f7dd-0443-461a-829a-0f4469bf0679,3181.73,3355,91000000,512000000,172.34
2025-12-07 05:15:43.806,85310e41-1e97-4dfc-832d-d1ce34eac8b8,3131.29,3308,89000000,512000000,175.84
2025-12-07 05:15:43.797,1c9c247b-6c2f-4089-84c7-4d0b33fa025e,3173.41,3343,89000000,512000000,169.37
2025-12-07 05:15:43.796,2a68c490-809a-4a3b-a35c-fc4e590a9e01,3144.13,3321,89000000,512000000,175.97
2025-12-07 05:15:43.796,40694b6c-0348-416d-be05-d64c303e07e9,3151.53,3318,89000000,512000000,166.44
2025-12-07 05:15:43.794,50bf0aa1-d29a-441e-b04f-065bcd25d4b2,3137.68,3314,89000000,512000000,175.32
2025-12-07 05:15:43.794,f5f7854c-1670-43e7-9dc7-2db9822c3913,3148.7,3332,90000000,512000000,182.33
2025-12-07 05:15:43.793,2bf66ef1-a0d9-4520-a573-c6c6ad4d711d,3360.98,3556,89000000,512000000,194.94
2025-12-07 05:15:43.793,9009a053-12f5-4c4f-be09-a8189ef4f67a,3149.68,3319,89000000,512000000,168.53
2025-12-07 05:15:43.792,56bca918-72e0-4b11-8ec8-9cf28e9d9578,3397.12,3588,89000000,512000000,190.78
2025-12-07 05:15:43.789,cf59de9f-4e69-47b1-aa2b-aa0e9c59a6c1,3118.99,3303,89000000,512000000,183.97
2025-12-07 05:15:43.789,ef2badf4-b70e-409a-b58a-22da14d040ef,3140.74,3313,89000000,512000000,171.96
2025-12-07 05:15:43.787,eda96051-4516-4154-9e94-c768b2cc50f2,3112.32,3281,89000000,512000000,168.27
2025-12-07 05:15:43.786,dad626b6-ff02-435d-8592-c74adc328309,3400.38,3580,89000000,512000000,179.53
2025-12-07 05:15:43.786,c0529774-20d3-49ba-bc57-463d1976db2e,3143.3,3308,89000000,512000000,164.27
2025-12-07 05:15:43.785,ab150f3e-e6c2-483d-8c37-d89158e06329,3101.56,3270,89000000,512000000,168.02
2025-12-07 05:15:43.784,483725a9-1585-42eb-92d4-2951a95f95ab,3123.11,3287,89000000,512000000,163.57
2025-12-07 05:15:43.783,115cb6a5-dbc3-4b86-b71c-efec1ea7e8b7,3160.43,3342,89000000,512000000,181.31
2025-12-07 05:15:43.781,6ca647fa-9d4c-4252-8c2b-eadb921f54dc,3099.15,3271,89000000,512000000,170.88
2025-12-07 05:15:43.781,219328ae-caa5-44ba-b1d1-defb458df378,3093.92,3262,89000000,512000000,167.96
2025-12-07 05:15:43.778,75f7bf23-3fed-4ad0-8d8f-7d40fe0161da,3096.21,3295,89000000,512000000,198.41
2025-12-07 05:15:43.776,8eb2ee88-3e5a-4a33-8bd9-fe01bdfa09dc,3172.34,3336,89000000,512000000,162.89
2025-12-07 05:15:43.775,7945c43e-6027-40b6-8c58-4895b930f96a,3091.05,3261,89000000,512000000,169.05
2025-12-07 05:15:43.771,affc94fa-31c8-4d97-afb9-fe64ba67395c,3079.09,3256,89000000,512000000,176.32
2025-12-07 05:15:43.766,fa5ddfce-5291-410b-a955-ed4969adec39,3110.42,3281,89000000,512000000,170.42
2025-12-07 05:15:43.764,c981c9c1-1824-494a-a3ba-c27089aa9da6,3115.74,3285,89000000,512000000,168.51
2025-12-07 05:15:43.764,ebfff307-7e55-46fa-aa99-89866449fac0,3359.68,3568,89000000,512000000,207.4
2025-12-07 05:15:43.762,6d67f06c-3c40-4863-9443-7a9a9bf3c3de,3115.51,3282,89000000,512000000,166.44
2025-12-07 05:15:43.761,eec75935-8d24-4957-99c3-b957c446656a,3109.3,3311,89000000,512000000,201.16
2025-12-07 05:15:43.756,2ebc2b6a-e574-4477-aa03-04cfd937fab5,3141.04,3315,90000000,512000000,173.59
2025-12-07 05:15:43.753,dd7d43c5-88be-4822-8e94-42930c89e0f5,3109.49,3275,89000000,512000000,165.51
2025-12-07 05:15:43.750,f15ef7f1-2e2b-4868-9bbc-8831c748bb92,3083.93,3262,90000000,512000000,177.24
2025-12-07 05:15:43.749,f2ead629-bd18-4637-8877-96d41b5af043,3335.17,3523,89000000,512000000,187.7
2025-12-07 05:15:43.748,e03f7770-9281-47d2-aa11-ce34a20761ce,3091.23,3264,89000000,512000000,172.19
2025-12-07 05:15:43.743,e9718ac8-e7cf-4f98-9e7d-871770d09215,3106.88,3267,89000000,512000000,159.88
2025-12-07 05:15:43.740,fa56560d-c275-4e3e-a42c-a75b2858ab00,3083.02,3259,89000000,512000000,175.69
2025-12-07 05:15:43.738,5a313a90-a062-43c0-9acf-5492e5af8134,3086.75,3260,89000000,512000000,172.71
2025-12-07 05:15:43.736,1fc601d4-a254-49fb-9f95-224846cd0657,3320.42,3526,89000000,512000000,205.4
2025-12-07 05:15:43.736,b02f6bc1-5594-476a-9b18-3d54507b5752,3081.89,3249,89000000,512000000,166.88
2025-12-07 05:15:43.735,7ad98094-be40-43d1-a4f8-f875d8edafea,3086.91,3257,89000000,512000000,169.39
2025-12-07 05:15:43.730,2f7c36a5-a4cb-406a-aba6-acffa7c420d0,3121.67,3286,90000000,512000000,163.72
2025-12-07 05:15:43.726,4cae71b1-6d26-4b8f-8546-aad791278c9b,3071.67,3244,89000000,512000000,172.1
2025-12-07 05:15:43.725,22b41636-785a-4afc-b0d9-85464b2416ea,3066.88,3241,89000000,512000000,173.49
2025-12-07 05:15:43.723,4a8a2136-3711-48ae-9adb-2a2d3475d0dd,3077.55,3245,89000000,512000000,166.72
2025-12-07 05:15:43.720,11af6534-1308-4691-88cd-eb0ae45a6c62,3075.75,3245,89000000,512000000,168.6
2025-12-07 05:15:43.711,7836cf4e-7f59-4e77-9428-ba3f9db89231,3292.22,3503,90000000,512000000,210.28
2025-12-07 05:15:43.710,fc294ae8-3fd5-4d86-9d2b-e513f9ae77c1,3044.63,3207,89000000,512000000,161.53
2025-12-07 05:15:43.709,f584a7f0-9b6d-4f91-b426-6114a0212dc0,3085.14,3256,89000000,512000000,170.29
2025-12-07 05:15:43.708,b78bf217-94a6-453e-95e4-29afa3eeafba,3031.7,3202,89000000,512000000,169.7
2025-12-07 05:15:43.699,098e5236-9f53-4124-8429-73b6641e87b0,3075.8,3245,90000000,512000000,168.33
2025-12-07 05:15:43.697,d68787c6-5000-4325-b55a-9897694db537,3268.68,3480,91000000,512000000,211.08
2025-12-07 05:15:43.696,0e50657c-d1f3-4f7a-aff4-0e026eddbb3b,3049.68,3218,89000000,512000000,168.26
2025-12-07 05:15:43.695,ccd5fb8f-b1de-49d8-83fd-7140b337c1b7,3319.04,3493,89000000,512000000,173.88
2025-12-07 05:15:43.689,f51ab34b-b867-4849-8645-de01a0c6f42e,3015.64,3179,89000000,512000000,163.19
2025-12-07 05:15:43.688,78ca2ec9-c3c5-4772-9c5b-d9ff036a1c0f,3019.69,3182,89000000,512000000,161.9
2025-12-07 05:15:43.682,e1370783-abc0-498a-963e-9fdd8afdfb2b,3285.86,3479,91000000,512000000,192.53
2025-12-07 05:15:43.681,d97c0cff-8771-458f-8ef5-0ff2cb8a1d88,3265.22,3474,89000000,512000000,208
2025-12-07 05:15:43.678,0d71869f-85a5-40be-874a-00b6ce04c224,3307.32,3481,89000000,512000000,173.07
2025-12-07 05:15:43.676,6b5c8db5-bda5-4464-8c57-7c259670af85,3027.59,3199,89000000,512000000,171.05
2025-12-07 05:15:43.672,c39d78ae-3e65-403e-9b79-de8bcc631870,3204.69,3376,89000000,512000000,171.15
2025-12-07 05:15:43.672,a61613d4-e0c0-47a2-bf21-d1d8ffc3b8ae,3010.82,3192,89000000,512000000,180.34
2025-12-07 05:15:43.671,08b0ca45-1603-419e-9c8f-9a1e70c1202f,3059.58,3225,89000000,512000000,164.62
2025-12-07 05:15:43.670,b4e21123-9ace-48d3-b3ca-adb5f96fc99a,3056.37,3221,89000000,512000000,164.59
2025-12-07 05:15:43.668,9d3aae4f-d098-4bab-87de-d6e55b6a6955,3092.86,3233,89000000,512000000,139.27
2025-12-07 05:15:43.666,ed4208a1-a487-4c22-a367-cb5a1688c701,2995.48,3180,89000000,512000000,183.7
2025-12-07 05:15:43.666,63edf7eb-fa70-44f2-afb2-7a05e869df02,3292.86,3469,89000000,512000000,175.22
2025-12-07 05:15:43.666,4306bd66-8f86-4082-b2e5-f5b406e4432c,3002.56,3177,89000000,512000000,174.26
2025-12-07 05:15:43.665,8de55c06-d8ed-40bc-9467-870fef85689a,3259.82,3437,90000000,512000000,176.32
2025-12-07 05:15:43.665,fac8878a-4da0-47df-b5d1-26bb357abb38,3283.54,3465,89000000,512000000,180.56
2025-12-07 05:15:43.665,09604d64-b63f-4287-89c5-54a8d3606062,3013.09,3182,90000000,512000000,168.64
2025-12-07 05:15:43.662,f76cd33f-19f2-425b-b2b9-a25a989a3405,3051.44,3218,89000000,512000000,166.08
2025-12-07 05:15:43.661,b65b754e-fbde-4b15-ac45-e2cac9061772,3015.19,3183,89000000,512000000,167.23
2025-12-07 05:15:43.657,6eab5332-dd88-41c4-ba2b-1a04d7af291e,3259.49,3435,89000000,512000000,175.36
2025-12-07 05:15:43.656,bb5bf781-52d0-4fa0-9094-20ad91c75eb0,2975.28,3144,89000000,512000000,167.87
2025-12-07 05:15:43.651,8fe33422-775a-492a-a835-fc3b832bf2d3,3040.9,3209,89000000,512000000,167.15
2025-12-07 05:15:43.648,d4c7fb93-237d-4ecb-b00c-090ff40def0b,3233.35,3434,89000000,512000000,199.86
2025-12-07 05:15:43.646,7c9f3f63-d0ef-429c-ad83-9d68fa6bd743,3285.29,3454,89000000,512000000,167.81
2025-12-07 05:15:43.645,c7953616-5336-44ae-b3f8-0a9879f9f0e5,3172.17,3408,89000000,512000000,235.26
2025-12-07 05:15:43.637,1159ebba-0820-48c9-ab48-067a8459bb07,2970.46,3131,90000000,512000000,160.4
2025-12-07 05:15:43.625,9c7ca7ee-7012-4f41-916f-dd6e621dfcb3,3265.86,3441,91000000,512000000,174.16
2025-12-07 05:15:43.623,dd52dc66-8d7d-475f-88fc-d5bab82029db,3247.76,3424,89000000,512000000,176.17
2025-12-07 05:15:43.619,cfb6e3c1-9b98-4a7d-983f-06f9a7e0e774,2981.64,3144,89000000,512000000,162.04
2025-12-07 05:15:43.619,57616bd1-484a-4473-8544-3aa6d50a6866,3223.76,3406,89000000,512000000,181.31
2025-12-07 05:15:43.618,467577f1-b437-47cb-ae29-4c5047abbcb2,3242.12,3427,89000000,512000000,184.14
2025-12-07 05:15:43.618,157c57cb-d156-4de5-b8da-cf2d6475c9bf,3241.45,3411,89000000,512000000,169
2025-12-07 05:15:43.618,556b999b-8900-4c19-9584-23a74a05f89a,3236.86,3419,89000000,512000000,181.31
2025-12-07 05:15:43.617,a136d882-09fa-4efd-82ef-3210c6c43c06,3177.32,3389,89000000,512000000,211.32
2025-12-07 05:15:43.616,f27d0d66-3d41-44a2-83fc-ac38b97f6421,3217.8,3416,89000000,512000000,198.13
2025-12-07 05:15:43.615,1d3d519e-6ea8-46d0-96a2-2d6bf6a33604,3216.88,3404,90000000,512000000,186.84
2025-12-07 05:15:43.608,ee3804de-31b1-4fac-8504-2f4d5d7d6e30,2851.8,3105,89000000,512000000,252.54
2025-12-07 05:15:43.608,65448600-da31-4aa7-bc58-877ecbe5a54c,3222.07,3406,89000000,512000000,183.64
2025-12-07 05:15:43.606,c9557eee-4609-4a23-a2fb-b2f10afb7abc,3212.4,3406,90000000,512000000,193.58
2025-12-07 05:15:43.604,863649c6-4a51-4aa2-90ca-68b43015ca7e,3212.61,3396,89000000,512000000,183.07
2025-12-07 05:15:43.597,0b665b9a-fe42-42f4-9645-54ff25a31aac,3215.52,3389,89000000,512000000,173.02
2025-12-07 05:15:43.594,79c5d203-10ae-4f75-9d66-30ca2f53d972,3219.29,3396,92000000,512000000,176.64
2025-12-07 05:15:43.594,0740b1e3-ed00-4538-903b-97df6af7cc7b,3202.61,3384,90000000,512000000,180.55
2025-12-07 05:15:43.592,47f64b6f-d536-421b-816b-92abd89db5dc,3210.44,3387,89000000,512000000,176.14
2025-12-07 05:15:43.590,3b134b66-666b-485a-909e-e8bec7cb3795,3218.52,3387,89000000,512000000,168.33
2025-12-07 05:15:43.590,7eec3e9d-9c67-44ca-a12c-86b44afb046f,2951.86,3117,89000000,512000000,164.54
2025-12-07 05:15:43.588,4a55617c-1d79-48f2-8266-a277bed528ed,3131.73,3342,89000000,512000000,209.56
2025-12-07 05:15:43.585,cb4f2169-6fe1-4863-be4c-a465dd0a6c55,2972.02,3141,89000000,512000000,168.48
2025-12-07 05:15:43.583,0382e636-b001-47f1-8eee-2b78e11502c2,3157.42,3367,89000000,512000000,209.57
2025-12-07 05:15:43.582,88a7aee2-46f6-4977-ac82-20850b30b6bf,3181.74,3372,89000000,512000000,189.49
2025-12-07 05:15:43.580,ada7cc63-bf7a-4fe1-9172-99767564f612,3191.21,3371,89000000,512000000,179.67
2025-12-07 05:15:43.579,f80a0ae2-b101-44d0-b449-420211d4df07,3213.47,3383,91000000,512000000,169.22
2025-12-07 05:15:43.574,e568cfcc-54b3-4da5-abb2-6d548afb96fc,3210.65,3387,91000000,512000000,175.52
2025-12-07 05:15:43.567,989cc956-c314-4b7b-9094-53de00f2cca9,3176.4,3367,89000000,512000000,190.43
2025-12-07 05:15:43.567,b207e3c1-fd62-4431-8dae-94f00f0653b9,3159.95,3365,90000000,512000000,204.36
2025-12-07 05:15:43.566,bedfc912-33cb-4610-8763-b37c84b32a2d,3185.68,3356,89000000,512000000,169.7
2025-12-07 05:15:43.563,1ffab7ab-bcd6-4b3f-b904-e5356ef1461c,3161.18,3350,89000000,512000000,188.02
2025-12-07 05:15:43.562,2e644ec2-74a2-4b1a-a29f-4c2f0f57132b,3178.24,3346,91000000,512000000,166.86
2025-12-07 05:15:43.561,d0877b22-9857-4ac1-bf37-ca333e37a4e6,3182.03,3366,90000000,512000000,183.34
2025-12-07 05:15:43.561,3779b832-5e7d-4cd1-9a41-bd79709711ef,3189.53,3363,89000000,512000000,172.81
2025-12-07 05:15:43.560,6348cf22-8596-4d46-96a8-cfd6c72e9570,3197.91,3375,91000000,512000000,176.4
2025-12-07 05:15:43.558,00a792f2-d272-4824-95d8-1f924fea4a75,3163.63,3353,89000000,512000000,188.51
2025-12-07 05:15:43.556,2b9e2dde-eaee-40e4-896b-584b6366e6d1,3170.57,3356,89000000,512000000,185.08
2025-12-07 05:15:43.556,63cee537-d137-4fd8-9690-6a59d46a0266,3163.32,3344,88000000,512000000,180.06
2025-12-07 05:15:43.555,a6ac0d6b-bb66-4ecf-9ffa-d94202fd255b,2795.93,2968,91000000,512000000,171.48
2025-12-07 05:15:43.553,c03d234c-25ab-4684-9dea-068711c52bc2,3183.16,3356,89000000,512000000,172.18
2025-12-07 05:15:43.553,595de637-2ae3-4030-ac39-4ea152487f26,3184.36,3359,89000000,512000000,173.89
2025-12-07 05:15:43.549,09206247-acdc-480f-bfc8-6b1afc31251a,3179.29,3355,89000000,512000000,175.15
2025-12-07 05:15:43.548,df78cd02-cdc6-47a9-96c8-824f5036a796,3167.9,3349,89000000,512000000,180.92
2025-12-07 05:15:43.547,9b50f4c7-61fb-42c1-89d3-9dedad19b917,3151.34,3323,89000000,512000000,171.45
2025-12-07 05:15:43.547,010a039c-1ff7-45d8-b1aa-816a9a90c09e,3162.89,3334,91000000,512000000,171.01
2025-12-07 05:15:43.546,a0a84e2c-3096-4b26-a62f-af52b5fa9e27,3173.46,3346,89000000,512000000,172.14
2025-12-07 05:15:43.545,09a4837c-2f10-41c0-9b9a-8ee42cf8e8f3,3181.66,3350,90000000,512000000,168.06
2025-12-07 05:15:43.541,aac0571a-d389-42e5-bdc0-d09e6bd8ec42,3173.05,3344,90000000,512000000,170.93
2025-12-07 05:15:43.539,e49a33e4-3046-47d3-ac63-08b2fce9996e,3160.91,3342,89000000,512000000,181.01
2025-12-07 05:15:43.539,0afb7d78-1f29-4639-b109-8a10c56a22d9,3165.32,3340,89000000,512000000,174.53
2025-12-07 05:15:43.538,f6eb1f5f-26d0-4b2c-966b-0cfba4c4e680,3169.38,3338,90000000,512000000,168.04
2025-12-07 05:15:43.537,ad025b71-5946-430b-827d-449f169bfdf1,3175.97,3346,91000000,512000000,170
2025-12-07 05:15:43.536,5e568bef-0635-4e81-a039-dde44705f25c,3148.98,3328,92000000,512000000,178.24
2025-12-07 05:15:43.526,96e90afb-997b-491f-8fc8-69db6a56d949,3144.06,3317,89000000,512000000,172.84
2025-12-07 05:15:43.525,1c0584f7-0c29-4238-ac3b-7325a7a3a04f,3149.55,3334,89000000,512000000,183.87
2025-12-07 05:15:43.524,658bc2b3-bade-4d02-94f3-6621d269bd70,3135.42,3320,89000000,512000000,184.45
2025-12-07 05:15:43.523,70c9a914-837d-4c0d-a062-8152307f2875,3155.75,3322,90000000,512000000,166.01
2025-12-07 05:15:43.522,d09ab2cc-0bcf-4a66-912a-33eb454692ab,3156.32,3325,89000000,512000000,167.94
2025-12-07 05:15:43.522,9de85378-9c6d-4109-887c-e0e86c221c42,3159.46,3326,90000000,512000000,166.35
2025-12-07 05:15:43.521,ea3f70b4-9734-47d4-ae87-ef6fb674d03e,3129.7,3327,90000000,512000000,196.46
2025-12-07 05:15:43.519,1cedbd2c-57bb-4c2f-a397-c61fd941b90e,3124.45,3321,89000000,512000000,195.65
2025-12-07 05:15:43.517,cde0cda1-9de3-4588-b7ef-bb9ae06b1516,3149.98,3322,91000000,512000000,171.26
2025-12-07 05:15:43.516,eeddccb1-662f-4a28-96ce-670153307f85,3138.29,3323,89000000,512000000,184.43
2025-12-07 05:15:43.513,731973b9-3958-41ed-8089-989b9b5a50d6,3121.54,3305,89000000,512000000,182.75
2025-12-07 05:15:43.512,172e235c-e226-4c3c-9b35-308e1a10452a,3123.43,3311,89000000,512000000,187.51
2025-12-07 05:15:43.510,b0e5fb89-6615-4201-8d7f-614358ad56d7,3117.42,3294,89000000,512000000,176.51
2025-12-07 05:15:43.505,7a0b6afc-0f11-4e23-89a4-2caa3070449d,3115.83,3284,89000000,512000000,167.33
2025-12-07 05:15:43.505,faf35b1c-f157-42e0-b1d8-7cfdbbcfc597,3128.2,3306,90000000,512000000,177.33
2025-12-07 05:15:43.504,c62a2aa0-36d3-4b78-b0ae-8e82130f1d6b,3137.98,3304,89000000,512000000,165.35
2025-12-07 05:15:43.504,bed9e0ce-b73d-4d30-b694-c7c352f7f654,3141.18,3308,89000000,512000000,166.78
2025-12-07 05:15:43.503,135cd7e9-a7f7-4764-b790-fd9eed3609eb,3142.65,3310,89000000,512000000,166.7
2025-12-07 05:15:43.502,b76b2486-344e-4b9f-9be5-54dfef830490,3137.3,3307,89000000,512000000,169.64
2025-12-07 05:15:43.499,c412785b-dcf5-4d00-a1d8-3742d426d853,3097.43,3286,89000000,512000000,188.37
2025-12-07 05:15:43.498,102d15a4-f8b6-4269-a1e3-b5ee3360fab9,3130.31,3301,89000000,512000000,170.08
2025-12-07 05:15:43.497,f6fdfe28-f313-4df0-9e3f-dcf5fd7af299,3121.2,3293,89000000,512000000,171.59
2025-12-07 05:15:43.491,9702d62c-e5f0-4187-b9f8-c0a791ab7361,3121.24,3293,89000000,512000000,171.02
2025-12-07 05:15:43.490,dde9906c-02e7-425b-a46f-a480ecd68c9d,3105.11,3274,89000000,512000000,168.41
2025-12-07 05:15:43.489,9760c9af-bd7f-4e44-9362-668a197a810c,3124.55,3293,89000000,512000000,168.39
2025-12-07 05:15:43.485,822dbde2-1f24-471a-815c-8a67caeff65b,3095.53,3278,90000000,512000000,182.3
2025-12-07 05:15:43.484,1c04d86e-5f7e-4d7d-bd0f-06114ff5b076,3121.69,3289,89000000,512000000,167.15
2025-12-07 05:15:43.483,f05ee577-0451-432e-a4ce-e281e8f8fcde,3106.63,3286,89000000,512000000,179.2
2025-12-07 05:15:43.482,07c58a97-33e3-4926-a5bd-8e76730ba61c,3107.73,3284,91000000,512000000,175.65
2025-12-07 05:15:43.479,c8d390e6-49b5-47fa-90a2-2a2ab1f23b83,3098.7,3264,90000000,512000000,165.09
2025-12-07 05:15:43.478,bc9e6701-5e6a-44c0-8610-2a652b0067ee,3109.84,3284,89000000,512000000,173.42
2025-12-07 05:15:43.477,4e7217cc-6906-4230-b6eb-9b71a5625f5d,3086.13,3254,89000000,512000000,167.56
2025-12-07 05:15:43.477,f9e2fe21-45f9-4869-8329-bcd7d7aecf3a,3113.77,3281,89000000,512000000,167.06
2025-12-07 05:15:43.476,36b11695-2002-4ea2-84bf-49deb860665f,3106.96,3277,89000000,512000000,169.97
2025-12-07 05:15:43.476,9bd58567-13ea-4ac6-a81f-e2c54bcc7df9,3103.62,3275,89000000,512000000,170.59
2025-12-07 05:15:43.475,89d5f06d-6fc0-4923-9498-365c7fc5a13d,3104.79,3278,89000000,512000000,172.84
2025-12-07 05:15:43.473,9784e510-440d-4be6-a72c-0d2665e19e7c,3105.1,3278,91000000,512000000,172.15
2025-12-07 05:15:43.471,c08fbbd8-87e9-44fc-aa21-52b8b01f2aa7,3111.43,3280,89000000,512000000,168.03
2025-12-07 05:15:43.471,78a0d539-6feb-4dbb-a185-7ec4bfbfbce6,2717.67,2875,89000000,512000000,156.83
2025-12-07 05:15:43.468,6c108516-20ce-4875-813e-497c26a7a5d7,3103.92,3269,89000000,512000000,164.59
2025-12-07 05:15:43.465,4c33216d-3105-484c-9a0f-d327e02a787c,3089.06,3267,89000000,512000000,177.93
2025-12-07 05:15:43.464,c38a75c0-ad2d-4a6f-a827-90c5082cef21,3096.56,3261,89000000,512000000,164.37
2025-12-07 05:15:43.463,1aa55736-171e-4fde-81c8-039b70e440ac,3099.22,3262,89000000,512000000,162.1
2025-12-07 05:15:43.456,6010c26b-dc11-4c01-8310-bead22dd645d,3091.39,3260,89000000,512000000,168.53
2025-12-07 05:15:43.454,88c04202-684f-4eea-884d-55bdb3bd6647,3090.25,3262,90000000,512000000,171.37
2025-12-07 05:15:43.451,dd9c8347-cfe3-433d-8b43-d60403906520,2849.03,3010,90000000,512000000,160.33
2025-12-07 05:15:43.451,1993ef5c-85f1-4af5-8d49-de393cc7fed7,2839.99,2979,89000000,512000000,138.57
2025-12-07 05:15:43.444,805edf01-505f-4e52-9e92-691bcff29a85,3088.84,3252,89000000,512000000,162.31
2025-12-07 05:15:43.444,7a3d22b4-4c88-4a85-b445-10e746069dd9,3068.52,3243,89000000,512000000,173.88
2025-12-07 05:15:43.442,1abb7664-0651-4a26-b3c7-2e0f9eec472a,3077.93,3246,91000000,512000000,168
2025-12-07 05:15:43.434,fc0e8880-7a28-4d2a-b4e1-d5e0731bccdc,3061.71,3230,90000000,512000000,167.75
2025-12-07 05:15:43.430,ed7522f8-46c2-418c-a6ec-ca4aef102d6b,3060.11,3224,90000000,512000000,163.5
2025-12-07 05:15:43.426,1b5e6ee0-193e-4d6b-9420-b268ffe85e0d,3070.84,3244,89000000,512000000,173.06
2025-12-07 05:15:43.426,21d6565d-22b9-46b7-b890-3b953e76c9e6,3058.67,3228,89000000,512000000,168.95
2025-12-07 05:15:43.417,9d56c1a9-52b3-4fb0-9e66-f17e32f3cb66,3051.5,3222,89000000,512000000,170.16
2025-12-07 05:15:43.417,b93898ad-7d62-4d28-a63f-c88614d21ca3,3058.81,3230,89000000,512000000,170.75
2025-12-07 05:15:43.416,3a272398-2bc8-46ee-80a5-3b5e70102678,3062.07,3227,90000000,512000000,164.19
2025-12-07 05:15:43.416,b03cb6f2-a130-4794-89c3-8520f419b462,3066.95,3234,89000000,512000000,166.76
2025-12-07 05:15:43.414,c1d4c5b9-1026-4ac3-bc8f-c5bad8ecb17f,3043.01,3218,89000000,512000000,174.9
2025-12-07 05:15:43.413,4c2def64-15d8-4089-b2b9-1d663b973a6f,3062.07,3227,89000000,512000000,164.53
2025-12-07 05:15:43.413,022f5f3f-fdd7-443d-9347-4e85cca7ae2d,3050.68,3220,89000000,512000000,169.22
2025-12-07 05:15:43.413,4efdefab-7667-476b-8c8a-084b869bf977,2788.99,2931,91000000,512000000,141.8
2025-12-07 05:15:43.411,3ae6fd3d-61a9-41dc-b6a3-62084325a47a,3085.05,3222,91000000,512000000,136.18
2025-12-07 05:15:43.408,f1c8baf6-22aa-48a7-9b48-11a74d13caf1,3037.58,3202,91000000,512000000,164.01
2025-12-07 05:15:43.408,16b3dd57-4145-4dc7-9242-3f785d19b232,3036.83,3203,89000000,512000000,165.26
2025-12-07 05:15:43.406,6820bb65-4387-47f6-91ca-4d4431187530,3021.85,3197,89000000,512000000,174.76
2025-12-07 05:15:43.404,aacb2c6a-bffa-447e-9bab-d8d8d3d97a3c,2771.7,2932,89000000,512000000,159.38
2025-12-07 05:15:43.402,faf213b8-3434-4fcd-bcc4-05a4a5ffcc70,2763.53,2927,90000000,512000000,162.71
2025-12-07 05:15:43.399,ccddb871-5d51-4d9d-aa31-dc73a150ba0f,2749.18,2932,89000000,512000000,182.41
2025-12-07 05:15:43.387,daa0352e-f362-4c55-927c-6ef003b0f752,3024.83,3190,89000000,512000000,164.2
2025-12-07 05:15:43.386,4b4f4cfa-2526-4ac1-8a28-cfaef3c6ad87,2769.88,2910,93000000,512000000,139.51
2025-12-07 05:15:43.383,4c95a88b-7381-46ec-9278-d56ef64f2a4c,3024.93,3191,90000000,512000000,165.56
2025-12-07 05:15:43.382,2055c986-a766-4d98-a6f2-eee15af583fd,3024.77,3191,91000000,512000000,165.8
2025-12-07 05:15:43.381,42ab6c9f-b16c-41e9-a787-793025b0b6bc,3025.06,3189,89000000,512000000,163.44
2025-12-07 05:15:43.372,3dc3f458-cd70-477b-a903-efb62b497f75,3006.69,3174,89000000,512000000,167.22
2025-12-07 05:15:43.369,d3695399-e23e-4fc0-aea1-fb9f52a0c3e9,3013.18,3184,90000000,512000000,170.24
2025-12-07 05:15:43.368,a17ca13a-42ac-4eaf-84ca-b4d431a34b0e,2995.74,3166,90000000,512000000,169.47
2025-12-07 05:15:43.364,20073eaf-5ae8-4483-ad03-361439079a71,2770.47,2917,89000000,512000000,146.16
2025-12-07 05:15:43.361,e53e7135-c2d4-4b70-b3c4-e147cb9f9b73,2974.85,3141,89000000,512000000,165.97
2025-12-07 05:15:43.358,9ac0af5c-f60f-45dd-b5e7-760e6c5dd272,2719.38,2879,89000000,512000000,159.48
2025-12-07 05:15:43.357,fe608c6c-879f-4404-8e50-8741227c09d7,3001.65,3167,89000000,512000000,165.09
2025-12-07 05:15:43.357,3b25b77a-a155-4951-a4b8-894cf79abc32,3010.07,3178,89000000,512000000,167.38
2025-12-07 05:15:43.355,db33cf7e-b9e1-4e92-9bf6-08f640c2dc6f,2998.8,3161,89000000,512000000,161.71
2025-12-07 05:15:43.355,d128bc4b-d9f3-42eb-ace8-54763468ca6d,2982.54,3153,89000000,512000000,169.96
2025-12-07 05:15:43.351,ecd2f372-9617-4aec-acf5-c7132d129dd0,2989.65,3155,89000000,512000000,164.84
2025-12-07 05:15:43.350,3c127d6e-226d-42c7-bc44-f2c3e23c784a,2983.9,3151,89000000,512000000,166.77
2025-12-07 05:15:43.337,e26caf2a-4563-464b-a4df-2346a79a31ba,2710.97,2865,89000000,512000000,153.43
2025-12-07 05:15:43.332,7225c41e-32b9-4529-8f89-73ca71264bf0,2961.78,3133,89000000,512000000,170.54
2025-12-07 05:15:43.320,ce746fa2-57a4-48db-a6c1-0f61beb10180,2667.77,2816,89000000,512000000,147.31
2025-12-07 05:15:43.317,eefa00d1-93ff-40b7-a576-9e69773c7abc,2635.36,2803,89000000,512000000,167.12
2025-12-07 05:15:43.299,3a05feff-1014-4c76-9aa7-a7a2daff8289,2951.5,3118,90000000,512000000,166.09
2025-12-07 05:15:43.298,8ec31a8a-25b3-4fd7-bc2a-d1cdbe43c52c,2945.13,3110,89000000,512000000,164.06
2025-12-07 05:15:43.296,3e00eb48-b761-401c-aac3-21a5558191bf,2935.38,3092,89000000,512000000,156.53
2025-12-07 05:15:43.280,a047c2de-f9b2-40c6-b4c1-569dec921fe6,2624.03,2780,89000000,512000000,155.93
2025-12-07 05:15:43.260,798e711e-fe37-42ea-ae68-46444e846e77,2906.09,3065,89000000,512000000,158.47
2025-12-07 05:15:43.228,ec5da01f-cb41-43a3-b303-302ee36d4fae,2869,3034,89000000,512000000,164.9
2025-12-07 05:15:43.222,f2777911-48ae-4e29-8b67-b91cc98acd8e,2609.2,2756,89000000,512000000,146.8
2025-12-07 05:15:43.220,db0c477e-4a5b-4f96-8828-234604dd2605,2877.25,3034,90000000,512000000,156.15
2025-12-07 05:15:43.216,4ca5c02c-e611-4d4e-967e-ff56a63e0562,2622.59,2770,89000000,512000000,146.66
2025-12-07 05:15:43.212,5e02a495-3b4f-4d87-9dd5-6039c4f13ca7,2566.56,2711,89000000,512000000,143.47
2025-12-07 05:15:43.210,72e7919d-c819-4bf5-9673-f6f5e8ba802e,2851.93,3008,91000000,512000000,155.68
2025-12-07 05:15:43.199,e02c3eba-d739-4793-8c42-2b3158ca57ca,2795.99,2994,90000000,512000000,197.29
2025-12-07 05:15:43.196,82432785-bb00-4d4f-bb62-574b2f0897d6,2790.74,2968,90000000,512000000,177.23
2025-12-07 05:15:43.189,1ac1599b-83cf-466f-8f37-7499a4eb7dff,2588.13,2723,89000000,512000000,134.71
2025-12-07 05:15:43.186,cbe131aa-0d3c-49a7-b963-ea1dc550ae48,2832.94,2987,89000000,512000000,153.38
2025-12-07 05:15:43.176,58b15ee6-ba18-4feb-8db5-89c0f4bc65ca,2798.98,2955,91000000,512000000,155.27
2025-12-07 05:15:43.134,0558e57c-a15f-496c-9eb5-093cd593bd47,2378.39,2592,89000000,512000000,213.43
2025-12-07 05:15:43.115,040e6ffb-47e7-4123-9467-3bedac12ed43,2364.59,2569,90000000,512000000,204.06
2025-12-07 05:15:43.110,14b1a8b7-33f4-4213-9748-6376cf833c4a,2759.01,2908,89000000,512000000,148.07
2025-12-07 05:15:43.100,b29243e6-3caf-4e90-8a45-75331d247514,2482.06,2614,89000000,512000000,130.99
2025-12-07 05:15:43.091,5485502c-ff58-43e1-a338-aedb2c238cda,2732.34,2888,91000000,512000000,155.42
2025-12-07 05:15:43.085,c462afbb-d388-4e4c-9a44-c1d0f7fa776f,2741.9,2888,91000000,512000000,145.6
2025-12-07 05:15:43.084,aa6f070a-a5bc-487b-9c49-5feb78c3d26b,2748.75,2891,90000000,512000000,141.5
2025-12-07 05:15:43.079,24333272-30cf-49e0-a3f8-3b9b636ebf47,2460.28,2591,89000000,512000000,129.9
2025-12-07 05:15:43.077,cc4f80ed-22e1-491d-a176-038f55d08378,2727.22,2882,89000000,512000000,154.74
2025-12-07 05:15:43.071,fff56fd4-d8a3-43b1-8a89-aaf15370bf1e,2707.6,2876,92000000,512000000,167.5
2025-12-07 05:15:43.068,c237d79e-39e9-4192-a196-21c367c36ebb,2724.8,2861,89000000,512000000,136.2
2025-12-07 05:15:43.064,beacd6dd-8c44-4f57-91a0-8c598c48159d,2713.99,2867,89000000,512000000,152.18
2025-12-07 05:15:43.063,03917c36-ff0b-4644-909b-6f0fef35970b,2720.99,2864,89000000,512000000,143
2025-12-07 05:15:43.058,ffccd7ac-1354-48ad-966d-a34d291ab37a,2695.5,2841,89000000,512000000,144.81
2025-12-07 05:15:43.040,85c350b5-ff73-4069-8213-5c7fa7c90577,2685.03,2843,90000000,512000000,157.54
2025-12-07 05:15:43.032,331df019-5e92-4955-9659-9236bcbe27ea,2302.27,2520,89000000,512000000,217.03
2025-12-07 05:15:43.024,b0614814-0ba0-4305-96a7-ee9523373fb7,2673.49,2821,89000000,512000000,147.22
2025-12-07 05:15:43.018,e9e7df6d-892b-47d4-b978-2429697b8987,2666.11,2810,89000000,512000000,143.69
2025-12-07 05:15:43.012,bbcbccd4-66e9-4ea2-ae18-e889c86593e4,2653.9,2812,89000000,512000000,158.01
2025-12-07 05:15:43.009,c372b5af-8d8b-4677-b90a-b78e9f459694,2668.43,2817,89000000,512000000,148.53
2025-12-07 05:15:43.002,6316f6e6-f910-45c9-a51f-34d974903282,2659.33,2805,89000000,512000000,145.25
2025-12-07 05:15:42.994,6561d97f-517f-4359-92b6-949038f3b249,2171.84,2389,89000000,512000000,216.67
2025-12-07 05:15:42.989,836bccf7-d7c0-410c-b028-a3d8f3e6abf8,2664.25,2803,89000000,512000000,138.26
2025-12-07 05:15:42.986,9bbf6997-9564-4314-a209-e8cc9fc2bdcf,2646.56,2792,89000000,512000000,144.92
2025-12-07 05:15:42.961,e1dd97a8-a1d5-4f00-9a72-db4bb7f2a9e7,2616.91,2761,89000000,512000000,144.01
2025-12-07 05:15:42.959,372ff922-b703-4332-8b2c-42f33d1bd1ae,2644.48,2779,92000000,512000000,133.89
2025-12-07 05:15:42.956,58121e41-550f-44e4-bd00-17c577c55217,2622.7,2762,89000000,512000000,138.41
2025-12-07 05:15:42.955,a7c5dee7-80ab-4d7a-b727-f212ed75c131,2619.41,2761,90000000,512000000,141.53
2025-12-07 05:15:42.952,f0699518-97e0-4371-bdc3-b85dc2dc14c3,2599.68,2748,90000000,512000000,147.96
2025-12-07 05:15:42.951,d0a614a4-a007-4045-8071-35d26beb865f,2610.61,2749,89000000,512000000,137.43
2025-12-07 05:15:42.951,756aef16-db88-4bbb-8e68-690a633f9733,2596.28,2753,89000000,512000000,156.63
2025-12-07 05:15:42.940,64d54a51-e141-4d2e-8fe3-fffc0367c144,2617.39,2757,89000000,512000000,138.72
2025-12-07 05:15:42.937,76476af0-b4f5-4050-a697-c2fa4c00a305,2589.83,2735,89000000,512000000,144.36
2025-12-07 05:15:42.936,e405b279-046f-4d89-a865-b954907e0fd7,2603.01,2742,89000000,512000000,138.08
2025-12-07 05:15:42.933,f5d1d7bf-5daa-49d6-aba5-e13ee89c8fb2,2227.09,2431,89000000,512000000,203.5
2025-12-07 05:15:42.932,b1e9020b-bc99-481d-b1c6-b25deca130d2,2600.56,2737,89000000,512000000,136.04
2025-12-07 05:15:42.916,79c0efa3-82db-42f1-930b-c68be416e666,2593.57,2730,90000000,512000000,135.71
2025-12-07 05:15:42.899,d391e71d-56a7-415e-a016-94314da5490e,2211.85,2405,89000000,512000000,193.02
2025-12-07 05:15:42.881,bb087df3-00de-4c3c-afdf-28fbd8e0644f,2188.27,2387,89000000,512000000,198.21
2025-12-07 05:15:42.854,023ac4ae-80c5-48a5-bd20-8db9b619608c,2144.01,2326,89000000,512000000,181.24
2025-12-07 05:15:42.843,48622363-d31c-421d-b902-2d947c118073,2163.11,2345,90000000,512000000,181.54
2025-12-07 05:15:42.840,00768c04-5543-46c8-882d-8a55ede0ba32,2505.48,2642,89000000,512000000,136.17
2025-12-07 05:15:42.839,a6597b28-9607-492f-9646-3d3d9ae02f29,2528.3,2664,89000000,512000000,135.54
2025-12-07 05:15:42.832,644e09b1-ca6a-4bde-8281-89908ee30ac3,2131.67,2329,90000000,512000000,196.88
2025-12-07 05:15:42.826,b4115f01-c879-4a88-879b-40e765c4e124,2179.99,2367,89000000,512000000,186.95
2025-12-07 05:15:42.817,1b781260-370a-49b1-844c-f1b0ed5966df,2491.77,2622,90000000,512000000,129.41
2025-12-07 05:15:42.816,27fd8db2-0ced-4c6e-a8d5-cae3c10cd136,2125.65,2327,89000000,512000000,200.56
2025-12-07 05:15:42.813,5ba6189c-c136-45e6-a047-1c1afcae26f9,2478.22,2620,89000000,512000000,141.03
2025-12-07 05:15:42.812,b961b64e-0bb3-4985-8738-fa18fc4a42d9,2107.81,2297,90000000,512000000,188.24
2025-12-07 05:15:42.807,18297b3a-93e2-41ac-bd86-4cb55eb561fa,2149.79,2324,89000000,512000000,173.55
2025-12-07 05:15:42.801,59e79dec-bafa-4a30-9ea0-fdaca62d9621,2104.03,2284,89000000,512000000,179.28
2025-12-07 05:15:42.798,b9b7b485-c29e-41ee-b2bb-f391786b74b3,2472.53,2604,89000000,512000000,131.12
2025-12-07 05:15:42.794,36603860-8ee6-42af-9bd2-5a22f6fcca9e,2113.2,2294,89000000,512000000,180.56
2025-12-07 05:15:42.772,42734fea-b1db-4704-b13e-8aec497661af,2084.12,2263,90000000,512000000,178.18
2025-12-07 05:15:42.762,d949a072-61ca-47c2-bd77-c80ccc31baf7,2329.79,2551,89000000,512000000,220.81
2025-12-07 05:15:42.750,dc0670d7-5695-4980-81fd-d3a96284280a,2090.04,2262,91000000,512000000,171.89
2025-12-07 05:15:42.745,0e108625-4825-4481-97d6-dcbffcfc4485,2347.91,2535,92000000,512000000,186.1
2025-12-07 05:15:42.740,8083948f-3c31-401d-b3a5-c23020b98144,2314.7,2525,92000000,512000000,209.51
2025-12-07 05:15:42.726,e007bdea-d7fd-48d5-ad3d-15faf21be292,2286.28,2520,89000000,512000000,233.36
2025-12-07 05:15:42.719,6b5be0b9-4744-4b75-9a00-9243a671274a,2318.66,2508,90000000,512000000,189.09
2025-12-07 05:15:42.711,07464cd8-3bf0-4c98-b209-2550c3a47077,2053.61,2230,89000000,512000000,175.83
2025-12-07 05:15:42.698,22d2a982-6087-4328-9f78-67dd29e86241,2229.53,2454,89000000,512000000,224.3
2025-12-07 05:15:42.697,730e1df6-feb0-40c6-9c34-728a695d29b1,2046.55,2213,92000000,512000000,165.92
2025-12-07 05:15:42.692,125edccb-766a-4d13-ba4e-5e10f099aeac,2296.48,2490,90000000,512000000,193.06
2025-12-07 05:15:42.683,daf30ad2-5f5e-4227-91bb-f143c5cced63,2059.72,2214,91000000,512000000,153.38
2025-12-07 05:15:42.678,2f694605-2ee6-440c-a6fd-72e9e79379a0,2277,2478,89000000,512000000,200.08
2025-12-07 05:15:42.666,5a61ea8d-77f1-4d07-bbf8-0deeb3634bf9,2252.2,2457,89000000,512000000,204.29
2025-12-07 05:15:42.661,438052c2-a1f7-4ca2-8983-52d6aa0b9e89,2221.28,2418,90000000,512000000,196.17
2025-12-07 05:15:42.658,e6d71674-f524-4489-9568-185a82e3d50a,2220.57,2440,89000000,512000000,219.22
2025-12-07 05:15:42.642,81e97a1a-6f24-46da-bc0f-bfed9bac3dd8,2227.72,2434,89000000,512000000,206.04
2025-12-07 05:15:42.635,dbfa50f6-4e86-45d1-a385-19ada19c4498,2001.75,2165,92000000,512000000,163.02
2025-12-07 05:15:42.632,f88c99d6-3142-42f3-b649-115d024bf3ea,2213.8,2411,90000000,512000000,196.99
2025-12-07 05:15:42.610,b4bc58af-2a0f-422b-82b3-543dea9bc8b0,2220.77,2405,93000000,512000000,184.07
2025-12-07 05:15:42.602,ac495965-fbdd-4d04-8053-5baa436e2152,1975.22,2135,90000000,512000000,159.54
2025-12-07 05:15:42.602,3fbf7392-3df1-450f-a510-d97655d55682,2208.66,2401,89000000,512000000,191.55
2025-12-07 05:15:42.601,5d85e7c5-d06c-4591-be83-e1294a594b53,2168.97,2380,89000000,512000000,210.29
2025-12-07 05:15:42.588,3c306c70-cb66-448d-a922-e0ecd0140370,2175.03,2376,90000000,512000000,200.78
2025-12-07 05:15:42.578,8ef7cfac-bbd9-4a0a-b5ea-659b0d3dd53b,2195.43,2375,90000000,512000000,178.67
2025-12-07 05:15:42.574,2205ee07-6bb7-44b6-9c7e-975154c96841,2185.29,2369,89000000,512000000,183.65
2025-12-07 05:15:42.573,37f106f9-271c-4083-a75b-95e42dc603cd,2183.55,2377,90000000,512000000,193.39
2025-12-07 05:15:42.548,c3a5a3f3-3251-496e-9167-5d7f2c743bba,2164.22,2356,89000000,512000000,190.93
2025-12-07 05:15:42.534,3922bee6-f66c-4a80-a37b-df978c016c33,2141.67,2323,89000000,512000000,181.07
2025-12-07 05:15:42.532,5457780d-ea1b-472f-be20-206eb18f7eeb,2135.4,2324,89000000,512000000,187.79
2025-12-07 05:15:42.509,52db69b3-7fbb-48b1-bfe4-28d2b15de941,2129.68,2308,91000000,512000000,177.49
2025-12-07 05:15:42.506,49c2f741-dd50-43ef-8032-b5f16d4650e3,2109.2,2282,89000000,512000000,172.47
2025-12-07 05:15:42.492,602a699d-df51-43d7-ab0e-ef2676501dbe,2113.8,2294,91000000,512000000,179.61
2025-12-07 05:15:42.490,63b0eff8-de25-4713-9e95-70bd176b6c3e,2121.58,2295,91000000,512000000,173.17
2025-12-07 05:15:42.487,51a0202a-e4a2-460d-8eec-1116869c9b0d,2092.16,2276,89000000,512000000,183.44
2025-12-07 05:15:42.471,451a6d17-ec37-46bd-8c05-51640352abb3,2097.42,2276,91000000,512000000,177.76
2025-12-07 05:15:42.463,54fb7b42-2264-4131-897b-bf862b9c8d05,2088.97,2269,89000000,512000000,179.3
2025-12-07 05:15:42.454,fde45d30-7177-4a0c-a23e-85218023e133,2052.29,2230,89000000,512000000,176.8
2025-12-07 05:15:42.437,17b23527-9105-41c4-9521-4387fe0065e7,2067.39,2225,91000000,512000000,157.07
2025-12-07 05:15:42.410,6af9d06d-4ff5-43d7-83ea-d9962017e00d,2058.23,2209,91000000,512000000,150.76
2025-12-07 05:15:42.383,cab4014b-7f17-4ae5-ad0f-d9e140811a67,2031.52,2187,89000000,512000000,154.79
2025-12-07 05:15:42.369,5c920a70-8df9-4d5d-909a-72fbebb79ac5,2027.4,2183,89000000,512000000,154.91
2025-12-07 05:15:42.339,79096fb4-99f5-4fe8-accd-968af290dbc7,1976.5,2139,90000000,512000000,161.83
2025-12-06 23:44:49.949,7f64af90-8061-4404-a8f9-f083339f3af0,3119.17,3120,103000000,512000000,
2025-12-06 23:44:45.908,849114ec-c7cb-4637-80ba-47cdecea53fd,3122.88,3123,99000000,512000000,
2025-12-06 23:44:45.825,473d9433-c01f-4bc7-a1b8-702917884b20,3011.86,3012,100000000,512000000,
2025-12-06 23:44:45.816,92c9fa36-35c7-40a7-991d-92d5eebc8fd6,2711.17,2712,105000000,512000000,
2025-12-06 23:44:44.860,38bca209-2706-40da-b804-9615dc648378,2864.15,2865,101000000,512000000,
2025-12-06 23:44:44.805,4d414c50-18b8-47dd-a7c0-533e39699656,2809.52,2810,99000000,512000000,
2025-12-06 23:44:44.511,7740246d-4ca7-4c46-a8c5-0c00f6c228d1,2891.31,2892,100000000,512000000,
2025-12-06 23:44:44.488,d68ffacd-c7fe-422a-86f5-4a711aaba6e4,2871.33,2872,100000000,512000000,
2025-12-06 23:44:44.483,b36f2a16-ad5e-467a-933b-07b926b706f3,2870.02,2871,100000000,512000000,
2025-12-06 23:44:44.482,c39c21e6-ef7b-45f0-8a78-f8455075f8dc,2875.79,2876,100000000,512000000,
2025-12-06 23:44:44.445,36712255-f3bb-4bfa-baf2-62e5b4818dfa,2836.62,2837,101000000,512000000,
2025-12-06 23:44:44.418,026b3c59-bcf1-4099-b24e-1d8ce27d010e,2805.22,2806,100000000,512000000,
2025-12-06 23:44:44.314,5130e250-085a-41f3-9564-405d73a6e9ba,2912.21,2913,99000000,512000000,
2025-12-06 23:44:44.312,ec2cf3a8-864d-42aa-82f9-0e16d340b6bf,2912.54,2913,100000000,512000000,
2025-12-06 23:44:43.811,313ae148-7036-49a3-a7d1-77d5d5c4aa79,2702.05,2703,100000000,512000000,
2025-12-06 23:44:43.779,efceddb0-6399-4b94-a7cb-683759254000,3230.1,3231,97000000,512000000,
2025-12-06 23:44:43.607,c0f5e1e8-7722-4c97-a623-ad9f6c96cee3,2196.26,2197,89000000,512000000,
2025-12-06 23:44:43.407,4d6c8d51-405d-4785-a109-f0164607de7c,2860.33,2861,99000000,512000000,
2025-12-06 23:44:43.295,ce3d2826-adbf-46bd-8b96-ec1ebb8fdd18,3229.76,3230,97000000,512000000,
2025-12-06 23:44:43.247,28a1c548-2f22-48e0-9ea6-466710819892,3160.65,3161,97000000,512000000,
2025-12-06 23:44:43.219,5fe285c7-75ab-4e9a-8c01-3a600fb42887,3114.51,3115,97000000,512000000,
2025-12-06 23:44:43.200,4253d611-bed0-4bb6-8f6c-6ff4ed2284d9,3115.97,3116,97000000,512000000,
2025-12-06 23:44:43.176,415da205-b15e-4fc5-a017-f04d517bdac8,3095.69,3096,98000000,512000000,
2025-12-06 23:44:43.162,17a7c90c-9283-4d86-9207-1455c5b8797e,3023.12,3024,97000000,512000000,
2025-12-06 23:44:43.092,7b83f2f6-dfa8-49c3-a178-a0b1e67fd623,2548.31,2549,99000000,512000000,
2025-12-06 23:44:43.004,b33abc18-5cec-4a84-92bb-003837a46432,3157.94,3158,97000000,512000000,
2025-12-06 23:44:43.002,afe08b33-fe59-47ad-b2b0-706441b03bc4,3260.66,3261,97000000,512000000,
2025-12-06 23:44:42.996,f3fb9c16-6ccf-4f98-8ea7-cb424ab74007,2448.06,2449,102000000,512000000,
2025-12-06 23:44:42.992,a89e3ba4-cb71-4583-86cd-696d87c6fde8,3194.46,3195,97000000,512000000,
2025-12-06 23:44:42.983,077052eb-026c-4d40-8049-8f04a9dff3a1,3114.77,3115,97000000,512000000,
2025-12-06 23:44:42.972,6d9646dc-7041-49e9-92fb-b5a843f8bd76,2171.51,2172,89000000,512000000,
2025-12-06 23:44:42.951,aa8cf27f-6d0f-4e70-873a-b83e558b0ba4,3173.57,3174,97000000,512000000,
2025-12-06 23:44:42.937,423a1c44-68f3-467d-9931-d29cbac3fda0,3116.27,3117,97000000,512000000,
2025-12-06 23:44:42.911,c718dc7c-b694-4567-a2ea-54af07345de6,3048.86,3049,97000000,512000000,
2025-12-06 23:44:42.896,cd33622e-1ca6-40a6-aecc-18c8d39b2bb8,3150.01,3151,97000000,512000000,
2025-12-06 23:44:42.892,7a5922fb-40ca-4b7e-8f7a-d38f7d95319e,3028.83,3029,97000000,512000000,
2025-12-06 23:44:42.892,0a79d1b6-f4ec-4142-8e30-8dcebde6269b,3152.59,3153,97000000,512000000,
2025-12-06 23:44:42.871,8da0acc9-8433-4d60-aa6c-d129571405a3,3116.57,3117,98000000,512000000,
2025-12-06 23:44:42.861,2baa8367-c918-4c0e-b2d6-7607754e3881,3083.05,3084,98000000,512000000,
2025-12-06 23:44:42.859,4a741844-0216-4c0e-ba4a-d8fbf4cdaad3,3130.69,3131,97000000,512000000,
2025-12-06 23:44:42.846,8fe40312-09b9-4e12-85c4-32bd97d8c4bf,3095.7,3096,98000000,512000000,
2025-12-06 23:44:42.838,391606b2-5872-4cdf-9c97-488af15adc11,3090.76,3091,97000000,512000000,
2025-12-06 23:44:42.837,e056868e-f52e-4460-9f1e-90cf156277e7,2734.19,2735,99000000,512000000,
2025-12-06 23:44:42.836,130a6538-cb6b-40ea-8e3b-e646496e970a,3100.79,3101,97000000,512000000,
2025-12-06 23:44:42.826,9279635f-a356-43a7-be2e-042ef2e0bbbd,3052.39,3053,97000000,512000000,
2025-12-06 23:44:42.823,bb1107fc-29fe-432d-86ee-ee0c955c3f38,3090.01,3091,98000000,512000000,
2025-12-06 23:44:42.818,8dfae631-7d1e-427e-94df-ca3a33bb7716,3070.36,3071,97000000,512000000,
2025-12-06 23:44:42.801,86d64097-d879-4124-b1bb-22b2ea147a6b,3060.76,3061,98000000,512000000,
2025-12-06 23:44:42.801,bc9b6479-d395-4936-ae33-e51797c7b26a,3065.88,3066,97000000,512000000,
2025-12-06 23:44:42.800,fe2a7fec-5c41-4259-838e-89f8d5c0e109,2674.14,2675,99000000,512000000,
2025-12-06 23:44:42.799,fcfa3f57-4f2b-43f8-8c64-7593d08c7e88,3049.38,3050,97000000,512000000,
2025-12-06 23:44:42.798,92f41ac0-652b-4ac0-aa26-d7f6b246fdb9,3061.03,3062,97000000,512000000,
2025-12-06 23:44:42.794,655dae2b-942f-4525-aea2-4611724d9faa,3065.91,3066,97000000,512000000,
2025-12-06 23:44:42.790,492ac7c7-9f1c-4e2f-afe4-b4b4e52f5463,3036.06,3037,98000000,512000000,
2025-12-06 23:44:42.789,ab7d0a63-2c69-4f55-9a09-cdc18ddf5249,3040.54,3041,98000000,512000000,
2025-12-06 23:44:42.787,bddef21d-4932-4bf8-88be-206cc17587fb,2973.94,2974,97000000,512000000,
2025-12-06 23:44:42.785,2a113ee8-5cbc-4063-876e-55917375dac6,3038.62,3039,97000000,512000000,
2025-12-06 23:44:42.783,d8f45942-6c18-47ad-b12c-8c055dc183c2,3050.77,3051,97000000,512000000,
2025-12-06 23:44:42.767,4046c4c3-3da0-4a27-b03f-cd9c4aedbb9b,3016.83,3017,97000000,512000000,
2025-12-06 23:44:42.763,82401d87-da64-4766-9bc1-97725039e61a,3010.69,3011,97000000,512000000,
2025-12-06 23:44:42.759,97b64f9e-9b86-4d1f-9c4c-4511a7b59f8e,3022.38,3023,97000000,512000000,
2025-12-06 23:44:42.758,7f55aaf2-7621-48dc-b0e3-c0f21263456d,3024.74,3025,97000000,512000000,
2025-12-06 23:44:42.752,88cc29ab-5876-4ca7-adb2-44e9996c07d0,3000.49,3001,97000000,512000000,
2025-12-06 23:44:42.745,d0a5a32d-5a35-46c6-b6bf-0ba1bd59e0f1,3014.29,3015,97000000,512000000,
2025-12-06 23:44:42.742,a4ac4ff7-42b7-4199-bbfa-4f0da4ee55d7,3002.37,3003,97000000,512000000,
2025-12-06 23:44:42.739,6bbcd92e-3574-4e64-be4a-65ff6a89cb15,2950.01,2951,97000000,512000000,
2025-12-06 23:44:42.739,a028e0a7-5314-4fb7-abde-2b2abca0753f,2997.15,2998,97000000,512000000,
2025-12-06 23:44:42.736,342be131-807f-4c13-be34-6be491013ef2,3033.15,3034,97000000,512000000,
2025-12-06 23:44:42.734,4ab7c371-d5bb-4faa-b9db-7d3b91bef0bc,2187.95,2188,90000000,512000000,
2025-12-06 23:44:42.730,454c3df6-2289-483b-a016-a3f742ba4e6b,2984.45,2985,97000000,512000000,
2025-12-06 23:44:42.709,04f528b0-0953-4e19-a771-792faa3c59a0,2164.53,2165,91000000,512000000,
2025-12-06 23:44:42.708,153b9e51-aeff-419f-a0f5-ce8dd5a27ece,2972.62,2973,97000000,512000000,
2025-12-06 23:44:42.705,ed7411f6-c2ac-4fdd-8f16-21966814ba9d,2960.24,2961,97000000,512000000,
2025-12-06 23:44:42.702,83dcff9c-164c-4fdf-b969-3491f81a7fc1,2954.18,2955,97000000,512000000,
2025-12-06 23:44:42.695,213ec46c-c4d7-47c9-98f6-0b37ae250b4e,2959.58,2960,97000000,512000000,
2025-12-06 23:44:42.691,272cff8e-6960-4275-9490-c3344f1c37b2,2937.39,2938,97000000,512000000,
2025-12-06 23:44:42.681,d47b1b6a-39fc-4ce2-9d74-5d0c53f535be,2933.6,2934,97000000,512000000,
2025-12-06 23:44:42.676,c4ad03f0-a14f-49a3-8ffd-38e334abee61,2112.04,2113,90000000,512000000,
2025-12-06 23:44:42.672,dd3b6d86-e53f-4f32-aa39-448c1b1e446b,2933.01,2934,97000000,512000000,
2025-12-06 23:44:42.662,464bcd11-7466-436f-995a-78dd13395e9e,2115.31,2116,89000000,512000000,
2025-12-06 23:44:42.627,a58c9c63-c0bb-449f-944f-e8cd444811c4,2875.52,2876,97000000,512000000,
2025-12-06 23:44:42.626,9c931001-d653-470e-b76b-5fe6d1697d79,2890.78,2891,97000000,512000000,
2025-12-06 23:44:42.620,e1688284-1874-4699-a92a-7373f95f585c,2511.34,2512,101000000,512000000,
2025-12-06 23:44:42.616,3f8d1207-6d02-48fa-bb89-82dcb476e800,2069.01,2070,90000000,512000000,
2025-12-06 23:44:42.614,9e35f154-c409-4c72-befb-6e3a5605e317,3032.95,3033,97000000,512000000,
2025-12-06 23:44:42.479,9f72ef82-7cb7-4a2f-b0ba-fc9751bad959,2612.16,2613,100000000,512000000,
2025-12-06 23:44:42.394,58dc0626-ee35-4e95-b134-b1bd35375d31,2658.48,2659,99000000,512000000,
2025-12-06 23:44:42.391,d228362c-c950-489d-a3e6-053d6a795e50,2662.34,2663,99000000,512000000,
2025-12-06 23:44:42.370,70ca4b5e-6c6e-4bf0-9b7c-50d1e2c9e537,2954.74,2955,97000000,512000000,
2025-12-06 23:44:42.358,0cbaea3b-9345-4025-9828-fb75ed15073c,2534.08,2535,100000000,512000000,
2025-12-06 23:44:42.351,b063a53c-b050-4b83-8ca4-b53c07a247c2,2612.96,2613,100000000,512000000,
2025-12-06 23:44:42.303,60e351f9-3946-4840-9d58-c3a37ebec234,2562.47,2563,100000000,512000000,
2025-12-06 23:44:42.296,c015ed36-d349-450a-8d81-5d2c8ac1b50a,2546.11,2547,100000000,512000000,
2025-12-06 23:44:42.288,a9d6faa9-4c80-4d25-b207-6dea5a9f1bd7,2549.23,2550,100000000,512000000,
2025-12-06 23:44:42.259,cc5d73e7-4231-4a55-93d2-64842e19dd9c,3163.18,3164,97000000,512000000,
2025-12-06 23:44:42.172,ea50ea48-38b5-4d08-9da4-4f58f1b68a37,2433.37,2434,100000000,512000000,
2025-12-06 23:44:42.165,17f62d9f-5d6a-483e-ab22-781ff5b76943,3190.35,3191,97000000,512000000,
2025-12-06 23:44:42.145,3bd29a5f-29e5-40a1-a209-13135a4aa46a,3036.69,3037,97000000,512000000,
2025-12-06 23:44:42.142,fd446787-599b-4d61-98ba-7e4237c5b6df,3031.74,3032,97000000,512000000,
2025-12-06 23:44:42.107,0480efe0-ac60-4a73-a7e8-dd978d776c85,2993.6,2994,97000000,512000000,
2025-12-06 23:44:42.092,2642bb6a-4aa4-4d89-932c-1147099a584c,3036.39,3037,97000000,512000000,
2025-12-06 23:44:42.072,e258c355-ac84-4d3f-acef-12e97b316250,2990.67,2991,97000000,512000000,
2025-12-06 23:44:42.067,cfa6c910-894e-4696-83ec-2960e535ca62,2985.01,2986,98000000,512000000,
2025-12-06 23:44:42.043,3f75aa53-42ff-40d0-b4d6-fa15343ab908,3038.31,3039,97000000,512000000,
2025-12-06 23:44:42.033,dcd05b56-706c-4134-8f30-641a85c89634,2956.09,2957,97000000,512000000,
2025-12-06 23:44:42.025,ac2804de-a690-42b7-b315-07265e5df045,2918.02,2919,97000000,512000000,
2025-12-06 23:44:41.984,d1bd87a8-64b6-4029-8a51-56246efed182,2882.81,2883,98000000,512000000,
2025-12-06 23:44:41.982,7ecb3cf4-2ac1-46d0-a325-fbf7eae922b1,3008.28,3009,98000000,512000000,
2025-12-06 23:44:41.981,c78196a4-0ae1-4e3d-8daf-fd93b2d38901,2983.82,2984,97000000,512000000,
2025-12-06 23:44:41.974,6f8ea775-d659-4259-8794-0e91e187f926,2854.74,2855,97000000,512000000,
2025-12-06 23:44:41.973,08871138-7247-4732-80e6-9110635ebff4,2913.32,2914,97000000,512000000,
2025-12-06 23:44:41.971,5a3b977d-8026-4429-9de0-b937b9e89f99,2955.73,2956,97000000,512000000,
2025-12-06 23:44:41.948,7ad90a80-3ef3-4da0-8cb6-8d34d0e42a39,2085.44,2086,90000000,512000000,
2025-12-06 23:44:41.944,5bdf1547-ab63-459b-bb60-cfe34058b639,2943.21,2944,97000000,512000000,
2025-12-06 23:44:41.940,16b52cc9-f9c9-47a4-bebd-2757f464c9ad,2955.62,2956,97000000,512000000,
2025-12-06 23:44:41.927,155623f9-d8c7-4668-a104-18f3b5dce8cf,2972.47,2973,97000000,512000000,
2025-12-06 23:44:41.923,d6449c6c-8307-4f69-9b15-5d66ed7b0d4a,2892.27,2893,97000000,512000000,
2025-12-06 23:44:41.920,ab8184df-d6e0-48e5-9bbf-2a3b3fe4992c,2921.8,2922,97000000,512000000,
2025-12-06 23:44:41.917,8ae296f3-a0c8-411d-9e0c-7787a95367eb,3034.34,3035,97000000,512000000,
2025-12-06 23:44:41.911,83449087-03ca-4e2b-b3c7-8e08b254298b,2880.4,2881,97000000,512000000,
2025-12-06 23:44:41.911,a4c4199e-9897-4a08-9dd1-27f6f8f5f6c7,2901.81,2902,97000000,512000000,
2025-12-06 23:44:41.904,5881eac9-0ab1-45fc-9220-d979fc1e6631,3027.65,3028,97000000,512000000,
2025-12-06 23:44:41.896,dd470e27-5b13-4718-b956-890ed23ccb5d,2963.39,2964,97000000,512000000,
2025-12-06 23:44:41.893,5e2e81f9-a6b1-44ae-9335-df5b92dc4d6e,3003.66,3004,97000000,512000000,
2025-12-06 23:44:41.881,155d6e55-1fff-4e06-b843-54d3e58cef62,2950.51,2951,97000000,512000000,
2025-12-06 23:44:41.879,5be839d7-cafb-4cbd-85b0-97eff651f6a6,2826.68,2827,97000000,512000000,
2025-12-06 23:44:41.868,43c440da-1f83-4f5f-aa24-58d8280748e7,2860.07,2861,97000000,512000000,
2025-12-06 23:44:41.863,d039458b-a27e-4fc0-8772-f45e9ceb352c,2988.44,2989,97000000,512000000,
2025-12-06 23:44:41.859,849fa205-a987-4f4a-8d2f-413c7aa12442,2124.82,2125,90000000,512000000,
2025-12-06 23:44:41.852,9bf30d13-7f9f-40c3-9895-e8d80bd0f9e3,2909.63,2910,98000000,512000000,
2025-12-06 23:44:41.848,52e6b61a-dc3e-467d-aaed-51a15be5036a,2947.72,2948,97000000,512000000,
2025-12-06 23:44:41.846,fade9bfd-9e56-46ae-827a-009e2e72cb98,2871.58,2872,97000000,512000000,
2025-12-06 23:44:41.836,551afc00-348d-47c1-80f4-14852715f3a4,2876.41,2877,97000000,512000000,
2025-12-06 23:44:41.834,5410242a-0cd2-4f87-900c-d7bad3fd0b41,2855.6,2856,97000000,512000000,
2025-12-06 23:44:41.829,f4b95eb0-d20a-41b1-8ddf-2633171b689a,2094.35,2095,89000000,512000000,
2025-12-06 23:44:41.828,8bab4595-67e3-4610-b456-e48367b7cf16,2989.83,2990,97000000,512000000,
2025-12-06 23:44:41.825,46cd5d1b-8668-49da-b1a7-1abcb1c4c5cf,2083.52,2084,91000000,512000000,
2025-12-06 23:44:41.806,3d6d4a70-e973-4919-b603-ae145a10960e,2962.73,2963,97000000,512000000,
2025-12-06 23:44:41.805,594c6471-0b86-480f-8adb-0c93f6c0308a,2110.05,2111,91000000,512000000,
2025-12-06 23:44:41.801,ff7e51fc-16d4-4390-b963-bead531df497,2934.99,2935,97000000,512000000,
2025-12-06 23:44:41.794,f83b1573-689b-4087-9544-5f58ec021321,2892.35,2893,97000000,512000000,
2025-12-06 23:44:41.789,2067498f-a954-4259-bf9a-38b20c6256f0,2875.61,2876,97000000,512000000,
2025-12-06 23:44:41.787,ce451028-c112-4e73-a5ed-e1eecf4034a1,2050.76,2051,92000000,512000000,
2025-12-06 23:44:41.780,74ada399-3e1f-4f2d-88b6-75da37ea6924,2952.11,2953,97000000,512000000,
2025-12-06 23:44:41.759,4bb02fa2-9900-4faa-96ca-35c5c0860df0,2852.82,2853,97000000,512000000,
2025-12-06 23:44:41.758,9ba9cbe1-8046-49c0-94d7-9b81e3ad4abc,2876.75,2877,97000000,512000000,
2025-12-06 23:44:41.754,405e63b1-025e-4080-8230-5b227f20d958,2946.22,2947,98000000,512000000,
2025-12-06 23:44:41.754,ffd43179-7519-482b-9c1d-9c1b978f8767,2019.7,2020,105000000,512000000,
2025-12-06 23:44:41.750,930a5403-d44a-4e70-9045-0d9bea646b6a,2867.38,2868,97000000,512000000,
2025-12-06 23:44:41.734,09577a42-96b2-406c-961b-875fe90443bb,2825.09,2826,97000000,512000000,
2025-12-06 23:44:41.712,52976a3d-6f6f-4da9-b924-52c2cfba766b,2937.91,2938,97000000,512000000,
2025-12-06 23:44:41.711,4ba840be-8c07-4400-ad4f-a7e6bd25ca67,1968.72,1969,104000000,512000000,
2025-12-06 23:44:41.693,2fc8ec2e-e9a4-48a7-a5d0-0b4f04195712,2874.53,2875,97000000,512000000,
2025-12-06 23:44:41.687,63ddb17d-f787-48de-a523-5562af7f68f5,2889.36,2890,97000000,512000000,
2025-12-06 23:44:41.684,408f676b-bb6d-4c93-ba7b-ca2b95208371,2806.15,2807,97000000,512000000,
2025-12-06 23:44:41.684,270fefec-1c52-4ab0-a345-dbbf6f541d20,2755.11,2756,98000000,512000000,
2025-12-06 23:44:41.682,cd6a0f0a-2998-4d90-83d0-1cee0a25f24f,2856.4,2857,97000000,512000000,
2025-12-06 23:44:41.661,6e0283d7-9fe7-4344-950d-31ffd816ad8c,2911,2912,97000000,512000000,
2025-12-06 23:44:41.661,cacffc47-2e5b-471c-a42b-6a0f08e7cbe8,2776.35,2777,97000000,512000000,
2025-12-06 23:44:41.657,d1ef509e-07f5-4777-910b-6a51e354733d,3066.31,3067,97000000,512000000,
2025-12-06 23:44:41.643,da4f69a4-78e0-484a-a90f-62d83c3936d2,2892.98,2893,97000000,512000000,
2025-12-06 23:44:41.639,4a0dbdd8-48a8-4bf9-adb0-425bedf3e3ee,2868.87,2869,97000000,512000000,
2025-12-06 23:44:41.629,199f2f03-c87c-4dec-8e9c-648cb7fba63e,2852.89,2853,97000000,512000000,
2025-12-06 23:44:41.628,a2945560-6149-4984-8095-cb7abea7dc87,2890.87,2891,97000000,512000000,
2025-12-06 23:44:41.625,4b65a99e-34ac-4ca4-a317-411fa58709e6,2834.7,2835,98000000,512000000,
2025-12-06 23:44:41.625,9705832f-49c5-4590-b8ee-dc1b998d7d3a,2832.99,2833,97000000,512000000,
2025-12-06 23:44:41.615,e0d6d0ec-cdc1-4915-850b-67761fcfb0e6,2969.1,2970,97000000,512000000,
2025-12-06 23:44:41.604,56ca882c-e8eb-45ee-918e-3834b9abb28e,2896.55,2897,98000000,512000000,
2025-12-06 23:44:41.603,7bbada90-4a3d-47c6-a671-7d80d0c2c09a,2854.3,2855,97000000,512000000,
2025-12-06 23:44:41.601,7e134f0a-87d5-4ade-9736-87c463819bec,2886.14,2887,97000000,512000000,
2025-12-06 23:44:41.597,ec518893-b549-4895-92b8-90b9a72d419b,2874.12,2875,97000000,512000000,
2025-12-06 23:44:41.587,0a0ee8bb-0042-4e51-a1ca-081139445c2b,2878.24,2879,97000000,512000000,
2025-12-06 23:44:41.575,2fc176c1-bb20-482e-b25d-eff65c40ed13,2767.33,2768,98000000,512000000,
2025-12-06 23:44:41.551,bf884207-06f4-4596-a7fd-594fa07ef856,2947.54,2948,97000000,512000000,
2025-12-06 23:44:41.501,ab5c0bf1-76bf-4740-9680-9faf9e07868a,2837.04,2838,97000000,512000000,
2025-12-06 23:44:41.479,d0780c32-d585-48bc-936e-e7a92efe5091,2837.63,2838,98000000,512000000,
2025-12-06 23:44:41.473,ba0fe2a7-4232-4010-afaa-21d417866885,2471.67,2472,100000000,512000000,
2025-12-06 23:44:41.469,03738820-8100-4f9a-886a-aa3b4528bcf3,2832.64,2833,97000000,512000000,
2025-12-06 23:44:41.467,fb43ef9d-fa1c-4f1b-b059-dd9e818836a0,2835.68,2836,97000000,512000000,
2025-12-06 23:44:41.463,bf6c57b4-9462-4bf5-89fe-407ddae318c0,2882.69,2883,98000000,512000000,
2025-12-06 23:44:41.456,acc2dda3-e770-4a34-b9ac-64e51ef54792,2790.39,2791,97000000,512000000,
2025-12-06 23:44:41.452,31b52d87-f2ac-41d9-838e-77e0fdfe997d,2793.75,2794,97000000,512000000,
2025-12-06 23:44:41.437,c23d9dd9-61d8-458e-9b07-51acd0da9af3,2409.49,2410,100000000,512000000,
2025-12-06 23:44:41.417,b1c2ff43-d608-4ed9-ad03-997c76ce8062,2433.14,2434,101000000,512000000,
2025-12-06 23:44:41.409,8e9cb225-1aa1-4be4-a1d4-d161aa7ae883,2797.73,2798,97000000,512000000,
2025-12-06 23:44:41.393,29947d5d-b610-4649-ae14-1ea93d5c227c,2870.03,2871,97000000,512000000,
2025-12-06 23:44:41.355,18a5f668-f26f-4144-a4b0-0a5b2f12bafc,2831.67,2832,98000000,512000000,
2025-12-06 23:44:41.316,a63178df-f8dc-4751-92c2-0bce7d38ca71,2435.3,2436,101000000,512000000,
2025-12-06 23:44:41.316,25266e7f-374f-46d5-aa99-dd2e1e06c863,2217.53,2218,102000000,512000000,
2025-12-06 23:44:41.311,917c8d13-8368-4d5f-afcc-44cfa6de6683,2700.12,2701,97000000,512000000,
2025-12-06 23:44:41.307,a0363817-5d89-4d9a-b2de-2fd1cffe5634,2636.13,2637,97000000,512000000,
2025-12-06 23:44:41.275,9df6c6d5-c65f-46ab-a43a-dbe75cb0e6ba,2311.55,2312,100000000,512000000,
2025-12-06 23:44:41.186,6be1ea4e-4936-416b-8843-353a72e1c7d4,2053.2,2054,106000000,512000000,
2025-12-06 23:44:41.179,5e648fff-75bc-4631-b6c6-b974439bce16,2773.71,2774,97000000,512000000,
2025-12-06 23:44:41.176,dc9c419a-ce3f-45ec-8d5a-b751773d01cd,2190.74,2191,103000000,512000000,
2025-12-06 23:44:41.125,d6774831-8621-42fc-a8cd-7fc1120b02ee,2692.51,2693,97000000,512000000,
2025-12-06 23:44:41.093,f1e5c633-37b8-4397-85f4-0a7162a38340,2637.8,2638,97000000,512000000,
2025-12-06 23:44:41.051,87ea1c5b-4a83-4201-8315-e8b1be9337a4,2108.1,2109,103000000,512000000,
2025-12-06 23:44:41.045,7ab1fe57-9b91-4c7f-95a3-e4caf28d47a4,2088.78,2089,105000000,512000000,
2025-12-06 23:44:41.028,e7a1ab7d-ea44-4a13-afe1-5b26901a1632,2018.57,2019,104000000,512000000,
2025-12-06 23:44:41.001,2f2e12cd-7e80-4afa-9c4a-d3dd89c532e1,1963.31,1964,90000000,512000000,
2025-12-06 23:44:40.990,b8160b2e-d68c-4e3d-87d4-ae3c3d88840e,2921.84,2922,97000000,512000000,
2025-12-06 23:44:40.981,fcecef49-d0ac-4e56-a7e3-4f0385083677,2398.28,2399,99000000,512000000,
2025-12-06 23:44:40.981,eeea9cea-5c77-4e42-aff5-9d9edadb7991,2015.19,2016,104000000,512000000,
2025-12-06 23:44:40.949,e79085a3-d458-4a9f-a199-4ab8b87b1159,2855.83,2856,97000000,512000000,
2025-12-06 23:44:40.945,30a3ce44-ea52-4e06-9e08-c40e64d27fe4,1962.49,1963,105000000,512000000,
2025-12-06 23:44:40.910,abd16c43-a0c3-4517-a25f-c1a1a454145d,2877.02,2878,97000000,512000000,
2025-12-06 23:44:40.900,c7bdc00c-078e-45d9-8672-c5cd34742066,2715.29,2716,97000000,512000000,
2025-12-06 23:44:40.897,5657dee1-64aa-4846-8980-593c982d7580,1994.02,1995,104000000,512000000,
2025-12-06 23:44:40.881,98d11e27-7b13-44e4-b885-4c57399214b3,2147.93,2148,104000000,512000000,
2025-12-06 23:44:40.811,7294029d-5870-46a0-8a18-8670b901b31c,2720.96,2721,97000000,512000000,
2025-12-06 23:44:40.806,962fd770-4b25-4551-bf03-83c4a9c18a5f,1934.12,1935,104000000,512000000,
2025-12-06 23:44:40.794,68ee05b8-cd61-4cb3-92c2-33e5d3752cb3,2189.66,2190,103000000,512000000,
2025-12-06 23:44:40.790,b6eccebe-fc8c-4833-a371-69aa3b94d0c3,2764.91,2765,97000000,512000000,
2025-12-06 23:44:40.733,7cfe6a05-35e1-465e-bd92-66161b787021,1967.07,1968,104000000,512000000,
2025-12-06 23:44:40.716,01ad5d8e-5e02-4790-b4ce-5e7edcbd5d0e,2240.69,2241,104000000,512000000,
2025-12-06 23:44:40.711,c5fb82ca-aaf7-467e-8958-7def97f0d116,2152.28,2153,103000000,512000000,
2025-12-06 23:44:40.700,b1ef3a8c-1902-49f7-befc-0dcf0adef24d,1938.1,1939,105000000,512000000,
2025-12-06 23:44:40.699,05d9b39c-86ef-40c7-b01e-bbc5070e0d0b,2192.18,2193,103000000,512000000,
2025-12-06 23:44:40.694,170e4ca9-a51b-4bee-afdc-518fecc552aa,1965.13,1966,104000000,512000000,
2025-12-06 23:44:40.692,d690e14c-2d06-47d9-8f96-6a963fe8b0ec,1916.87,1917,104000000,512000000,
2025-12-06 23:44:40.676,5ca19014-d7d3-4079-b277-f93755193f0b,1972.82,1973,105000000,512000000,
2025-12-06 23:44:40.671,fd15ae33-75d6-493c-b50c-09cdd41d1cfc,1950.67,1951,105000000,512000000,
2025-12-06 23:44:40.667,59f22cef-c85c-4eea-b3d2-a340bda63923,2244.02,2245,104000000,512000000,
2025-12-06 23:44:40.659,6f471a1f-e096-4219-9410-e810c2d3b167,3282.93,3283,90000000,512000000,
2025-12-06 23:44:40.624,0aea6929-ea09-44d9-ac04-45c8687cf1d2,2034.5,2035,102000000,512000000,
2025-12-06 23:44:40.611,f6c48001-558c-46cf-8b29-db0e6fe14295,1982.07,1983,104000000,512000000,
2025-12-06 23:44:40.610,9f7def75-c313-4c61-bb69-ea7e0778866a,3327.61,3328,89000000,512000000,
2025-12-06 23:44:40.604,38a56e94-2fc8-4215-82a7-88286591ab1a,2034.54,2035,102000000,512000000,
2025-12-06 23:44:40.593,f25930e9-f5e7-4038-b726-63117941331f,2014.38,2015,103000000,512000000,
2025-12-06 23:44:40.587,8bc8f20f-e762-4bdf-b09b-54d4b08fbab7,2015.29,2016,103000000,512000000,
2025-12-06 23:44:40.573,e0c292b1-b1e2-47b7-99e0-2e454a87f293,1929.27,1930,105000000,512000000,
2025-12-06 23:44:40.572,b7b35960-1944-4df5-aec4-155d0aab0a2c,2069.47,2070,102000000,512000000,
2025-12-06 23:44:40.571,d9bbef54-02fb-4d12-802e-04bc1165f9d3,1963.96,1964,105000000,512000000,
2025-12-06 23:44:40.569,e37ea8ec-9725-4d72-88db-f6d219014a63,1958.08,1959,105000000,512000000,
2025-12-06 23:44:40.531,37922d89-348b-4ca6-b8a4-84ea7d0b506a,2802.87,2803,97000000,512000000,
2025-12-06 23:44:40.513,f8d3174a-712c-4f34-b6fc-e7ffe263a411,1964.57,1965,105000000,512000000,
2025-12-06 23:44:40.496,abde4ded-2d96-419a-aa10-56971a2080a6,1919.72,1920,104000000,512000000,
2025-12-06 23:44:40.488,23cc2f58-c4da-4cf4-8444-fa1cec79de12,1893.81,1894,105000000,512000000,
2025-12-06 23:44:40.480,c893b8f6-b5e0-478b-95f0-078f43ea5b27,2013.25,2014,103000000,512000000,
2025-12-06 23:44:40.465,bbd4355b-a78a-4326-b455-c23af3bd4e95,2667.55,2668,97000000,512000000,
2025-12-06 23:44:40.425,ab9ba964-9a6b-4c28-849b-9cc4e153f261,1900.74,1901,104000000,512000000,
2025-12-06 23:44:40.398,bac89f3d-35f5-4158-92af-51c2880180f1,2614.95,2615,97000000,512000000,
2025-12-06 23:44:40.396,53fd9910-f41c-4036-ac4e-2bc5bc9c3999,3349.66,3350,90000000,512000000,
2025-12-06 23:44:40.372,0818fd91-04f7-4fd9-a186-b0e2e28ef42c,2019.21,2020,102000000,512000000,
2025-12-06 23:44:40.347,1b667238-b0a5-4e06-8791-b0c2b8d71d90,3291.93,3292,90000000,512000000,
2025-12-06 23:44:40.318,6a313990-3292-4811-9cae-49c8716c153b,3318.89,3319,90000000,512000000,
2025-12-06 23:44:40.309,c47518fa-5b76-437a-8c84-c5b51c4c7809,2648.57,2649,97000000,512000000,
2025-12-06 23:44:40.295,209f2195-6989-4ffc-bb45-031e6c6859e2,2039.92,2040,103000000,512000000,
2025-12-06 23:44:40.295,7facd31d-7251-47d1-9999-c9aa78cb0067,1906.36,1907,105000000,512000000,
2025-12-06 23:44:40.289,b2f71e32-bf93-42a4-91fd-10848c3217d9,1910.02,1911,104000000,512000000,
2025-12-06 23:44:40.276,7d081a05-0dfc-434f-a3dc-0193656da801,2032.73,2033,103000000,512000000,
2025-12-06 23:44:40.275,1a667fb8-82cc-49c8-bfdd-b40437e213cd,1902.76,1903,90000000,512000000,
2025-12-06 23:44:40.266,ea641862-6459-4a7c-ae98-a925a1b7bd3b,3254.74,3255,91000000,512000000,
2025-12-06 23:44:40.260,7e4d2292-9958-4adf-929b-6fa8980a4966,3425.6,3426,91000000,512000000,
2025-12-06 23:44:40.253,21f1001a-6775-4ebf-8f86-29084a17a167,1902.83,1903,105000000,512000000,
2025-12-06 23:44:40.252,109a6ef5-2dc7-4d1d-9d62-b193095a319e,2599.56,2600,97000000,512000000,
2025-12-06 23:44:40.249,723178b7-f2b3-46e9-a47a-ff8549bca038,2045.09,2046,103000000,512000000,
2025-12-06 23:44:40.246,3930fefa-1f29-4274-8cfd-402b54c20043,1860.32,1861,104000000,512000000,
2025-12-06 23:44:40.245,d71f68fe-932c-41fc-ba06-b4dee8b89afa,3308.65,3309,89000000,512000000,
2025-12-06 23:44:40.242,e5380cc6-22ac-46f9-8687-3bd9909ee7e8,1970.95,1971,102000000,512000000,
2025-12-06 23:44:40.233,cf885871-21ab-43dc-98a6-e4ff1d659ba6,3200.76,3201,90000000,512000000,
2025-12-06 23:44:40.224,a5ce8de8-884e-44d8-aa40-a90f19c21192,3243.05,3244,89000000,512000000,
2025-12-06 23:44:40.203,aafe7d47-3bd3-42c6-a097-a056c96a78e6,2622.59,2623,97000000,512000000,
2025-12-06 23:44:40.183,04ab943d-cf67-4904-8cf5-eb62defe3df2,1898.71,1899,104000000,512000000,
2025-12-06 23:44:40.174,0c468854-4f1e-4458-884a-68be3b5d2ad9,3288.87,3289,90000000,512000000,
2025-12-06 23:44:40.172,9604d51e-68f2-4983-93fc-b1d3d290dd8f,1916.8,1917,105000000,512000000,
2025-12-06 23:44:40.172,f9c8de7d-68f1-412e-9945-336c0e877fa7,3278.29,3279,90000000,512000000,
2025-12-06 23:44:40.170,1082252d-37fd-4743-b5c6-e5f489ba4e95,2485.93,2486,97000000,512000000,
2025-12-06 23:44:40.165,d770917b-44be-4137-a1a1-f150e33654a7,3312.66,3313,89000000,512000000,
2025-12-06 23:44:40.122,2df55c28-1cd5-4131-89dc-010dbba27ac2,3162.5,3163,89000000,512000000,
2025-12-06 23:44:40.121,ad575076-2eda-4426-8226-dcd625fe1274,2484.34,2485,97000000,512000000,
2025-12-06 23:44:40.109,109bd19e-f57d-4bd7-a64a-e1b0b069d826,1851.1,1852,104000000,512000000,
2025-12-06 23:44:40.101,7c2bd069-c79b-4e0c-8d6e-212fe659609c,2594.66,2595,98000000,512000000,
2025-12-06 23:44:40.101,a00ff161-c3ae-40ec-acc4-d9e39362c008,3224.44,3225,90000000,512000000,
2025-12-06 23:44:40.096,c73b448d-f4be-4eec-bfe7-0b62344fd6e0,2545.82,2546,97000000,512000000,
2025-12-06 23:44:40.077,f86d12e6-2119-470a-b571-18ee2f69c4e2,3294.61,3295,89000000,512000000,
2025-12-06 23:44:40.076,2e7b0048-0337-4a6b-946c-6209c3b546e2,3277.78,3278,90000000,512000000,
2025-12-06 23:44:40.073,aee3c583-5ede-48d5-b2bc-afde2b9c84c9,3200.27,3201,90000000,512000000,
2025-12-06 23:44:40.071,faa20f32-2391-4984-9798-8443849bbb29,3284.66,3285,91000000,512000000,
2025-12-06 23:44:40.070,2b4fbd98-f3bc-482c-8c74-f6f304acc77c,3194.88,3195,90000000,512000000,
2025-12-06 23:44:40.068,6ed07aaa-6358-4730-9989-59a44754c870,1860.26,1861,104000000,512000000,
2025-12-06 23:44:40.067,fd547bb6-5f96-4480-9c65-f933fabc6346,3292.71,3293,90000000,512000000,
2025-12-06 23:44:40.061,9763398b-b897-4f8e-b103-9fdbc666c50f,1892.91,1893,105000000,512000000,
2025-12-06 23:44:40.053,4a5b5fb9-51a0-4e97-b542-e8a9cbaa7139,3270.79,3271,89000000,512000000,
2025-12-06 23:44:40.052,d99a230b-939a-43ff-a3d9-127599bb0904,3265.61,3266,93000000,512000000,
2025-12-06 23:44:40.042,0a18d6f1-20bf-4594-bb18-ac3c7350cecb,2120.71,2121,103000000,512000000,
2025-12-06 23:44:40.035,e0d75904-8161-44df-bc70-9cb9782ac3b7,2077.29,2078,102000000,512000000,
2025-12-06 23:44:40.024,ad5ddd10-420e-4270-9ead-f513d909ea56,2523.94,2524,98000000,512000000,
2025-12-06 23:44:40.014,f6f48fa8-27ef-4466-b3d5-7176812338e0,2561.61,2562,97000000,512000000,
2025-12-06 23:44:40.012,b5a7d729-9b37-4350-9dc3-eddd02bc1c13,3287.74,3288,90000000,512000000,
2025-12-06 23:44:40.008,b351347c-fa48-4fac-93b8-a57b8d35f439,3287.34,3288,90000000,512000000,
2025-12-06 23:44:39.995,1f13426c-9a28-496c-9091-183cd62ffcf7,3187.95,3188,90000000,512000000,
2025-12-06 23:44:39.990,4c079cf9-c476-452a-a445-91d442a90d80,2156.98,2157,100000000,512000000,
2025-12-06 23:44:39.983,c9676727-5eb7-449d-b27a-af0f73f98a44,3246.59,3247,90000000,512000000,
2025-12-06 23:44:39.979,0465644e-dbc7-4d67-bbc0-e6a7170e0d6c,3278.69,3279,90000000,512000000,
2025-12-06 23:44:39.969,35b0f0a1-e38d-4157-ac98-65d57b89fe1b,3294.15,3295,90000000,512000000,
2025-12-06 23:44:39.966,ce6291df-cabd-4288-81a7-38961c2fef79,3147.81,3148,90000000,512000000,
2025-12-06 23:44:39.948,2cbf87d9-f4e7-4f96-8089-68ad595097b6,1955.02,1956,103000000,512000000,
2025-12-06 23:44:39.947,d9a92943-c941-44c5-b2e3-8d7738a2994f,1902.09,1903,105000000,512000000,
2025-12-06 23:44:39.931,0d073156-1825-4d50-868f-654de5a358e7,3266.5,3267,90000000,512000000,
2025-12-06 23:44:39.926,6524842d-bc0b-48f8-96d3-c3c7fc5ddc62,1912.48,1913,104000000,512000000,
2025-12-06 23:44:39.924,978f1276-0dbc-45fa-9285-70d72944d40d,3274.2,3275,90000000,512000000,
2025-12-06 23:44:39.923,46515fac-1956-4061-b7a0-f0e31d811ce9,3268.98,3269,89000000,512000000,
2025-12-06 23:44:39.920,fe7967e7-0d49-466d-b704-7e018f06498b,3270.23,3271,90000000,512000000,
2025-12-06 23:44:39.909,8166e87f-b6d2-4135-8efa-10585cd1fda1,3181.83,3182,90000000,512000000,
2025-12-06 23:44:39.907,e2ade052-5c09-4ef1-b97c-68ece2c80c21,2196.91,2197,99000000,512000000,
2025-12-06 23:44:39.903,77032935-0e43-4f4b-9b18-81f3e8d9227f,3254.35,3255,91000000,512000000,
2025-12-06 23:44:39.900,ec0558b0-32bb-4f70-9d53-f79010633999,1911.32,1912,105000000,512000000,
2025-12-06 23:44:39.896,fc97de78-c46d-441c-8885-c315157ac258,3258.55,3259,90000000,512000000,
2025-12-06 23:44:39.889,c420782d-19b0-4d7a-bda1-2cc54d6c0357,3239.14,3240,89000000,512000000,
2025-12-06 23:44:39.885,03a9a7aa-b18c-4b8b-b2fd-44a79f2a9f11,3185.52,3186,90000000,512000000,
2025-12-06 23:44:39.880,14c0d83d-705b-4cc1-819a-8318bf6339df,3233.06,3234,89000000,512000000,
2025-12-06 23:44:39.878,645add1f-2e8f-4765-b7a5-d49015f9523e,3327.95,3328,91000000,512000000,
2025-12-06 23:44:39.877,ef3e3044-fc4f-45af-b426-29251b4c6a69,1921.24,1922,104000000,512000000,
2025-12-06 23:44:39.873,fd6acb98-95c7-443c-9e7b-02962d80db61,1996.78,1997,103000000,512000000,
2025-12-06 23:44:39.866,95970b1e-a54b-4559-b27d-c53ab76bd68f,2489.05,2490,97000000,512000000,
2025-12-06 23:44:39.864,10051887-d836-43e2-afd8-cb20df236823,3340.61,3341,90000000,512000000,
2025-12-06 23:44:39.862,5eedc78e-a9dc-4ed7-b5c0-e9671df113c1,3276.67,3277,90000000,512000000,
2025-12-06 23:44:39.862,63f7ae84-113f-477c-be16-fb05c6210bd8,1871.74,1872,105000000,512000000,
2025-12-06 23:44:39.861,f592e38f-4ee4-479f-8d07-5634ddbc9864,2553.12,2554,97000000,512000000,
2025-12-06 23:44:39.853,5db3dae3-46d7-4034-a16a-0a6ea50a45cc,1980.6,1981,103000000,512000000,
2025-12-06 23:44:39.851,3b9c75e2-f0c9-413b-a76a-9e9dd39edcbe,3200.25,3201,89000000,512000000,
2025-12-06 23:44:39.851,199ba7a2-669b-467d-8b4f-9400c6deba8c,3428.26,3429,90000000,512000000,
2025-12-06 23:44:39.848,39af3889-d873-4a46-8817-5d29a25c4b9f,2571.57,2572,97000000,512000000,
2025-12-06 23:44:39.847,91cf5121-e7bc-4708-91d1-e30b7bcf2ee3,1864.72,1865,103000000,512000000,
2025-12-06 23:44:39.843,d97f7639-df01-4fcb-8648-8505104cc245,3243.63,3244,90000000,512000000,
2025-12-06 23:44:39.840,dc3dadaa-72e6-4fa0-a931-4b976ddde5f5,3226.18,3227,89000000,512000000,
2025-12-06 23:44:39.828,853259db-ca8d-4d76-b96c-58691a87e935,3219.53,3220,89000000,512000000,
2025-12-06 23:44:39.827,4d01c64e-616f-4678-b69c-ec7977af3c5b,2454.2,2455,98000000,512000000,
2025-12-06 23:44:39.823,0b982f84-842b-4d96-9cfb-9d1f83d4954b,1871.32,1872,105000000,512000000,
2025-12-06 23:44:39.822,637425d0-78ca-470f-b312-5a8a31519154,3176.79,3177,90000000,512000000,
2025-12-06 23:44:39.821,734fe665-abc3-49ad-83a0-ca4e77a88388,3422.24,3423,90000000,512000000,
2025-12-06 23:44:39.820,e7c3ec49-468d-4aa1-a566-8725de03b77b,3025.12,3026,90000000,512000000,
2025-12-06 23:44:39.818,da29160f-fbdc-4239-a2d9-5b8a17c37293,2586.93,2587,97000000,512000000,
2025-12-06 23:44:39.814,50bf30a4-7b76-48dc-83f9-c97f8baf8d65,3240.53,3241,90000000,512000000,
2025-12-06 23:44:39.806,68d14407-5666-4416-809e-4710bcbab0ae,3189.5,3190,90000000,512000000,
2025-12-06 23:44:39.800,691e388c-67b4-426f-88a7-13b4c9a5d004,2117.87,2118,99000000,512000000,
2025-12-06 23:44:39.799,201e8d10-4278-40eb-86d7-0a6784f7f5dc,3266.25,3267,90000000,512000000,
2025-12-06 23:44:39.791,1381eba4-d5de-47c8-988f-c790d11d4818,2546.13,2547,97000000,512000000,
2025-12-06 23:44:39.791,264e6c6b-f6a3-475c-bf93-8b83ce271c4d,2722.47,2723,97000000,512000000,
2025-12-06 23:44:39.791,185d4dee-a0f2-4e89-9cbb-81cbfa9844a7,3228.08,3229,90000000,512000000,
2025-12-06 23:44:39.786,688e116a-baa1-4a95-9b34-2a65d69ee15e,3179.34,3180,90000000,512000000,
2025-12-06 23:44:39.771,16a61a81-f607-4513-b0b8-1e634f095f0d,3282.45,3283,91000000,512000000,
2025-12-06 23:44:39.766,bf8eb6c6-1ae3-4cee-9cca-4ba495db63b9,3227.24,3228,90000000,512000000,
2025-12-06 23:44:39.761,c60a58cd-d38d-4b72-a4ce-9b2c1f34e52e,3279.98,3280,90000000,512000000,
2025-12-06 23:44:39.758,b71d69a4-3f8b-45c7-9c30-2bc9b2f00b0e,3208.32,3209,89000000,512000000,
2025-12-06 23:44:39.756,f579de83-ad88-4604-8bb7-95666ffff84f,3223.38,3224,90000000,512000000,
2025-12-06 23:44:39.753,51c6300a-afb3-4e90-8cc0-5814827d93a3,3268.44,3269,90000000,512000000,
2025-12-06 23:44:39.749,a92f4bc2-3182-4662-a5b9-9fcc2dd2429c,3263.15,3264,90000000,512000000,
2025-12-06 23:44:39.743,e27da5d2-4ca4-4147-b28a-dc993306d037,3087.97,3088,90000000,512000000,
2025-12-06 23:44:39.736,ff098551-dffa-422a-8789-d50c465d3c10,3277.67,3278,89000000,512000000,
2025-12-06 23:44:39.730,c5d6a498-9b47-4d67-8442-f93528836327,1939.31,1940,103000000,512000000,
2025-12-06 23:44:39.725,f585c7ac-3b32-4b84-9719-a0e42c8bcb3e,3222.07,3223,90000000,512000000,
2025-12-06 23:44:39.712,eb222749-4bb0-4bdf-9dbd-9b20ac057d20,3134,3135,90000000,512000000,
2025-12-06 23:44:39.697,7bf1febf-dce5-496f-907a-d4f51e3d5184,3210.06,3211,90000000,512000000,
2025-12-06 23:44:39.696,d8abbd9c-e688-4964-a6a4-001e96519ebb,3168.89,3169,90000000,512000000,
2025-12-06 23:44:39.693,41586014-6484-4fb6-9c9c-9ed0a8c35389,2585.13,2586,98000000,512000000,
2025-12-06 23:44:39.687,09bc7f15-0e44-449a-8e81-148abac9a9b9,1894.88,1895,105000000,512000000,
2025-12-06 23:44:39.682,9b00f44c-6194-4e2f-ac86-ec6c94ec57ac,3187.46,3188,90000000,512000000,
2025-12-06 23:44:39.681,218c9597-fa7b-44d9-aacd-193b289962ae,3224.85,3225,92000000,512000000,
2025-12-06 23:44:39.675,deb19572-3637-46f5-9943-88bcfcc7618c,2028.38,2029,101000000,512000000,
2025-12-06 23:44:39.675,a7d5e48f-1a13-47ac-abec-6422fd590522,3138.49,3139,90000000,512000000,
2025-12-06 23:44:39.672,76c85a7f-e1fd-4ec2-8098-392d58f9a42a,1894.97,1895,105000000,512000000,
2025-12-06 23:44:39.667,77075920-33ed-46f1-9f5b-75e8ccff61e8,3150.85,3151,90000000,512000000,
2025-12-06 23:44:39.666,3db58ffb-985a-4bde-915b-0cef1a76f49a,1895.41,1896,104000000,512000000,
2025-12-06 23:44:39.661,8f242101-8eec-45bd-a7ca-643ea764aa0e,3214.81,3215,90000000,512000000,
2025-12-06 23:44:39.654,8d11e8b9-06f9-4b6c-9f33-71ee74992b44,3168.5,3169,89000000,512000000,
2025-12-06 23:44:39.653,61bc40f8-6d6c-40f9-b975-0b5bb001d2fc,3168.24,3169,91000000,512000000,
2025-12-06 23:44:39.653,3f0a1e8c-7c79-4adf-b693-371e7987e1ce,2503.76,2504,97000000,512000000,
2025-12-06 23:44:39.646,b370e9c6-72c0-4b6c-988c-c13b7732c534,3475.42,3476,89000000,512000000,
2025-12-06 23:44:39.636,3d8eb30b-eedf-4610-a9c3-cb3250c3616b,3170.42,3171,90000000,512000000,
2025-12-06 23:44:39.636,e72562da-e0fc-4b8b-b4c9-a49b58702e32,3164.92,3165,89000000,512000000,
2025-12-06 23:44:39.630,71f87656-80ed-43b7-b424-15106f1492e4,2453.01,2454,97000000,512000000,
2025-12-06 23:44:39.611,175c9628-8049-428b-897d-bca47bf5ba6e,2550.15,2551,97000000,512000000,
2025-12-06 23:44:39.611,88eca0ff-c6e7-46f1-90bf-bcd0beba89c7,3140.46,3141,90000000,512000000,
2025-12-06 23:44:39.610,d494b822-8ea7-4010-956e-f797a0d761d8,3211.62,3212,90000000,512000000,
2025-12-06 23:44:39.606,b0e1ba7d-444a-4dd5-ae95-cf4a04d7b0d1,2544.87,2545,97000000,512000000,
2025-12-06 23:44:39.603,946cf759-d03c-439b-9a87-7330d232e1ad,3135.39,3136,90000000,512000000,
2025-12-06 23:44:39.601,285ac417-4ed0-4069-8e23-b1e044e773f4,2529.57,2530,97000000,512000000,
2025-12-06 23:44:39.600,a8701be6-40c5-4916-8a9d-29582d1726e5,3217.47,3218,90000000,512000000,
2025-12-06 23:44:39.597,9882c122-908f-47b8-8754-c0551186788b,3179.82,3180,90000000,512000000,
2025-12-06 23:44:39.580,0a956204-1dcb-47ee-a7a1-63a1fb3bf892,3163.79,3164,90000000,512000000,
2025-12-06 23:44:39.572,68016a44-06b1-4e16-9048-57d4eb74b032,3214.65,3215,90000000,512000000,
2025-12-06 23:44:39.570,c7734fa4-a8a3-49f7-8a6c-6d4057c2f58b,1896.63,1897,104000000,512000000,
2025-12-06 23:44:39.566,46456533-2029-4a34-8c40-e6f0dc066fe1,2127.57,2128,100000000,512000000,
2025-12-06 23:44:39.564,a90c7f48-5c37-4a4c-aca2-b6ae29858404,3161.69,3162,90000000,512000000,
2025-12-06 23:44:39.563,b8fcdcd1-1670-447b-a3ca-74fbee31c9f6,3072.78,3073,90000000,512000000,
2025-12-06 23:44:39.550,7dfc517e-7b6a-49e2-83f1-6f01e894dbe4,3168.01,3169,89000000,512000000,
2025-12-06 23:44:39.545,f3fb90e5-279a-404b-8c15-081dee852aa9,3150.93,3151,90000000,512000000,
2025-12-06 23:44:39.540,17aec831-4d52-4bb8-a352-17fdeab1a8da,3138.47,3139,90000000,512000000,
2025-12-06 23:44:39.538,984d6b2c-33be-403c-93a6-6b5a7daa1e50,3215.55,3216,90000000,512000000,
2025-12-06 23:44:39.536,dca11e35-b0cd-432f-8bd9-927f9efd336c,3240.12,3241,89000000,512000000,
2025-12-06 23:44:39.535,b19b175c-555e-45a5-b098-77f275dd812a,3147.03,3148,89000000,512000000,
2025-12-06 23:44:39.525,c221a776-6110-4e2c-9534-b0d84137929c,3129.93,3130,90000000,512000000,
2025-12-06 23:44:39.524,4b5169f4-b485-4138-935a-bf187b3c396f,3123.08,3124,90000000,512000000,
2025-12-06 23:44:39.517,450bc261-4219-409e-98a2-a746d6f394f7,2642.62,2643,97000000,512000000,
2025-12-06 23:44:39.509,0ee7a0ad-42d9-46ea-bdad-7d6f7584ab4d,3104.15,3105,89000000,512000000,
2025-12-06 23:44:39.506,d294138a-76c0-48bc-b358-8451ac1f4416,3103.44,3104,90000000,512000000,
2025-12-06 23:44:39.501,8e6920d1-c960-46b2-bb4e-fefa82ddd75d,3225.89,3226,91000000,512000000,
2025-12-06 23:44:39.493,5afec071-89f3-45cb-87a0-57f5bb94a659,3179.33,3180,92000000,512000000,
2025-12-06 23:44:39.487,76c41087-9f94-4dd8-ad7a-6a0026e56f8d,3198.87,3199,90000000,512000000,
2025-12-06 23:44:39.484,d890eef4-9685-46bd-993d-a3fadf83f03f,2478.79,2479,97000000,512000000,
2025-12-06 23:44:39.484,2ea60908-a8e3-4fd1-9446-526eed6895b6,2479.93,2480,97000000,512000000,
2025-12-06 23:44:39.482,b8119e22-cfd6-4be3-8f5d-af06517f0286,3309.86,3310,90000000,512000000,
2025-12-06 23:44:39.477,b4c562fc-1463-492e-93ef-357431dec817,3313.67,3314,90000000,512000000,
2025-12-06 23:44:39.475,7494c1e5-ccf4-4e5c-ac9d-d12dbb399484,3126.49,3127,90000000,512000000,
2025-12-06 23:44:39.473,be4ab2cc-4d59-4d09-90e0-89e6c1c3cf11,3134.13,3135,89000000,512000000,
2025-12-06 23:44:39.472,719a0296-4a48-481b-90ce-072c3fe257a4,1935.63,1936,103000000,512000000,
2025-12-06 23:44:39.471,9ae83896-aa6e-4a48-b836-9931365552a1,3166.46,3167,90000000,512000000,
2025-12-06 23:44:39.463,40511196-b47b-4f10-bf43-607505322f79,3080.33,3081,90000000,512000000,
2025-12-06 23:44:39.459,c8d94378-7911-4a37-899f-742ffbe83dfd,2397.66,2398,97000000,512000000,
2025-12-06 23:44:39.459,f6e0f376-b019-4528-ba94-89f0549ed817,2476.26,2477,98000000,512000000,
2025-12-06 23:44:39.455,747f69a7-ec31-43e8-9eab-89ae8c630f55,3220.51,3221,93000000,512000000,
2025-12-06 23:44:39.442,592e7ab6-6582-4a7b-b4e9-d6a0a3be5c3a,3036.81,3037,90000000,512000000,
2025-12-06 23:44:39.441,a67ba9df-8bb0-44ec-be3f-15f635d3a843,3096.77,3097,89000000,512000000,
2025-12-06 23:44:39.429,bf152b7d-fdd3-4795-91e1-7590b37568cb,3201.96,3202,89000000,512000000,
2025-12-06 23:44:39.429,0bab9047-c99f-495e-bce7-1fcf35190cc0,3154.08,3155,92000000,512000000,
2025-12-06 23:44:39.425,6d79003c-058e-453c-9c83-5503dac72fea,3197.72,3198,90000000,512000000,
2025-12-06 23:44:39.421,a1269dca-beaf-4c4e-97f2-935ac8c2e7f9,3067.7,3068,89000000,512000000,
2025-12-06 23:44:39.420,9bb87b88-ebb1-4f22-a993-42760cbfc592,3159.69,3160,90000000,512000000,
2025-12-06 23:44:39.419,fc447620-e383-49f4-991e-e1f78561b36f,3146.62,3147,90000000,512000000,
2025-12-06 23:44:39.417,ce8172d4-10a0-4d07-b722-d67f4cc89600,2467.91,2468,98000000,512000000,
2025-12-06 23:44:39.417,0a734ebd-c79d-4d4d-a34f-1db5b64dec1e,3251.11,3252,90000000,512000000,
2025-12-06 23:44:39.409,8e09b243-e4d9-4203-ad7f-d2d247028b7a,3166.46,3167,90000000,512000000,
2025-12-06 23:44:39.400,cd9b29ed-1091-4a66-b605-bff8029bc9ef,3169.02,3170,93000000,512000000,
2025-12-06 23:44:39.396,68c864ae-5f04-4268-8120-43e4b649b820,1856.27,1857,105000000,512000000,
2025-12-06 23:44:39.392,17095bb8-fa81-45c7-bc7e-0315aa2b9611,2528.2,2529,97000000,512000000,
2025-12-06 23:44:39.386,f7b7945a-80a5-4f68-99c2-437476b2075c,3173.42,3174,89000000,512000000,
2025-12-06 23:44:39.386,ed2fd073-1fbc-4034-afc0-31b7ceb3d6d7,2679.76,2680,97000000,512000000,
2025-12-06 23:44:39.381,9ecfaece-005c-4c9c-bacd-2324c29864af,3196.5,3197,89000000,512000000,
2025-12-06 23:44:39.381,cd45016f-262c-4936-b1aa-79af9549dd50,3166.29,3167,90000000,512000000,
2025-12-06 23:44:39.380,e3e62634-c83c-4154-9111-d41859ece802,3230.87,3231,90000000,512000000,
2025-12-06 23:44:39.377,1e21b1c2-44ae-43a9-80a2-30233498aec5,3272.24,3273,89000000,512000000,
2025-12-06 23:44:39.373,145a5d72-35cb-4930-9dca-791c8a48b28a,2440.6,2441,97000000,512000000,
2025-12-06 23:44:39.371,ac8a8d53-aac6-4e6f-8825-d4396a0b3678,3123.1,3124,90000000,512000000,
2025-12-06 23:44:39.367,c012ff35-0e04-4d58-98bc-46f736d6cb5a,3126.58,3127,90000000,512000000,
2025-12-06 23:44:39.361,b297bfe2-5bfb-47cf-ab5e-1cf98d9df1b9,2477.59,2478,98000000,512000000,
2025-12-06 23:44:39.356,fc2d08a6-4b4e-4b07-bf24-ded17f8e62f9,3161.58,3162,92000000,512000000,
2025-12-06 23:44:39.341,3448239e-7572-4658-b35b-1cb2e4c52fa8,3110.34,3111,90000000,512000000,
2025-12-06 23:44:39.337,62bf1eb6-3241-44f6-9201-30890bd6d482,2441.39,2442,97000000,512000000,
2025-12-06 23:44:39.335,742b8a7a-5290-478a-82d2-bcbdb37c0df7,3109.72,3110,89000000,512000000,
2025-12-06 23:44:39.331,2ca3842d-ae90-42d5-a85a-d3d6bb0c0235,3121.1,3122,90000000,512000000,
2025-12-06 23:44:39.325,1a462b4d-498b-4146-9c33-0aaa6b467109,3197.24,3198,92000000,512000000,
2025-12-06 23:44:39.325,742615cc-11ca-4ea3-ba8e-f53d5352c9d7,3152.26,3153,89000000,512000000,
2025-12-06 23:44:39.318,fb2daeb8-b741-41f5-bd46-ebde7e59cf23,2085.04,2086,101000000,512000000,
2025-12-06 23:44:39.313,b69c8185-9bed-4349-a075-59ee65c0287b,3037,3038,90000000,512000000,
2025-12-06 23:44:39.310,ab2504fb-953e-4fa1-bd62-97cd133ff8f7,3139.25,3140,89000000,512000000,
2025-12-06 23:44:39.304,f8116bde-483c-4457-bc7a-066f46f438fb,3179.51,3180,90000000,512000000,
2025-12-06 23:44:39.302,8acf4701-d891-4263-bda3-56c7544c5c75,3109.07,3110,90000000,512000000,
2025-12-06 23:44:39.302,e616c08f-a00f-4162-b076-2d6d6454f4ce,3133.39,3134,89000000,512000000,
2025-12-06 23:44:39.297,98df79af-9a3b-444a-a326-29447785e0c1,3103.55,3104,90000000,512000000,
2025-12-06 23:44:39.290,be517894-a637-4960-9134-5261f7ec9385,3110.14,3111,90000000,512000000,
2025-12-06 23:44:39.288,973e2cc2-4bb4-46c8-b2fd-6498817e31c5,3103.68,3104,89000000,512000000,
2025-12-06 23:44:39.287,545a6749-9e02-44ac-a31f-d87eeae6fe29,2041.56,2042,98000000,512000000,
2025-12-06 23:44:39.281,6be84484-c1d3-4637-b0af-af7d2bc0c051,3140.56,3141,91000000,512000000,
2025-12-06 23:44:39.275,fc7727c5-2bde-4812-ac16-5429e270f875,3171.93,3172,91000000,512000000,
2025-12-06 23:44:39.272,f0a5865c-a66c-49cd-a0cc-934314ca6f5d,3146.06,3147,89000000,512000000,
2025-12-06 23:44:39.253,85c55fcc-9de0-4406-aeda-19bfcb1079bb,2054.97,2055,99000000,512000000,
2025-12-06 23:44:39.251,fa53e2fc-f2d8-4299-8655-5d966d617e1b,1899.8,1900,100000000,512000000,
2025-12-06 23:44:39.251,5650a550-f68e-4df5-9736-344572886e6f,3160.98,3161,90000000,512000000,
2025-12-06 23:44:39.249,ad826f2d-d168-4c88-8eef-fb01b99ccfa9,3145.64,3146,89000000,512000000,
2025-12-06 23:44:39.248,cff9c526-3c6d-4c6f-a00e-f4879746dc0a,2509.17,2510,97000000,512000000,
2025-12-06 23:44:39.244,0b5719c1-5256-4f53-9ac9-730453d43d73,2403.99,2404,97000000,512000000,
2025-12-06 23:44:39.240,cd5dbc5f-5c79-40df-acfa-a0dea3f0ccc9,3116.16,3117,90000000,512000000,
2025-12-06 23:44:39.240,0a4a681d-5a58-4fd8-b3b5-097e9b6e9a3c,3140.08,3141,89000000,512000000,
2025-12-06 23:44:39.238,2bbde0d1-5470-4385-9eaf-937cfd65e69f,1962.5,1963,100000000,512000000,
2025-12-06 23:44:39.235,f997cf12-b857-4b30-8d0a-b0b54aeb3910,2145.44,2146,99000000,512000000,
2025-12-06 23:44:39.232,6ee50d62-1ba5-449d-a3da-7acd3c4897bb,3183.47,3184,90000000,512000000,
2025-12-06 23:44:39.232,9b00e155-3d44-4149-ad2c-dd374a80a37c,2495.05,2496,97000000,512000000,
2025-12-06 23:44:39.231,1cf425bd-a031-46fe-abea-964ab489d5d0,2433.02,2434,97000000,512000000,
2025-12-06 23:44:39.225,46f148ed-bd44-4d09-bd0f-d215a11e77f8,3175.65,3176,90000000,512000000,
2025-12-06 23:44:39.222,dda96fa6-56ab-4444-a842-7c2ddc3bceb6,2149.11,2150,99000000,512000000,
2025-12-06 23:44:39.216,7239d361-e792-474e-a6e3-a91499032e62,1994.29,1995,99000000,512000000,
2025-12-06 23:44:39.215,a1971fa5-2735-4761-8ea5-8854f4a66ae9,1978.23,1979,100000000,512000000,
2025-12-06 23:44:39.215,f409635a-196a-4b31-bc9d-5b92db942d02,3067.73,3068,89000000,512000000,
2025-12-06 23:44:39.214,e134843f-2bec-441b-bc6a-25c12c7bcca3,3088.08,3089,89000000,512000000,
2025-12-06 23:44:39.211,2754e4ae-b995-4270-af79-264169cbdf94,3127.86,3128,90000000,512000000,
2025-12-06 23:44:39.210,2e7ebbae-715e-407b-9ba3-470b775bbc51,3119.01,3120,90000000,512000000,
2025-12-06 23:44:39.205,ddb0f2c6-1a1a-4e67-9113-786a8ba4933f,3119.33,3120,91000000,512000000,
2025-12-06 23:44:39.204,f20e0bb2-eb75-4556-bb28-ee636d0df00f,2451.97,2452,98000000,512000000,
2025-12-06 23:44:39.201,5f04137a-2cd9-4aa2-afad-6f5358347001,3168.01,3169,90000000,512000000,
2025-12-06 23:44:39.201,9d1245fc-e534-45ec-94e7-d72cc81fa11a,3211.06,3212,89000000,512000000,
2025-12-06 23:44:39.183,b171f5a1-6eb3-445a-9a4b-a358104a5dce,3049.45,3050,89000000,512000000,
2025-12-06 23:44:39.180,a515a017-bf54-4670-907f-b12ae2275833,1753.1,1754,105000000,512000000,
2025-12-06 23:44:39.175,427d962a-9d66-4ac0-b5a6-ea72528df5bb,2448.85,2449,98000000,512000000,
2025-12-06 23:44:39.174,175a00c4-f5f4-4b7a-a2d9-19c22d793bdb,3159.31,3160,89000000,512000000,
2025-12-06 23:44:39.172,08a24502-6d95-4536-81ed-1015627d3c38,3135.21,3136,89000000,512000000,
2025-12-06 23:44:39.167,8c2a2bdc-8c82-4f15-b60d-ed1ca1cb8738,3180.58,3181,90000000,512000000,
2025-12-06 23:44:39.167,4e7d31e6-8ca8-4bb2-adab-8855fafeef70,3097.21,3098,89000000,512000000,
2025-12-06 23:44:39.159,7a4bb27a-31c7-4694-b9e8-e41225b3873f,3079.43,3080,89000000,512000000,
2025-12-06 23:44:39.150,e3c5dbaa-fa16-42da-9052-82467c547685,3048.26,3049,89000000,512000000,
2025-12-06 23:44:39.144,b32d9501-1c66-4125-94de-349ebe9b42f2,3119.3,3120,90000000,512000000,
2025-12-06 23:44:39.144,92b1a37b-c80b-49cf-bec1-ecc635332ac3,2510.74,2511,98000000,512000000,
2025-12-06 23:44:39.140,64322ae6-76c6-460a-8ab0-707e9f1e6444,3122.61,3123,90000000,512000000,
2025-12-06 23:44:39.136,ef84519f-6fa8-456f-ab94-be26ea013f79,3164.67,3165,90000000,512000000,
2025-12-06 23:44:39.129,a1678024-e196-45e6-970a-e9781f235235,3061.41,3062,89000000,512000000,
2025-12-06 23:44:39.125,6d535f90-2362-4624-837f-a94b41bb4919,3130.55,3131,90000000,512000000,
2025-12-06 23:44:39.124,7123b783-d880-4cdf-872e-8105e60eefb8,1958.96,1959,101000000,512000000,
2025-12-06 23:44:39.120,41b2b792-a698-4a28-a350-093f6d5dace1,3101.34,3102,89000000,512000000,
2025-12-06 23:44:39.113,57e9b8af-aef4-4827-a8eb-78ea9e101959,3060.51,3061,90000000,512000000,
2025-12-06 23:44:39.110,786c698a-0fd5-43ba-98a2-40ebdf84fda9,2389.6,2390,98000000,512000000,
2025-12-06 23:44:39.105,c282265e-4e6e-42e0-9819-e5400e682206,3191.48,3192,90000000,512000000,
2025-12-06 23:44:39.103,e3ec3bba-4d4c-4651-8a6d-6803456b0990,3089.13,3090,90000000,512000000,
2025-12-06 23:44:39.102,b6bba494-6b02-45bb-ae90-7113d46b4e3c,3127.49,3128,90000000,512000000,
2025-12-06 23:44:39.102,2bb85d63-c9eb-47d1-9cdf-2cbe275e5be8,3111.59,3112,90000000,512000000,
2025-12-06 23:44:39.100,a431e03d-6151-4c29-a591-37448fa24bd4,1903.62,1904,103000000,512000000,
2025-12-06 23:44:39.098,c89f95ff-49db-481b-ba9e-0b99dd053a22,3030.84,3031,90000000,512000000,
2025-12-06 23:44:39.088,fa11b5c8-cd97-4d31-9288-e66b3dd728cd,2051.21,2052,98000000,512000000,
2025-12-06 23:44:39.083,81e5ebbc-716c-451a-acd3-233211d3a413,3070.49,3071,90000000,512000000,
2025-12-06 23:44:39.083,0d4c0415-0755-452f-9920-116a4cbe8f1c,3066.24,3067,90000000,512000000,
2025-12-06 23:44:39.080,a93454fb-b554-4983-b010-8f8d7d34a6e5,3095.6,3096,89000000,512000000,
2025-12-06 23:44:39.071,b157ed15-6d79-4f36-9435-5012ec1bc4a7,3096.45,3097,90000000,512000000,
2025-12-06 23:44:39.070,5ad24b3d-27d1-4851-bc25-ddc059173d75,3062.89,3063,90000000,512000000,
2025-12-06 23:44:39.066,f64aeea1-735c-4c21-8f58-85620e29b0a3,3121.66,3122,90000000,512000000,
2025-12-06 23:44:39.051,c3e3a175-db63-471a-a3d3-4a2fc27379a0,3072.07,3073,90000000,512000000,
2025-12-06 23:44:39.036,7b6cbb94-72ea-4870-b37a-725164ae4474,3120.61,3121,90000000,512000000,
2025-12-06 23:44:39.024,06378e08-e3aa-4c67-8a13-a29ee96e036b,1774.38,1775,104000000,512000000,
2025-12-06 23:44:39.021,d2669f73-a662-4b67-b363-7e19e85b95a2,3037.39,3038,89000000,512000000,
2025-12-06 23:44:39.014,960d6c1d-0472-4739-b8be-19fd53638ffa,2406.46,2407,97000000,512000000,
2025-12-06 23:44:39.011,7b5663f2-4d99-4e57-a1fe-ce1309fee4c8,3083.6,3084,89000000,512000000,
2025-12-06 23:44:39.009,6ad2dc28-2885-499c-bdc8-1b0c461cb1c5,3030.1,3031,90000000,512000000,
2025-12-06 23:44:39.003,2e7b7a29-3e76-4e6a-b496-6154f128d467,1884.47,1885,100000000,512000000,
2025-12-06 23:44:38.984,5e40d67a-4bff-4619-8add-7db8b5c1b756,3088.48,3089,90000000,512000000,
2025-12-06 23:44:38.984,bc93dcd7-4896-4a7a-ac3b-f5c190947f5a,3036.47,3037,90000000,512000000,
2025-12-06 23:44:38.981,2b694e82-d689-4e1f-b387-63855cb63039,3066.62,3067,91000000,512000000,
2025-12-06 23:44:38.977,1af1a9bc-8d60-415f-8c31-ba89c8186deb,3054.18,3055,89000000,512000000,
2025-12-06 23:44:38.971,78aebf67-0806-4630-ab80-0f9f4b0785af,3084.22,3085,89000000,512000000,
2025-12-06 23:44:38.969,65a448c8-d97c-4e4c-a682-4058f23dd754,1927.81,1928,101000000,512000000,
2025-12-06 23:44:38.963,23f2eb72-a965-4ec5-91ae-25021a736925,3111.03,3112,89000000,512000000,
2025-12-06 23:44:38.962,ca8dcd95-8f3b-4e81-bd2e-de28d35fea91,3144.42,3145,90000000,512000000,
2025-12-06 23:44:38.962,37723a66-33bd-4e69-91e4-05057e514da0,3058.47,3059,89000000,512000000,
2025-12-06 23:44:38.959,e27aa6d0-27f6-46ed-97a4-9607e207038a,2450.48,2451,97000000,512000000,
2025-12-06 23:44:38.958,f0373301-c91d-4dbb-82b5-f442e760f852,1889.3,1890,100000000,512000000,
2025-12-06 23:44:38.956,d39e89dc-951e-4ef3-813c-3656d595a03d,2433.72,2434,97000000,512000000,
2025-12-06 23:44:38.954,7077cf77-7a61-48aa-a7bc-a0b9fcc570fe,2028.26,2029,100000000,512000000,
2025-12-06 23:44:38.953,f17da351-40d6-49e9-87b3-7570e90a64e6,3005.78,3006,90000000,512000000,
2025-12-06 23:44:38.952,29dcf5f6-fb57-4ffe-9123-2b66f255c387,2435.07,2436,97000000,512000000,
2025-12-06 23:44:38.948,0e3a314c-49ce-4708-a882-bf14e98e287f,3024.87,3025,89000000,512000000,
2025-12-06 23:44:38.944,78ade9da-a6a2-49c2-87cb-3b58b5046797,1945.75,1946,100000000,512000000,
2025-12-06 23:44:38.943,5af3ff93-921c-4a85-ad36-90d198603792,3129.61,3130,91000000,512000000,
2025-12-06 23:44:38.930,bc67b8bf-ef23-4a5c-8ce8-d240e99197e1,3067,3068,90000000,512000000,
2025-12-06 23:44:38.923,fa5bd592-080c-41b8-bf12-b15c2db1e3ce,3087.7,3088,90000000,512000000,
2025-12-06 23:44:38.920,63cbc43b-167b-48ed-b14b-bfc1042b0e8a,3106.75,3107,89000000,512000000,
2025-12-06 23:44:38.915,8d0236a6-5f68-405c-8e53-cb3121cea5a8,2971.26,2972,89000000,512000000,
2025-12-06 23:44:38.909,661a7953-4060-4f3d-9c58-95fd712ca446,1957.8,1958,101000000,512000000,
2025-12-06 23:44:38.907,b13fcae7-2dab-45f4-a23e-089177fb62b8,3043.48,3044,90000000,512000000,
2025-12-06 23:44:38.906,a0a08ac2-e9bb-4067-b4e7-ddcc6e187974,3027.47,3028,89000000,512000000,
2025-12-06 23:44:38.899,7bc10ac6-5188-435a-a425-63ec9ea474f1,2990.62,2991,89000000,512000000,
2025-12-06 23:44:38.895,960c0959-65a0-4a3c-88a5-8d950eb80200,2026.74,2027,100000000,512000000,
2025-12-06 23:44:38.894,475fca3a-7dd3-4542-bfbb-e303c37f3106,3055.74,3056,91000000,512000000,
2025-12-06 23:44:38.891,bbccb1af-8486-4626-b521-5b1cd663c498,3076.8,3077,90000000,512000000,
2025-12-06 23:44:38.887,fccca8b1-717e-41e9-ae1f-273d99ef58a5,3070.39,3071,90000000,512000000,
2025-12-06 23:44:38.879,2194304e-b370-4fda-8e79-46745b61c12d,3006.64,3007,89000000,512000000,
2025-12-06 23:44:38.876,b9855e16-c44d-448d-baef-3f0c13cd0147,3068.32,3069,90000000,512000000,
2025-12-06 23:44:38.874,7e7c257e-36d9-4897-b815-6cedd809b7ba,2443.82,2444,97000000,512000000,
2025-12-06 23:44:38.874,780dbbe5-f125-4d23-9899-44215f82e027,3018.24,3019,90000000,512000000,
2025-12-06 23:44:38.864,85ec1e6b-e403-4bc3-999e-a4cff7fe2d92,3115.99,3116,90000000,512000000,
2025-12-06 23:44:38.863,24636f7e-0bb3-49c1-9587-6af8386fd6e6,1858.65,1859,99000000,512000000,
2025-12-06 23:44:38.862,ba6b387a-0ece-479d-8026-b0632e852c93,3060.19,3061,90000000,512000000,
2025-12-06 23:44:38.861,25fc5244-8d09-452e-b78b-5ba026458a9f,3097.49,3098,90000000,512000000,
2025-12-06 23:44:38.859,3a2596b2-dfa5-4c30-a4bf-0c9f5bc85cb8,3028.14,3029,89000000,512000000,
2025-12-06 23:44:38.851,b85da0f4-6bf7-42b9-aff3-be9094ffee93,3040.67,3041,89000000,512000000,
2025-12-06 23:44:38.851,1edbbbfb-0a4d-4c7a-9bec-0e249de876f0,2990.53,2991,90000000,512000000,
2025-12-06 23:44:38.849,48e09203-6f99-49e9-8aad-f3417ce5ac9a,3050.33,3051,89000000,512000000,
2025-12-06 23:44:38.848,80bde430-8052-44f8-8933-5145ecae33e0,3045.87,3046,90000000,512000000,
2025-12-06 23:44:38.827,ce31d310-68d7-4ea8-94a1-695d6f3c3ce3,3063.19,3064,90000000,512000000,
2025-12-06 23:44:38.824,9c49ecaf-bebb-4f56-8698-bfa6063e906b,3063.17,3064,89000000,512000000,
2025-12-06 23:44:38.821,ffc50351-0701-4fb1-84ea-dbb1f0941480,3059.39,3060,90000000,512000000,
2025-12-06 23:44:38.818,9bbe2195-3000-4ad7-95f3-5a9eb880408f,2989.01,2990,90000000,512000000,
2025-12-06 23:44:38.811,13713f5b-ae1c-4abe-a231-7f3340f2f971,3020,3021,90000000,512000000,
2025-12-06 23:44:38.797,54b35b75-f17c-4f8b-9b47-5d3f76e7ce6f,2935.97,2936,91000000,512000000,
2025-12-06 23:44:38.793,868fc75f-b5b6-4b36-af91-ce014ca4767e,3058.98,3059,90000000,512000000,
2025-12-06 23:44:38.785,ea8c5245-f390-4c9c-8f83-2fc6ba797326,3040.82,3041,90000000,512000000,
2025-12-06 23:44:38.783,16711f53-adc9-409a-9b56-40f1885de860,2920.53,2921,90000000,512000000,
2025-12-06 23:44:38.782,42d1294e-89af-4e91-adb2-23f97af86d10,3067.23,3068,90000000,512000000,
2025-12-06 23:44:38.768,73de05de-6880-4366-af5f-9e2a22707004,3278.88,3279,90000000,512000000,
2025-12-06 23:44:38.768,89b91512-3331-4f7f-8b5a-7c194de98b82,3080.47,3081,89000000,512000000,
2025-12-06 23:44:38.768,bd607b30-63ea-423a-a0ff-eb34775ca413,1911.83,1912,99000000,512000000,
2025-12-06 23:44:38.754,56e9976d-748a-4b97-8a26-f27ccb6073ed,1895.46,1896,100000000,512000000,
2025-12-06 23:44:38.742,e02fb5d6-3f16-44a4-bf86-bed9092ecc28,2969.4,2970,90000000,512000000,
2025-12-06 23:44:38.742,664f7fae-ec88-40f4-a061-60376fd0444c,3093.25,3094,90000000,512000000,
2025-12-06 23:44:38.739,6564a8a0-3d23-4afb-84cf-888b4a42d510,2981.76,2982,90000000,512000000,
2025-12-06 23:44:38.738,e424d86a-53c5-4aa5-9647-544621528a51,3005.26,3006,90000000,512000000,
2025-12-06 23:44:38.729,7ee55e23-c838-4a86-ad5e-220d20f64a21,1869.89,1870,100000000,512000000,
2025-12-06 23:44:38.725,fe5f1166-6e43-44f4-b77b-8ba355f6e6b9,3100.47,3101,90000000,512000000,
2025-12-06 23:44:38.719,f26abdd5-58b4-47cc-9d6d-f826d5cbbf33,1967.09,1968,101000000,512000000,
2025-12-06 23:44:38.708,43ad5893-e5b6-4482-b4c6-6e74d7f0d2c1,1930.69,1931,100000000,512000000,
2025-12-06 23:44:38.701,a9358cfd-ed25-4d29-b861-6a41e5e904ad,3096.1,3097,90000000,512000000,
2025-12-06 23:44:38.701,8f8e321d-fa89-4c9c-8c6f-ec0536157a52,2998.69,2999,89000000,512000000,
2025-12-06 23:44:38.695,e804b2f2-b5d7-4a0c-8094-2544da5bdf08,1877.05,1878,100000000,512000000,
2025-12-06 23:44:38.684,40723b1d-740c-4d05-ab8e-e1c2f4a8bb3c,3018.38,3019,89000000,512000000,
2025-12-06 23:44:38.676,35cf66a0-8e7a-4a1c-a24e-34356384868f,3064.38,3065,90000000,512000000,
2025-12-06 23:44:38.673,9e72620b-fcc9-47ab-826c-0a294a943c43,1947.47,1948,100000000,512000000,
2025-12-06 23:44:38.655,accf0833-d05f-49fd-9f2f-ce5681f98519,2988.62,2989,90000000,512000000,
2025-12-06 23:44:38.640,ab956fc4-1189-4a3b-a97e-431648e4ca20,2959.05,2960,90000000,512000000,
2025-12-06 23:44:38.631,a91db796-c9ef-4e6e-a874-cb753429deb0,3009.49,3010,89000000,512000000,
2025-12-06 23:44:38.626,41837042-9ca9-4199-9787-bd3d068fe367,3057.56,3058,89000000,512000000,
2025-12-06 23:44:38.626,df6e5faa-1abb-4ea2-b329-f129ede0f01b,3019.18,3020,89000000,512000000,
2025-12-06 23:44:38.619,366b9661-1855-40db-b45d-34db8a448c62,2962.64,2963,90000000,512000000,
2025-12-06 23:44:38.616,a48cc396-7488-4573-8b1d-cbd94aea5c7a,1930.21,1931,100000000,512000000,
2025-12-06 23:44:38.614,efddfd47-14bd-4bbe-8b9e-8c0853bd31b5,1874.12,1875,99000000,512000000,
2025-12-06 23:44:38.612,01fdcfc5-e034-4917-b48b-e94299c5d531,2940.76,2941,89000000,512000000,
2025-12-06 23:44:38.606,ed1a3258-bb92-4878-a94e-4451061d53f2,2903.3,2904,90000000,512000000,
2025-12-06 23:44:38.602,ac66f68e-73ee-4ae5-8d0e-c2186edf763b,1878.04,1879,99000000,512000000,
2025-12-06 23:44:38.597,6e88dd24-cbc8-49f4-b089-4e2dd603d5ab,1990.81,1991,101000000,512000000,
2025-12-06 23:44:38.590,5eecd570-46b7-4ce4-8abd-6b3b64711274,3043.21,3044,90000000,512000000,
2025-12-06 23:44:38.589,f2010694-1c29-47ff-b7ae-03d464bf5520,3155.4,3156,90000000,512000000,
2025-12-06 23:44:38.589,b77cdc98-fd5b-4e45-8a91-c05d11718c5b,1930.62,1931,99000000,512000000,
2025-12-06 23:44:38.584,ee3ac86a-b3c6-4333-8317-87b458d6c59e,1845.93,1846,100000000,512000000,
2025-12-06 23:44:38.582,1181bd82-5fb3-4d1b-942b-8f0806ea076d,1894.39,1895,99000000,512000000,
2025-12-06 23:44:38.562,7f408903-5163-4bd3-98e7-9b6abc7222c5,1875.45,1876,99000000,512000000,
2025-12-06 23:44:38.562,05587d8c-9a5f-4fa3-abe7-06cb7849980f,1930.48,1931,99000000,512000000,
2025-12-06 23:44:38.556,f81e0e6d-f1ca-4d46-922c-1e1a7ba32071,1910.1,1911,100000000,512000000,
2025-12-06 23:44:38.551,658b5040-763b-4700-9d68-49559f207481,1970.84,1971,99000000,512000000,
2025-12-06 23:44:38.545,27ff5692-30bd-4065-8bb1-d3dd8a50b317,1992.5,1993,98000000,512000000,
2025-12-06 23:44:38.530,ed103c52-c300-43a6-897f-1b2c5b059a88,1882.85,1883,99000000,512000000,
2025-12-06 23:44:38.521,fdadcfcf-d975-4a39-9e64-7b0bed3fc998,2980.48,2981,90000000,512000000,
2025-12-06 23:44:38.520,ff1d3e50-9247-4291-905d-9461dfa64150,2355.45,2356,98000000,512000000,
2025-12-06 23:44:38.518,c2294d6d-a23f-4636-b0ae-d8ba3fbf2f12,2959.08,2960,90000000,512000000,
2025-12-06 23:44:38.502,286edb9a-17d4-454a-af22-bc6079616198,1854.83,1855,100000000,512000000,
2025-12-06 23:44:38.496,0db17062-078e-4f1f-be57-fc8a58754f28,2030.91,2031,100000000,512000000,
2025-12-06 23:44:38.488,6ac88b3d-af19-4272-a619-ea0811589b12,1943.93,1944,99000000,512000000,
2025-12-06 23:44:38.454,29c32251-cd45-4243-a9bf-ef8ed07b69e5,1971.93,1972,99000000,512000000,
2025-12-06 23:44:38.453,a28bb6aa-d06d-4329-97b4-b06ae7a84e21,1974.8,1975,101000000,512000000,
2025-12-06 23:44:38.451,c7e2a43a-74f3-4312-9232-9a42f3991a33,2919.43,2920,90000000,512000000,
2025-12-06 23:44:38.431,f2d49bdb-44ef-4458-88f4-e1e86d79c105,2853.28,2854,90000000,512000000,
2025-12-06 23:44:38.402,20f79146-8bfb-43a7-80d4-c0e0dd64f818,3026.93,3027,90000000,512000000,
2025-12-06 23:44:38.402,83027e86-5e92-45e8-8ac9-15551bf7acf5,2063.79,2064,101000000,512000000,
2025-12-06 23:44:38.397,e3c3359f-084e-4137-9b96-f1519c151e95,2995.22,2996,90000000,512000000,
2025-12-06 23:44:38.394,f439dcff-539b-4a93-b673-eb921d00547c,2977.98,2978,91000000,512000000,
2025-12-06 23:44:38.391,e1671fc9-651c-41ae-95c7-5d01a14d1566,3107,3107,90000000,512000000,
2025-12-06 23:44:38.369,a6f9ff6c-a5ab-41d4-8b3e-7c865285e311,1879.29,1880,99000000,512000000,
2025-12-06 23:44:38.365,94697d88-cae5-490e-8940-9aab408e7fac,1853.01,1854,100000000,512000000,
2025-12-06 23:44:38.333,5ebf1f63-5c82-49bd-8096-0c6fee9fd501,1809.85,1810,100000000,512000000,
2025-12-06 23:44:38.331,20c78816-aa95-454c-89a6-5907ef455cbe,1923.82,1924,99000000,512000000,
2025-12-06 23:44:38.280,ca23fd0f-0533-4778-ae16-758fa81e7abd,1736.26,1737,104000000,512000000,
2025-12-06 23:44:38.259,b4f65be3-5334-4d9e-a46a-ca0486939f5e,1915.45,1916,99000000,512000000,
2025-12-06 23:44:38.259,45828c8c-637b-4dba-ba17-71e6a240e4ed,1851.08,1852,100000000,512000000,
2025-12-06 23:44:38.247,eef2704c-07e2-4351-9fec-bd327e136252,1851.54,1852,99000000,512000000,
2025-12-06 23:44:38.233,49cab973-9b3e-4858-a9d8-7ac80a71a727,1909.56,1910,99000000,512000000,
2025-12-06 23:44:38.228,7f7be9a3-083c-49c5-a1db-9d3518431c06,1881.37,1882,99000000,512000000,
2025-12-06 23:44:38.205,cc02aaee-4d9c-4cb1-a598-d5a59f75a1b8,1827.41,1828,100000000,512000000,
2025-12-06 23:44:38.187,5dcacafa-4553-4e71-9945-dd89ef11c00c,1848.35,1849,98000000,512000000,
2025-12-06 23:44:38.185,b2fce968-5f52-4a64-891a-b310e1fdbc53,1792.26,1793,100000000,512000000,
2025-12-06 23:44:38.158,f944e08f-a4dd-4e8c-a941-7c55f2df9f75,1813.91,1814,100000000,512000000,
2025-12-06 23:44:38.119,f2677f2c-af95-4f80-9eb6-37d3c5acfffa,2895.89,2896,89000000,512000000,
2025-12-06 23:44:38.112,90674dae-03b1-4e6e-b6d0-049dd2c5cced,1851.11,1852,101000000,512000000,
2025-12-06 23:44:38.069,638426ec-f3ab-4958-9769-6b14604cb557,2903.88,2904,90000000,512000000,
2025-12-06 23:44:38.048,472bb77a-3094-4c33-a844-83219685a40d,2998.52,2999,90000000,512000000,
2025-12-06 23:44:38.026,a519481c-aa93-4d03-91db-62624c271be9,3015.3,3016,91000000,512000000,
2025-12-06 23:44:38.025,bf7ae94d-64b4-4d36-a0ca-006b9bf0330f,1851.2,1852,99000000,512000000,
2025-12-06 23:44:38.010,3c92b369-00d8-4000-9f48-d50862f6eed1,2850.86,2851,89000000,512000000,
2025-12-06 23:44:38.008,1db216ac-7e93-4c00-b202-8e8f23fe484b,2919.34,2920,90000000,512000000,
2025-12-06 23:44:38.002,a5377847-e795-4ab3-9e60-a99876ff6e09,1848.23,1849,100000000,512000000,
2025-12-06 23:44:37.984,dcc701c1-2970-4c43-8b97-e5697643a38a,1943.91,1944,99000000,512000000,
2025-12-06 23:44:37.966,f4a14588-81b4-41ab-b6c6-916ad1e7d34f,1930.81,1931,99000000,512000000,
2025-12-06 23:44:37.939,3f2f0db4-c859-439e-be73-0d61dd1a82da,1811.39,1812,99000000,512000000,
2025-12-06 23:44:37.934,e1e1ae57-7316-48f5-9ffd-d40f2aa7a8ca,1873.77,1874,100000000,512000000,
2025-12-06 23:44:37.932,82836981-ab6d-48b7-bd6d-10cf6d988c30,1892.72,1893,98000000,512000000,
2025-12-06 23:44:37.918,09f97163-353c-4e32-b03a-2b07e5f705e8,1892.2,1893,100000000,512000000,
2025-12-06 23:44:37.852,f543fa1a-e1b5-42ef-ba6d-d3f05b0dc0e4,1936.63,1937,99000000,512000000,
2025-12-06 23:44:37.851,32e6af9f-cfe7-4016-b402-7226418cffd1,1940.6,1941,99000000,512000000,
2025-12-06 23:44:37.810,8411b245-9788-436d-8f69-396754f18d50,2142.4,2143,97000000,512000000,
2025-12-06 23:44:37.794,23e7e073-f243-4c5f-ba62-ed4316674c64,1951.74,1952,100000000,512000000,
2025-12-06 23:44:37.784,fd450f82-974f-4b5f-a130-048da17b58da,2711.54,2712,90000000,512000000,
2025-12-06 23:44:37.783,83531612-0901-4951-98aa-ec782139b8d2,1863.64,1864,99000000,512000000,
2025-12-06 23:44:37.783,14a10190-094a-445b-a02a-128ccbf860d8,1930.73,1931,99000000,512000000,
2025-12-06 23:44:37.779,a9300f56-c32a-4403-9b9d-486cf92041d3,1847.4,1848,99000000,512000000,
2025-12-06 23:44:37.776,740cf620-0386-4141-8268-f55420378953,2843.17,2844,90000000,512000000,
2025-12-06 23:44:37.769,670a378d-9b72-4ec3-8edd-c2741d26aedb,1825.65,1826,101000000,512000000,
2025-12-06 23:44:37.759,fd821138-111f-486a-a061-2fceb3f86621,1842.62,1843,100000000,512000000,
2025-12-06 23:44:37.711,ef85c884-a2aa-48f3-9af9-e67a59a3fc1c,2907.58,2908,90000000,512000000,
2025-12-06 23:44:37.686,17199ead-34bd-427f-856c-af6dfe314a0d,2151.38,2152,97000000,512000000,
2025-12-06 23:44:37.665,1bc9eed4-60c8-4584-9dd3-a104d9243d19,1815.76,1816,100000000,512000000,
2025-12-06 23:44:37.648,ac8e3ee8-6793-46b1-aaa8-60322ee81378,2702.36,2703,89000000,512000000,
2025-12-06 23:44:37.642,ebe51b8c-49b2-4e5c-b454-b501bd203ce8,2318.68,2319,97000000,512000000,
2025-12-06 23:44:37.632,c4516fce-c6c4-40ce-8a01-7a88d02e520a,2138.9,2139,98000000,512000000,
2025-12-06 23:44:37.582,970ba751-eecb-4247-a2f0-39dd5d43d5be,2706.77,2707,93000000,512000000,
2025-12-06 23:44:37.562,fcbe26e0-05a8-4168-a0c0-0dd3322740a4,2786.24,2787,93000000,512000000,
2025-12-06 23:44:37.528,013edae1-221a-4bfe-af6a-7735e9b4b548,1786.26,1787,98000000,512000000,
2025-12-06 23:44:37.515,89cb992a-8bd9-4710-a359-cc5c2eea5c97,1813.73,1814,101000000,512000000,
2025-12-06 23:44:37.500,20c8997f-2211-4267-9816-feabaeb81c36,2772.9,2773,92000000,512000000,
2025-12-06 23:44:37.485,f219d84e-58f0-4d3b-ac5a-ecc92ea78c1e,2770.5,2771,92000000,512000000,
2025-12-06 23:44:37.435,2f3ff81f-de4d-4eb5-999c-313f0b9f0c92,2623.84,2624,92000000,512000000,
2025-12-06 23:44:37.426,ba3ce8b9-b460-4753-9cf4-d988408e571f,2142.43,2143,97000000,512000000,
2025-12-06 23:44:37.418,89316d27-a061-4b4e-85ec-dc49aa213806,1727.89,1728,99000000,512000000,
2025-12-06 23:44:37.395,07a73484-33fa-4684-9f4a-4d35f42b1a0e,2766.07,2767,90000000,512000000,
2025-12-06 23:44:37.392,ab5ff22d-4cb3-4629-b64d-d26ddf345276,2740.5,2741,89000000,512000000,
2025-12-06 23:44:37.388,bbab7b44-0f91-4247-a9a6-e123ba4b5f60,2768.88,2769,92000000,512000000,
2025-12-06 23:44:37.329,ca99c70d-6502-454c-b274-3edff1dcc18e,2057.22,2058,97000000,512000000,
2025-12-06 23:44:37.324,9b40ae1a-8507-41d0-9c06-e4dde755572c,2639.39,2640,90000000,512000000,
2025-12-06 23:44:37.298,5f961bfa-ad02-463b-b70b-63ea0b728c9a,2670.11,2671,90000000,512000000,
2025-12-06 23:44:37.285,a2f190be-1e70-443f-9952-bd64301d8abc,2731.03,2732,90000000,512000000,
2025-12-06 23:44:37.270,426392ad-ea64-4dd8-b2d5-58a3f1e9fc90,2690.23,2691,89000000,512000000,
2025-12-06 23:44:37.256,febd1b40-cc68-4cc2-9347-c6d5b03bcdb0,2027.03,2028,97000000,512000000,
2025-12-06 23:44:37.242,c3e71fd4-eef0-4fed-bf16-6845abf85391,1750.39,1751,100000000,512000000,
2025-12-06 23:44:37.234,1eb55fe3-cebc-4ae5-ad53-f17c3adedf6a,2672.68,2673,93000000,512000000,
2025-12-06 23:44:37.227,7bf64760-d060-4547-9f01-b29e1e6b9be1,2093.68,2094,97000000,512000000,
2025-12-06 23:44:37.218,828335b1-2f5d-43d1-a0d2-734b32554aa7,2689.62,2690,90000000,512000000,
2025-12-06 23:44:37.214,87e70d4e-8451-4ba8-b9cd-744497084fa9,2206.79,2207,97000000,512000000,
2025-12-06 23:44:37.200,1021d10a-a625-4b12-949f-23a336a43ea4,2125.08,2126,98000000,512000000,
2025-12-06 23:44:37.178,2513c3b0-72df-4205-a11e-365418bf6b7d,1777.19,1778,99000000,512000000,
2025-12-06 23:44:37.175,731fd1ce-4955-46cc-b17b-a14b4cd76093,2123.45,2124,97000000,512000000,
2025-12-06 23:44:37.169,382f5c9e-3447-4805-9c36-80059ac3a7b7,2589.77,2590,89000000,512000000,
2025-12-06 23:44:37.165,92582f17-248c-4ca4-8a1e-488ab7962b98,2033.19,2034,97000000,512000000,
2025-12-06 23:44:37.145,82eb6108-ff2d-40f1-afa1-2cbfd67974b9,1999.63,2000,98000000,512000000,
2025-12-06 23:44:37.133,fb8dfdb6-a769-4b0b-8334-2704cca5252c,2659.25,2660,90000000,512000000,
2025-12-06 23:44:37.110,5489cfa2-16fb-475c-8293-29bf5444c0d2,3300.47,3301,104000000,512000000,
2025-12-06 23:44:37.103,24b907e9-f33c-4725-9d19-00de884e3d2d,2192.34,2193,97000000,512000000,
2025-12-06 23:44:37.103,9ebb7665-6980-427f-bdf5-4e66a6f7a28f,3054.84,3055,103000000,512000000,
2025-12-06 23:44:37.091,cbd82c3a-6271-409c-a7d9-5d7bbd9befcc,2670.35,2671,90000000,512000000,
2025-12-06 23:44:37.073,be4adb90-89b5-41a2-8214-cf34fc9d1b60,2107.94,2108,97000000,512000000,
2025-12-06 23:44:37.061,939b778d-ad3b-4bf2-afa5-3f7dde46da5f,2650.06,2651,89000000,512000000,
2025-12-06 23:44:37.058,66b2435a-1469-4fa5-8d92-992ceb38e10c,2066.66,2067,97000000,512000000,
2025-12-06 23:44:37.044,fd654ead-b4d5-4180-8f30-224fab720822,2734.18,2735,93000000,512000000,
2025-12-06 23:44:37.027,3500d757-934f-4ab7-a976-17ced657c1fe,2067.11,2068,97000000,512000000,
2025-12-06 23:44:37.024,d2430dd1-d433-44bf-8c40-57c8195f3d34,1950.08,1951,98000000,512000000,
2025-12-06 23:44:37.022,e0b336d8-df2a-4b46-b4a2-b936b3f27d77,3182.5,3183,104000000,512000000,
2025-12-06 23:44:37.021,61aff409-0e55-4869-a445-3a22c5944493,3173.99,3174,104000000,512000000,
2025-12-06 23:44:37.017,d662a94f-3c77-440a-9866-59664fc9fe94,2598.33,2599,90000000,512000000,
2025-12-06 23:44:37.016,57f54c96-be6e-46f1-b4f7-bbe6b0ef7df3,3239.27,3240,104000000,512000000,
2025-12-06 23:44:37.012,01f3cbde-a0d4-4719-add8-15f133844851,2629.86,2630,89000000,512000000,
2025-12-06 23:44:36.987,141d9341-c5ac-405b-be1f-374c598ffd2d,3202.81,3203,103000000,512000000,
2025-12-06 23:44:36.985,c7bc157b-9068-444e-aa6f-6095d060c6f4,2054.73,2055,97000000,512000000,
2025-12-06 23:44:36.984,7558d014-7710-4c73-9fbb-476e68755452,2644.03,2645,90000000,512000000,
2025-12-06 23:44:36.982,73510e6c-390e-4c9b-811f-b795a98eccd7,2671.03,2672,90000000,512000000,
2025-12-06 23:44:36.981,c1db4179-bc6f-40c3-89c8-8b5bcfade9d6,2007.99,2008,97000000,512000000,
2025-12-06 23:44:36.978,450ccfb3-8f63-4a0b-8717-9e489ed15ac3,2634.12,2635,90000000,512000000,
2025-12-06 23:44:36.970,710bde84-2327-4683-b329-2a56db8bf996,3071.97,3072,103000000,512000000,
2025-12-06 23:44:36.968,f25e5f10-53ab-4208-99d7-57c77c9309b0,2839.09,2840,91000000,512000000,
2025-12-06 23:44:36.963,a5460810-888d-4a21-8770-8a7a65e33915,2104.92,2105,97000000,512000000,
2025-12-06 23:44:36.939,89e55c59-a7a5-49fe-8501-eaa1af169c2e,2623.33,2624,90000000,512000000,
2025-12-06 23:44:36.912,3ad5dd32-add3-4aed-8712-420fca17ec6c,2626.43,2627,89000000,512000000,
2025-12-06 23:44:36.912,5bd37a0c-8059-4f84-9dc5-21efddc9fa0b,2045.22,2046,98000000,512000000,
2025-12-06 23:44:36.911,f8c4c4a0-0f9e-4199-9774-cdceaf8e89d9,3073.83,3074,104000000,512000000,
2025-12-06 23:44:36.909,41144abc-55e0-485d-baf1-005392ced23d,1981.52,1982,97000000,512000000,
2025-12-06 23:44:36.878,9c8cce6e-6a0f-48a1-b292-209192361a12,3209.96,3210,104000000,512000000,
2025-12-06 23:44:36.858,e110c45c-8cb0-4d24-a31a-3baade5617de,2595.8,2596,91000000,512000000,
2025-12-06 23:44:36.857,5b4e38d8-16c0-4bba-ae5c-a000d38db10b,3233.22,3234,102000000,512000000,
2025-12-06 23:44:36.857,1bf045cf-8212-4103-a6f5-69eba5eb4178,2047.38,2048,97000000,512000000,
2025-12-06 23:44:36.852,f1a84b41-449c-4ab2-b7a3-02b569f798de,2022.71,2023,97000000,512000000,
2025-12-06 23:44:36.851,8cb8971c-3678-4e70-af11-272c05caa158,2604.47,2605,90000000,512000000,
2025-12-06 23:44:36.849,a59205cb-4533-4cda-bbc6-2571be511bc6,2032.02,2033,97000000,512000000,
2025-12-06 23:44:36.847,f0442a74-6e64-4afa-99a5-9b5a8b89ba6b,3076.76,3077,104000000,512000000,
2025-12-06 23:44:36.846,c6de91ad-7a92-4023-88bd-ac94fcf7fa0a,2090.67,2091,97000000,512000000,
2025-12-06 23:44:36.840,1fde878f-5762-41e3-90b0-445ef7f69255,3109.64,3110,104000000,512000000,
2025-12-06 23:44:36.840,d26dd6d9-8c02-4afa-a5c6-1f65597d0020,2667.45,2668,91000000,512000000,
2025-12-06 23:44:36.832,cc60ebfa-a668-4836-99d8-992f0c2b6d84,3038.79,3039,105000000,512000000,
2025-12-06 23:44:36.825,fd4c802b-fe3f-4bff-841e-6083b5bbccc4,3202.07,3203,104000000,512000000,
2025-12-06 23:44:36.812,bd0b88ee-2463-4c0c-a27a-f7f9137ebaf0,1980.05,1981,97000000,512000000,
2025-12-06 23:44:36.811,d15b3520-b993-4379-adcd-25ff3e3a72d0,2994.24,2995,103000000,512000000,
2025-12-06 23:44:36.803,ae7f78e1-9d6e-4575-80c6-44547ececec2,2687.14,2688,90000000,512000000,
2025-12-06 23:44:36.799,a3458f6b-5788-4831-a57f-b8d9545aa7c1,3027.51,3028,104000000,512000000,
2025-12-06 23:44:36.797,ad9b51e8-9e38-472d-90fb-b099aa8b068a,2955.82,2956,103000000,512000000,
2025-12-06 23:44:36.795,a415f907-6073-4820-b147-b3458ef6fc25,2607.11,2608,89000000,512000000,
2025-12-06 23:44:36.794,b034d009-c17c-49a9-9a62-d1c2080911fe,3000.26,3001,104000000,512000000,
2025-12-06 23:44:36.791,860ca255-38a2-4604-820e-ad7c8a84e8ec,2688.67,2689,89000000,512000000,
2025-12-06 23:44:36.782,466d704a-a853-4e78-8257-c1bc79900813,3153.26,3154,104000000,512000000,
2025-12-06 23:44:36.781,87f31229-cbb0-4ffc-871b-6b7f7c777c1a,3025.61,3026,104000000,512000000,
2025-12-06 23:44:36.777,634e08b0-dfa6-4cf8-9192-e6cefee9db56,3233.04,3234,104000000,512000000,
2025-12-06 23:44:36.776,a76e3fc6-38c8-4ca5-a0e2-6ee4d3256422,3182.52,3183,104000000,512000000,
2025-12-06 23:44:36.775,bd335e91-c7b6-4e00-aa7c-49a009144dfe,2972.68,2973,104000000,512000000,
2025-12-06 23:44:36.771,4d444c63-c0d9-409f-99fa-71b2e6a7fad5,3075.29,3076,104000000,512000000,
2025-12-06 23:44:36.769,7f5f5d7f-653a-4c29-98e0-8d0977fbd181,3062.47,3063,104000000,512000000,
2025-12-06 23:44:36.769,f6baae32-82fe-4df9-a309-914862c054b6,2006.16,2007,97000000,512000000,
2025-12-06 23:44:36.766,d3ecc41a-da8c-42e9-87ca-069ac02e80f4,3239.96,3240,104000000,512000000,
2025-12-06 23:44:36.743,6d3a26f5-01cb-409a-bde3-2d8da01eafb4,2605.23,2606,90000000,512000000,
2025-12-06 23:44:36.743,c784b47c-1469-4f72-934c-0da4796ccaaa,1995.4,1996,98000000,512000000,
2025-12-06 23:44:36.732,188545b5-20b8-492b-848b-2d63173fae63,2088.36,2089,97000000,512000000,
2025-12-06 23:44:36.711,b4d5fff7-8fbd-4d92-93c3-52c08236671a,3204.84,3205,103000000,512000000,
2025-12-06 23:44:36.708,c516a946-8ebb-4160-bca4-81e8a15d9ab4,2626.64,2627,90000000,512000000,
2025-12-06 23:44:36.703,5901b955-bb48-412b-a8b8-706aa97fda5d,2036.49,2037,97000000,512000000,
2025-12-06 23:44:36.698,e80dbf7b-8906-413b-a1e1-1b05ce11df45,3258.55,3259,104000000,512000000,
2025-12-06 23:44:36.694,2e58f27c-a784-4460-b0c2-74d5485605bb,1987.81,1988,97000000,512000000,
2025-12-06 23:44:36.689,5e4d381a-02e6-4b62-bb95-27351ed521d2,3146.7,3147,104000000,512000000,
2025-12-06 23:44:36.687,03cf7e07-9b66-4b03-a5e0-257c2dacfc42,3200.04,3201,104000000,512000000,
2025-12-06 23:44:36.684,b97fc524-7d82-4edf-bae2-4b9896978f1d,2581.1,2582,90000000,512000000,
2025-12-06 23:44:36.681,a03e49b5-7f9b-4463-85ad-e8e69e0ecb9a,1893.72,1894,97000000,512000000,
2025-12-06 23:44:36.681,224ba709-9101-4b6a-982d-7e6d56897863,1931.62,1932,97000000,512000000,
2025-12-06 23:44:36.674,0abba3b8-21f5-411b-8f2a-87ade59a35d6,1992.17,1993,97000000,512000000,
2025-12-06 23:44:36.674,1c694017-cb55-4bb0-bb93-923e4df9a6b0,2630.41,2631,90000000,512000000,
2025-12-06 23:44:36.672,b4fb05de-a6b9-48d9-aa8c-a6d785d5de45,3081.6,3082,104000000,512000000,
2025-12-06 23:44:36.670,5ddb4245-4be8-45f8-8ce9-e162b72203c6,2636.1,2637,91000000,512000000,
2025-12-06 23:44:36.669,676bc2a7-c057-480d-b371-8c2d9147b5fe,3014.93,3015,104000000,512000000,
2025-12-06 23:44:36.668,97332b68-ecdc-4974-8eff-afe52a005541,3040.92,3041,104000000,512000000,
2025-12-06 23:44:36.667,9198d2ab-53f4-4448-8f62-f7535087964b,2616.51,2617,90000000,512000000,
2025-12-06 23:44:36.666,8bc3f1e4-9000-44e1-aaeb-9154bfe3efdc,2003.23,2004,98000000,512000000,
2025-12-06 23:44:36.656,6721123b-2ad8-4195-89eb-04360f3cb46e,3151.94,3152,104000000,512000000,
2025-12-06 23:44:36.649,b43d38cb-c3d7-4f8c-8ee0-b10b1bbf54f5,2064.25,2065,97000000,512000000,
2025-12-06 23:44:36.643,d83cb385-3990-444e-b759-3f6e05f32ae9,3005.18,3006,104000000,512000000,
2025-12-06 23:44:36.641,bd3ba499-31a7-40cc-a856-1369ee29ecb3,3160.88,3161,104000000,512000000,
2025-12-06 23:44:36.639,349ef747-8849-47dd-aada-2f935e7fe39b,3018.77,3019,103000000,512000000,
2025-12-06 23:44:36.638,b3ce2af2-fc1a-40ee-9fde-365fc9fc9f72,2015.41,2016,97000000,512000000,
2025-12-06 23:44:36.630,7279a5bc-b483-449d-b69c-e8d6a9b28a4f,2056.24,2057,97000000,512000000,
2025-12-06 23:44:36.624,f269d6a1-7255-4b5a-b5c2-467ec0580cf6,2595.8,2596,90000000,512000000,
2025-12-06 23:44:36.623,d9051f72-98da-4c65-84fe-a014acfdcb18,1936.6,1937,97000000,512000000,
2025-12-06 23:44:36.621,b6dd01ae-e248-48e8-8862-7a1fe05c42be,3166.42,3167,104000000,512000000,
2025-12-06 23:44:36.613,eaf87942-c9bd-43f2-a186-fe37635c818c,1986.68,1987,97000000,512000000,
2025-12-06 23:44:36.611,0fa23ca8-db35-44c3-b766-f34a999eec9d,2958.53,2959,104000000,512000000,
2025-12-06 23:44:36.595,07400b63-32bd-44f4-8844-f5fa326cccfc,1990.45,1991,97000000,512000000,
2025-12-06 23:44:36.594,b7b96f74-bac5-4c20-95f7-75ac639dd575,2614.68,2615,90000000,512000000,
2025-12-06 23:44:36.592,34aeeb4e-560e-4696-b872-9685d3c001e0,3100.11,3101,104000000,512000000,
2025-12-06 23:44:36.590,51663b43-b9ea-42b5-9bb3-a74f4a43d054,3160.03,3161,104000000,512000000,
2025-12-06 23:44:36.589,2648931c-5898-4747-9429-e6cfa2a091df,3130.36,3131,104000000,512000000,
2025-12-06 23:44:36.588,696befb0-a10c-477e-b024-8312106c02b5,3040.55,3041,104000000,512000000,
2025-12-06 23:44:36.586,af58b0b3-ba97-436d-8b73-41cd4b855e69,3354.26,3355,104000000,512000000,
2025-12-06 23:44:36.585,ef3a4adf-1e50-417b-951c-5e95c54a6d94,3193.53,3194,105000000,512000000,
2025-12-06 23:44:36.572,43777016-54c8-43d5-b487-10088e4debc2,1952.72,1953,97000000,512000000,
2025-12-06 23:44:36.570,e8bdb25f-b9eb-4fca-8626-14c14a33c778,3064.27,3065,104000000,512000000,
2025-12-06 23:44:36.569,0a910ef2-1c8e-4cac-812b-2f49a5684b89,3060.2,3061,103000000,512000000,
2025-12-06 23:44:36.561,d1af2153-fad2-4116-9017-052d08370268,3139.68,3140,104000000,512000000,
2025-12-06 23:44:36.556,e59bfaca-1e71-42d2-9a34-d143d0f107cf,3066.96,3067,104000000,512000000,
2025-12-06 23:44:36.549,af13b29a-3784-4dee-8d00-fe136f1886cc,3216.55,3217,104000000,512000000,
2025-12-06 23:44:36.549,a388d8c5-98fd-4c4f-bfe1-2692e7cd1859,3195.66,3196,104000000,512000000,
2025-12-06 23:44:36.548,54145818-ea90-48ba-95c4-d77e342c9579,3063.52,3064,104000000,512000000,
2025-12-06 23:44:36.548,9abbc4ea-0b27-4109-9518-b16b73dd1302,3128.58,3129,102000000,512000000,
2025-12-06 23:44:36.541,6e315484-abdf-4b14-9648-a330263518ac,3069.65,3070,104000000,512000000,
2025-12-06 23:44:36.533,050d650f-4243-4ed2-a82f-49f24123b790,3111.31,3112,103000000,512000000,
2025-12-06 23:44:36.525,0ffe488f-fb59-436a-81f5-7ec5fd6ca3e4,3148.64,3149,104000000,512000000,
2025-12-06 23:44:36.524,10f29397-e1e4-4fa9-96fe-a790478632e7,2983.18,2984,103000000,512000000,
2025-12-06 23:44:36.518,a1a2d0ef-922e-4a49-b599-11d435b8845d,3032.62,3033,103000000,512000000,
2025-12-06 23:44:36.517,80bd6cf0-0528-4160-a51d-897d2ffba65b,1683.62,1684,100000000,512000000,
2025-12-06 23:44:36.511,ec7abb8a-04ca-4d76-96af-8ca581c09147,3117.97,3118,102000000,512000000,
2025-12-06 23:44:36.510,3879a3d2-0a57-4ad4-856b-c08af21c61d8,2605.49,2606,90000000,512000000,
2025-12-06 23:44:36.509,924a2ce9-816a-4e68-bebf-3072f937b915,2980.82,2981,103000000,512000000,
2025-12-06 23:44:36.504,747b366a-879d-4a01-a86a-62675c6ee54b,1948.28,1949,97000000,512000000,
2025-12-06 23:44:36.497,734aa1d0-3260-4911-9779-11bc6875c566,2623.39,2624,90000000,512000000,
2025-12-06 23:44:36.496,87e347f3-9b68-4fe9-bcdf-c601f5e2062b,3061.56,3062,104000000,512000000,
2025-12-06 23:44:36.494,ad6d038c-4e33-472a-a639-ad98cda75c9d,2571.74,2572,92000000,512000000,
2025-12-06 23:44:36.492,05fe788e-b1ed-4633-8635-3a58840b6939,1963.83,1964,98000000,512000000,
2025-12-06 23:44:36.491,ddfec288-5a48-459c-aaf2-be2bbfae1569,3152.64,3153,104000000,512000000,
2025-12-06 23:44:36.488,2e5b188d-6be5-4571-aac5-8551439a32cd,1932.25,1933,97000000,512000000,
2025-12-06 23:44:36.474,7a34ffa3-04af-4686-9130-0cb0b30ebf42,1956.5,1957,98000000,512000000,
2025-12-06 23:44:36.471,eb557ed2-67ee-4eb4-a4b2-8ac1307d1a5d,2998.7,2999,105000000,512000000,
2025-12-06 23:44:36.470,7da5dd88-0092-414f-9503-7db9f5cc3113,1992.74,1993,98000000,512000000,
2025-12-06 23:44:36.460,489ce528-9351-4db7-a79d-3450375ad9a5,3015.31,3016,104000000,512000000,
2025-12-06 23:44:36.459,82a4caeb-8aec-40d2-af0b-d4cc0bfc1f60,1948.37,1949,97000000,512000000,
2025-12-06 23:44:36.458,d0191482-7441-4219-9745-45509cdaab14,3071.08,3072,102000000,512000000,
2025-12-06 23:44:36.455,8d88d0cc-1540-4f79-a0a2-e8054fab9be2,3011.72,3012,104000000,512000000,
2025-12-06 23:44:36.444,8017d080-d6c9-4680-8c35-929c18639dbe,3129.36,3130,104000000,512000000,
2025-12-06 23:44:36.442,d5217fb7-6ef7-4495-a214-71ab054345e8,3036.82,3037,104000000,512000000,
2025-12-06 23:44:36.440,d73d464a-36fa-4573-a82b-7d6df784a5fb,2974.61,2975,103000000,512000000,
2025-12-06 23:44:36.440,93576830-7bfe-4610-94ec-f7b60e13f838,2868.82,2869,103000000,512000000,
2025-12-06 23:44:36.439,7229197c-2bf1-408b-947e-eab6b4d636c7,3111.63,3112,104000000,512000000,
2025-12-06 23:44:36.436,92399c61-b67b-4d9c-86ed-6f6100636848,3104.68,3105,104000000,512000000,
2025-12-06 23:44:36.436,ec00895e-d051-4f7d-8d4a-c2f0deb0b3b0,3008.79,3009,104000000,512000000,
2025-12-06 23:44:36.434,9f9b9f06-ec94-433f-a419-2487918ad534,3168.82,3169,104000000,512000000,
2025-12-06 23:44:36.434,d203ca87-2cf9-4895-b861-3cd2bfcfc978,3035.06,3036,104000000,512000000,
2025-12-06 23:44:36.433,187bbf21-a3b0-4172-9df9-508d7e904723,3113.82,3114,104000000,512000000,
2025-12-06 23:44:36.429,62aeaa1d-d7dc-4a42-b596-8ad8877121f7,2996,2996,104000000,512000000,
2025-12-06 23:44:36.429,c7a98194-6b99-4dcd-ae81-b6d1a7b5c5e3,2015.81,2016,97000000,512000000,
2025-12-06 23:44:36.426,8553d168-30ce-45d6-a07a-5c9fd0e4b175,3158.33,3159,104000000,512000000,
2025-12-06 23:44:36.426,5a3245fc-78e3-4e9b-aa0b-780a44c67339,2045.55,2046,97000000,512000000,
2025-12-06 23:44:36.416,525be529-c9c0-40d0-bb19-49db41d0206c,3055.81,3056,104000000,512000000,
2025-12-06 23:44:36.413,b7716d48-ee2e-4198-ae6e-c61d89e29ec3,2536.63,2537,90000000,512000000,
2025-12-06 23:44:36.408,39479268-248c-43b5-ab1d-b35b564c70f2,3001.47,3002,104000000,512000000,
2025-12-06 23:44:36.406,f1ac13ff-8a25-493d-81d5-2f6ad4c7ae86,2995.91,2996,103000000,512000000,
2025-12-06 23:44:36.401,d1cdfa5e-ec11-43ae-b0d4-2be2f69541e0,3018.06,3019,104000000,512000000,
2025-12-06 23:44:36.400,d048cd74-5855-40b7-8131-0d91f64cdc11,1920.78,1921,97000000,512000000,
2025-12-06 23:44:36.393,0a466cf9-05e0-4f82-8268-1b03f417e26c,2974.21,2975,105000000,512000000,
2025-12-06 23:44:36.389,853e50a6-c94f-4200-8308-00319473ed1a,3095.77,3096,104000000,512000000,
2025-12-06 23:44:36.385,fbda3674-215d-4b44-9e8f-e70a64ca398f,2002.45,2003,97000000,512000000,
2025-12-06 23:44:36.385,16f9d672-2ce2-4539-81ac-0f8964c1a91f,1987.71,1988,97000000,512000000,
2025-12-06 23:44:36.380,cc564f01-4e8b-43a0-8a72-4bfd16750229,3194.39,3195,104000000,512000000,
2025-12-06 23:44:36.375,cc057ef0-979d-438c-9f25-cb8c2aedce3e,3092.37,3093,104000000,512000000,
2025-12-06 23:44:36.367,9139fbb5-d920-47c1-8e47-f8ce46e1d6f5,2011.36,2012,97000000,512000000,
2025-12-06 23:44:36.367,83efa96d-f346-4562-9d81-bf5cdf8d5d54,3098.83,3099,104000000,512000000,
2025-12-06 23:44:36.362,a860e507-7526-491a-b1ab-c58f10c4a824,2963.33,2964,104000000,512000000,
2025-12-06 23:44:36.351,34670982-21a7-4879-aaf6-05350c33b41d,3004.8,3005,104000000,512000000,
2025-12-06 23:44:36.326,e8252f7b-4af8-4f31-be16-28423a2ead12,1943.86,1944,97000000,512000000,
2025-12-06 23:44:36.322,94dc7e75-9adb-4c26-a2da-698b85fa6fc2,1914.55,1915,97000000,512000000,
2025-12-06 23:44:36.321,1217b892-cd66-4466-bc45-608c3ce7e881,3018.92,3019,104000000,512000000,
2025-12-06 23:44:36.318,11846e73-e6a7-4af2-9fed-d0fa923a7649,1946.06,1947,97000000,512000000,
2025-12-06 23:44:36.317,64855a9e-cc04-4749-8300-3867f694eb3d,1943.23,1944,97000000,512000000,
2025-12-06 23:44:36.309,f2daf7af-b21f-4c29-bea9-94886fe28039,2981.67,2982,103000000,512000000,
2025-12-06 23:44:36.299,52343e0f-3554-49ea-a8f1-d6081f73a2a6,2956.42,2957,103000000,512000000,
2025-12-06 23:44:36.295,f480768c-f6da-4cea-9498-794b2b5f893d,3102.95,3103,104000000,512000000,
2025-12-06 23:44:36.292,cb1d376d-9070-4e58-8080-21eca5f680e3,2005.13,2006,98000000,512000000,
2025-12-06 23:44:36.286,38f3df2b-71cf-4b9f-a679-296f57527284,3072.02,3073,104000000,512000000,
2025-12-06 23:44:36.285,fcb17c2b-eacc-42fd-97c4-12fde66387c5,3019.94,3020,104000000,512000000,
2025-12-06 23:44:36.284,6a2ea07e-1e55-4480-8dec-842df75ce3f2,3004.68,3005,104000000,512000000,
2025-12-06 23:44:36.278,ddf0cc33-87c2-4360-b55b-28d909235aa2,2961.51,2962,103000000,512000000,
2025-12-06 23:44:36.277,5161b826-8108-4b42-a38e-d18b1e0fdaf2,3021.27,3022,104000000,512000000,
2025-12-06 23:44:36.272,0bf63aea-b224-4308-a79d-32f6dc6cfd36,3037.96,3038,104000000,512000000,
2025-12-06 23:44:36.269,43aa353b-f64a-43db-bc20-463d08e25def,1915.67,1916,97000000,512000000,
2025-12-06 23:44:36.258,84e8db21-399f-4da1-8bf1-74d909d34273,3028.83,3029,104000000,512000000,
2025-12-06 23:44:36.258,5e5ce065-770f-4b18-b209-ca59e5b67f0f,2928.09,2929,103000000,512000000,
2025-12-06 23:44:36.257,8cee1c42-03e9-4f17-ae64-3960f5cf3cf7,3046.53,3047,104000000,512000000,
2025-12-06 23:44:36.253,edf589f2-91a5-47a6-a785-2434cd9ce70b,1957.95,1958,98000000,512000000,
2025-12-06 23:44:36.248,b1819140-8bbd-44a0-85d4-052ff47a75d9,3041.97,3042,104000000,512000000,
2025-12-06 23:44:36.246,c97d693b-ce94-4a4b-85d4-5dc640948724,3093.21,3094,104000000,512000000,
2025-12-06 23:44:36.240,d48ce854-b48d-4f55-aac7-69874bfce274,3072.14,3073,104000000,512000000,
2025-12-06 23:44:36.235,07dc5240-1a08-4bd7-92fc-07c2f15f9968,2980.42,2981,104000000,512000000,
2025-12-06 23:44:36.230,b3ae700d-4b5c-4b91-8273-417a4f4d3ce0,3078.81,3079,105000000,512000000,
2025-12-06 23:44:36.225,944f75dc-cea3-4525-a1a6-9f4bd09512e8,2908.12,2909,104000000,512000000,
2025-12-06 23:44:36.224,2f07b952-ce95-4638-8e0a-e90d7efdd8ca,3095.71,3096,104000000,512000000,
2025-12-06 23:44:36.223,d7609f2f-ffde-481f-abc2-b2d781139dfd,3159,3160,102000000,512000000,
2025-12-06 23:44:36.218,bffdfa3a-934f-4b6b-9c6d-41a1608f1d70,2966.12,2967,104000000,512000000,
2025-12-06 23:44:36.214,fd91c65e-551f-40f8-9a14-583854fa1fbe,3077.94,3078,104000000,512000000,
2025-12-06 23:44:36.211,59846c43-f855-47fb-8fb9-fc53c726ec14,3057.94,3058,104000000,512000000,
2025-12-06 23:44:36.211,6468b2e8-98b7-46e3-8ead-d2f890f1040f,3061.95,3062,104000000,512000000,
2025-12-06 23:44:36.205,7935e6b1-8866-4393-bb7e-6a6a761e6302,3042.92,3043,104000000,512000000,
2025-12-06 23:44:36.204,0a0ad940-a772-4b18-97f7-0bec00b77c6b,2949.5,2950,104000000,512000000,
2025-12-06 23:44:36.198,07eb2ac5-da5c-4d84-8d13-0cfae1aadbb7,2994.77,2995,104000000,512000000,
2025-12-06 23:44:36.191,a5c3e934-739e-4558-9755-a130dea315ca,3081.41,3082,104000000,512000000,
2025-12-06 23:44:36.189,dfd00f58-5034-4ad3-9c84-a32b73ca8f99,3046.97,3047,104000000,512000000,
2025-12-06 23:44:36.187,cd3a7220-5e13-4699-85e2-f2e65fd19ba2,3038.93,3039,103000000,512000000,
2025-12-06 23:44:36.182,7d75e11b-3a12-4377-ae70-b19731c907d6,2941.63,2942,103000000,512000000,
2025-12-06 23:44:36.173,ace4a831-aca1-41cb-aba3-5a9d1cf1e957,3071.89,3072,104000000,512000000,
2025-12-06 23:44:36.168,b042d71a-b190-4f2e-b2bd-8d562d147f78,2965.45,2966,104000000,512000000,
2025-12-06 23:44:36.166,53f6feae-93f6-41d7-a06e-52f632906baf,1976.4,1977,97000000,512000000,
2025-12-06 23:44:36.161,311b1aa3-fbe9-4fe0-9955-73720f5e3d72,3079,3080,104000000,512000000,
2025-12-06 23:44:36.158,521e6f43-ed44-463e-8225-9d7d165e6c3d,2490.2,2491,90000000,512000000,
2025-12-06 23:44:36.158,5f446d4e-f5e8-4a85-98f5-045ccd4460bb,3048.83,3049,104000000,512000000,
2025-12-06 23:44:36.156,23432f7c-3b66-493a-a551-0628aebc5811,3092.76,3093,104000000,512000000,
2025-12-06 23:44:36.153,3265e4d6-56e8-4c58-9a0c-325e86e8851f,2979.88,2980,104000000,512000000,
2025-12-06 23:44:36.152,77602c2c-ca24-4f3d-8993-abf6251e0b94,3033.67,3034,104000000,512000000,
2025-12-06 23:44:36.145,41e9c565-6bdc-4839-982a-a7e4c3eea1c6,3015.88,3016,103000000,512000000,
2025-12-06 23:44:36.144,64b43c5e-d8de-4a05-80aa-86c4b4f525ea,3074.32,3075,103000000,512000000,
2025-12-06 23:44:36.144,8d745513-ad0d-4826-a034-eb9edd525fac,1907.95,1908,97000000,512000000,
2025-12-06 23:44:36.143,d749aa2a-bc4b-4f31-9fae-8ee900006682,2954.93,2955,104000000,512000000,
2025-12-06 23:44:36.127,023c35a3-3133-437a-aa48-7c9857b3e0f7,3024.36,3025,104000000,512000000,
2025-12-06 23:44:36.126,c5bf28ed-2625-428b-a7de-f5f4d25573f6,2946.24,2947,103000000,512000000,
2025-12-06 23:44:36.124,04b6bd63-accd-4bc8-9881-5bf383e18edb,3096.05,3097,102000000,512000000,
2025-12-06 23:44:36.108,d4b737a6-e484-4bba-9e94-b5681504fac3,3023.14,3024,104000000,512000000,
2025-12-06 23:44:36.105,00173c3c-e8a6-40d6-b94c-08b15b2facd8,2909.11,2910,103000000,512000000,
2025-12-06 23:44:36.102,4c20c50b-b9bc-46cf-9a55-96018aa8abfd,3062.98,3063,104000000,512000000,
2025-12-06 23:44:36.099,305bd14e-7955-42b0-8999-9bfcbb3506b1,1990.64,1991,97000000,512000000,
2025-12-06 23:44:36.099,13f72c62-d9dd-48b0-9150-0916f3beee37,2958.58,2959,103000000,512000000,
2025-12-06 23:44:36.098,1ada8160-2669-4fe0-b28d-305b00b27333,3077.2,3078,104000000,512000000,
2025-12-06 23:44:36.094,faec348f-3404-420e-9de5-35cbb5eb2659,2932.54,2933,104000000,512000000,
2025-12-06 23:44:36.093,e1637082-34ee-419e-a079-c750d8eef4c6,2951.73,2952,104000000,512000000,
2025-12-06 23:44:36.091,ee728cf6-e9a8-4fb8-bf08-952d71290c06,2978.47,2979,104000000,512000000,
2025-12-06 23:44:36.091,2f2e75e0-2cfd-4365-97c6-c81bbaf07c30,2977.5,2978,104000000,512000000,
2025-12-06 23:44:36.088,360e1dda-7cc6-4192-b2f9-692c1289186f,2998.61,2999,104000000,512000000,
2025-12-06 23:44:36.087,57c6a7a1-b3c9-4e64-9206-f920bb60c390,2904.91,2905,103000000,512000000,
2025-12-06 23:44:36.086,e0db7adf-d150-44d1-825e-0ef45b4f1435,3006.09,3007,104000000,512000000,
2025-12-06 23:44:36.085,3f10fdf3-2683-48e4-bc55-b7bd20a1bcf6,2962.96,2963,104000000,512000000,
2025-12-06 23:44:36.081,d7867ef8-21c0-47fc-beef-0a1cb98dbf10,2969.17,2970,104000000,512000000,
2025-12-06 23:44:36.078,1947626d-a66a-4fd8-9a37-8480f124255b,3099.23,3100,104000000,512000000,
2025-12-06 23:44:36.076,de6cffb8-a0b7-4551-a3c7-4d0dfbecb563,3047.99,3048,103000000,512000000,
2025-12-06 23:44:36.074,0896fee1-512e-46da-9f40-fd3d0d9dd225,2928.41,2929,103000000,512000000,
2025-12-06 23:44:36.072,ea18e9d3-e3a5-4b53-b62c-7fb7968dfb40,2921.74,2922,104000000,512000000,
2025-12-06 23:44:36.068,86f0aa5e-7e3f-4ffd-abd3-d6b6e7c404d3,1872.71,1873,97000000,512000000,
2025-12-06 23:44:36.067,87cd2b7f-27ae-4ad7-a8e5-0c444bcf73d2,2837.76,2838,103000000,512000000,
2025-12-06 23:44:36.067,e23b355d-891f-4028-9655-11a070a32641,2985.56,2986,104000000,512000000,
2025-12-06 23:44:36.060,7015ddf7-83d8-474f-9cc5-73590d57a548,3076.99,3077,104000000,512000000,
2025-12-06 23:44:36.053,a56d7762-31b9-4e8c-b024-9d5bfe30e313,3063.59,3064,104000000,512000000,
2025-12-06 23:44:36.053,1a0de0fa-ef4e-4eb8-9d83-ec4fe3c5e57a,3038.59,3039,104000000,512000000,
2025-12-06 23:44:36.053,f6093fd0-57d1-4a00-a6e8-8befc3ac8eb4,3040.09,3041,104000000,512000000,
2025-12-06 23:44:36.052,3bb935d1-bd62-4e0f-bd6c-b3737dc70eca,1971.79,1972,98000000,512000000,
2025-12-06 23:44:36.042,77eb1656-617a-49e0-ba4f-77ab50cd6205,3060.94,3061,104000000,512000000,
2025-12-06 23:44:36.041,7d1a2804-d987-45b6-a53e-6a310c6b1774,3010.29,3011,104000000,512000000,
2025-12-06 23:44:36.035,eb766171-54d0-4971-9c25-faa230e8e375,2833.98,2834,104000000,512000000,
2025-12-06 23:44:36.030,b6d3d73d-29af-4539-9941-a57213998d70,3086.8,3087,103000000,512000000,
2025-12-06 23:44:36.030,ab90f020-a98f-4e99-8db0-1e558f0eeb51,1952.46,1953,97000000,512000000,
2025-12-06 23:44:36.026,9b52ced7-2c9c-4e35-89d4-dcf15f03aafd,2939.7,2940,103000000,512000000,
2025-12-06 23:44:36.023,5d44471e-d353-4e14-8bc5-f10adf342dfb,1933.57,1934,97000000,512000000,
2025-12-06 23:44:36.023,cb64e772-dc59-423d-b072-d81bd97a46c5,1973.56,1974,97000000,512000000,
2025-12-06 23:44:36.019,b71f99fc-06b4-4f4f-bdc5-dfd80b24d518,1966.58,1967,97000000,512000000,
2025-12-06 23:44:36.014,d073af93-a1c5-49cf-af5a-f4857c3d7631,3040.71,3041,104000000,512000000,
2025-12-06 23:44:36.009,59e1904c-9ca5-46ed-9854-df01c99a9ab2,2978.56,2979,104000000,512000000,
2025-12-06 23:44:36.008,802c4e7d-e7ee-4149-9851-fd7a17fb34ef,2940.4,2941,104000000,512000000,
2025-12-06 23:44:36.005,c29d6b0a-076a-47de-a254-e03faf65daad,2915.01,2916,104000000,512000000,
2025-12-06 23:44:36.005,a898d037-a8a2-4f16-a223-7b546fd2b75c,2877.86,2878,103000000,512000000,
2025-12-06 23:44:36.003,ddc3a48c-3f55-468a-8ccb-d77439b08f03,3018.68,3019,104000000,512000000,
2025-12-06 23:44:35.994,2818e18f-1978-4cb8-8cf7-a66c841a3e3f,2874.02,2875,103000000,512000000,
2025-12-06 23:44:35.989,96bebd50-57d2-4eb2-9ca1-a123dfd4c5c3,2987.8,2988,104000000,512000000,
2025-12-06 23:44:35.987,0375e994-9f7b-4cb8-b4da-3dbad8a1f489,3016.04,3017,104000000,512000000,
2025-12-06 23:44:35.975,c7c3ed3a-cac2-44a2-b19d-6e4274443c1a,2959.56,2960,104000000,512000000,
2025-12-06 23:44:35.968,9f19607a-301c-45e1-93e5-6cdea8d02167,2888.54,2889,104000000,512000000,
2025-12-06 23:44:35.964,1339d8aa-1c34-43b4-afb2-f4f0b829cd0b,2932.89,2933,105000000,512000000,
2025-12-06 23:44:35.957,bb31185a-5f88-4c84-82c6-75e148cc120e,2957.25,2958,104000000,512000000,
2025-12-06 23:44:35.956,df5a3d59-cb5d-45de-bbc9-55012865449d,2970.16,2971,104000000,512000000,
2025-12-06 23:44:35.952,7f99f1c3-8dea-4685-83f8-58e42dce345e,3014.06,3015,104000000,512000000,
2025-12-06 23:44:35.948,dae0db54-3910-402c-8dee-bb6c1a9cc80f,2898.63,2899,103000000,512000000,
2025-12-06 23:44:35.947,5f7c6aa0-540e-4532-8603-988a84652465,2938.43,2939,104000000,512000000,
2025-12-06 23:44:35.946,6f112d2f-8114-48b1-9baf-5d8774d3778f,2977.12,2978,104000000,512000000,
2025-12-06 23:44:35.946,af85168c-b826-4108-ad51-2656da0a4b9d,3007.32,3008,104000000,512000000,
2025-12-06 23:44:35.938,ba66f27b-794b-4ae5-89a1-7cc5e6fc4f5f,2931.47,2932,104000000,512000000,
2025-12-06 23:44:35.931,776c2599-e208-4f15-960e-5fb528f0f268,3058.04,3059,104000000,512000000,
2025-12-06 23:44:35.929,e18cac44-8a98-4605-a9b7-20f6534f4235,1990.38,1991,97000000,512000000,
2025-12-06 23:44:35.926,59d360fa-f786-4dcf-98bb-117b44f87087,2993.4,2994,103000000,512000000,
2025-12-06 23:44:35.922,311c2739-7af6-47c5-b381-79f104fb55ec,1948.55,1949,97000000,512000000,
2025-12-06 23:44:35.921,a29d0363-bd99-4b49-af3a-1fb85ef3e670,2942.94,2943,104000000,512000000,
2025-12-06 23:44:35.908,aa4229cb-5853-4e72-9601-67f930b38559,2001.98,2002,97000000,512000000,
2025-12-06 23:44:35.907,945283c4-52f1-4379-b665-f960b8d6e104,1956.83,1957,98000000,512000000,
2025-12-06 23:44:35.904,b63b5d5f-3624-4c00-a3f8-e73268153be4,2955.33,2956,104000000,512000000,
2025-12-06 23:44:35.902,03978b6e-fa87-48c5-9b39-7f3e1a3afc39,2977.71,2978,104000000,512000000,
2025-12-06 23:44:35.899,476025a1-3999-4557-85ed-d7ad2224d5ae,1940.08,1941,97000000,512000000,
2025-12-06 23:44:35.892,8041e839-f384-4bd7-8fd0-0c04d5e2750f,2973.33,2974,104000000,512000000,
2025-12-06 23:44:35.891,58faf9f4-9ca2-4edf-80ed-13e7bf880d8f,1934.45,1935,97000000,512000000,
2025-12-06 23:44:35.890,c67a0d5e-0138-418f-87fc-f3f07166d680,2910.76,2911,104000000,512000000,
2025-12-06 23:44:35.887,93c237e5-a9a2-4a2a-ae83-e33662277f77,3018.24,3019,104000000,512000000,
2025-12-06 23:44:35.884,b373ea19-4c81-4fd1-b7d4-645dd5366687,2894.68,2895,104000000,512000000,
2025-12-06 23:44:35.883,56de6b04-38d3-4859-8f3a-bc3de32834ca,2959.77,2960,104000000,512000000,
2025-12-06 23:44:35.876,c0cd6bd1-60ff-4db7-9b91-b3a77ae250b7,3075.44,3076,102000000,512000000,
2025-12-06 23:44:35.869,bcf57493-22ce-434d-9c25-c06113db30db,2808.42,2809,103000000,512000000,
2025-12-06 23:44:35.866,ce02af27-daf1-4769-aa6d-090fe337131c,2899.97,2900,104000000,512000000,
2025-12-06 23:44:35.863,33fdf61b-1ea6-4b52-b392-202466fa270e,2895.5,2896,104000000,512000000,
2025-12-06 23:44:35.861,92ebf921-02ad-46ed-8d14-c2a23986cf4e,2962.59,2963,104000000,512000000,
2025-12-06 23:44:35.850,462bb4ba-eb61-46e7-8d5d-611c11205091,2809.1,2810,103000000,512000000,
2025-12-06 23:44:35.844,5c5448a3-7969-46c6-b12a-ec320e37779d,1929.09,1930,97000000,512000000,
2025-12-06 23:44:35.843,7cd73f68-e798-4561-9047-8038d73b1777,1924.57,1925,97000000,512000000,
2025-12-06 23:44:35.842,53b23790-79c8-4769-8061-b79458b400dd,2872.05,2873,103000000,512000000,
2025-12-06 23:44:35.838,09658329-5a62-47f1-b912-a7f25758208f,3056.02,3057,103000000,512000000,
2025-12-06 23:44:35.835,5bbdb9bc-06f5-479c-8194-d3492b5f6e19,1930.77,1931,97000000,512000000,
2025-12-06 23:44:35.835,9bcd14a7-097f-4d5c-b4cc-8ec9dfeef8ad,3013.37,3014,104000000,512000000,
2025-12-06 23:44:35.833,e96a9a9d-6010-48f0-aba6-d7e4daf10107,2887.27,2888,105000000,512000000,
2025-12-06 23:44:35.831,3c9a7265-8b87-4eb0-b294-86f08d1f892c,2984.6,2985,104000000,512000000,
2025-12-06 23:44:35.829,b32836b8-d096-42f5-9858-0ef21d5d7870,2971.62,2972,104000000,512000000,
2025-12-06 23:44:35.821,9aca5582-74f1-4da7-a46c-bc5e4ff892b0,2935.29,2936,104000000,512000000,
2025-12-06 23:44:35.811,2f9c7240-2cdd-41c5-9e9a-1543c45a2f7f,2998.25,2999,104000000,512000000,
2025-12-06 23:44:35.804,42b639a5-868f-490d-bccd-2ab042ae4ba3,3006.07,3007,103000000,512000000,
2025-12-06 23:44:35.802,e9217021-bc6f-4682-8a92-838059a1e698,2989.71,2990,104000000,512000000,
2025-12-06 23:44:35.797,9f214d97-10bf-42b6-a30b-8b90323e1d5f,2839.84,2840,105000000,512000000,
2025-12-06 23:44:35.795,978c25dd-fd74-4437-821a-2f564d73517a,2968.95,2969,104000000,512000000,
2025-12-06 23:44:35.794,7c1bf612-e2cb-474b-9629-958d0cbd6888,2976.07,2977,104000000,512000000,
2025-12-06 23:44:35.792,8c4cfc17-bb7e-4005-a50b-89cd0a1bc50c,2924.13,2925,104000000,512000000,
2025-12-06 23:44:35.791,7518bf61-9eb9-405d-91f4-b5b9cf9922b9,2966.43,2967,104000000,512000000,
2025-12-06 23:44:35.790,a9572612-5bfe-42ab-9d7a-137960f0b8ac,2992.03,2993,104000000,512000000,
2025-12-06 23:44:35.789,8081977b-4ed9-45b8-bc8f-04977aeb9c4a,2983.67,2984,104000000,512000000,
2025-12-06 23:44:35.778,707acdb9-9f88-43a6-93ef-46d470daf253,2793.43,2794,104000000,512000000,
2025-12-06 23:44:35.777,ad2c940e-1a82-41b1-84a4-121a18313cd6,2902.11,2903,104000000,512000000,
2025-12-06 23:44:35.774,1707871d-ad92-494d-81d0-990853b06ba8,2757.62,2758,103000000,512000000,
2025-12-06 23:44:35.774,3dd9c090-0454-4e81-9390-a122d71e2c84,2942.87,2943,104000000,512000000,
2025-12-06 23:44:35.760,1c8a4875-c695-4df1-ba17-593ca97892cd,2949.74,2950,104000000,512000000,
2025-12-06 23:44:35.752,109626cb-653b-43c1-a96d-55fc4109dad8,2956.16,2957,104000000,512000000,
2025-12-06 23:44:35.747,293ae8b5-1351-48ff-a3cf-8fc5990a1d5e,2959.36,2960,104000000,512000000,
2025-12-06 23:44:35.747,ccb08932-1c22-4b63-8537-e022d18dc50b,3005.59,3006,104000000,512000000,
2025-12-06 23:44:35.746,eb07dbb9-7f6a-4873-81b4-99c165de47de,2843.16,2844,103000000,512000000,
2025-12-06 23:44:35.744,57f12007-6869-4736-8742-043b74e00ee1,2995.51,2996,104000000,512000000,
2025-12-06 23:44:35.730,2d427d6f-634e-4575-82d1-8dbade6ae5ef,2839.96,2840,103000000,512000000,
2025-12-06 23:44:35.729,bea31895-8779-4cbd-90e9-e03641bfbf03,1873.28,1874,97000000,512000000,
2025-12-06 23:44:35.728,2d8fb45e-3f9c-414c-8bd9-8cdd773403cc,3089.99,3090,104000000,512000000,
2025-12-06 23:44:35.722,166e1f4e-c901-4ddd-8b0b-09e76e68ce2a,2970.84,2971,103000000,512000000,
2025-12-06 23:44:35.715,524bad33-3921-4d2e-bdf0-8ee9cbea58f9,2894.48,2895,104000000,512000000,
2025-12-06 23:44:35.706,cd9e3265-eed3-432c-a8c0-8208ca344d04,2931.61,2932,104000000,512000000,
2025-12-06 23:44:35.694,d87e629e-1acc-4712-bd0b-0810187bd01d,1932.21,1933,97000000,512000000,
2025-12-06 23:44:35.688,2ffb6cce-d036-45f2-a5c9-0d3d66a0a0bf,2840.66,2841,104000000,512000000,
2025-12-06 23:44:35.678,f6125fbf-72f8-4874-b259-3b77a2a3ee1c,1827.89,1828,97000000,512000000,
2025-12-06 23:44:35.676,a540635e-50f5-4e2d-9ad0-355a3394c238,2922.63,2923,104000000,512000000,
2025-12-06 23:44:35.669,89230a0a-5680-4fa4-995e-64df61d4a50b,2918.43,2919,104000000,512000000,
2025-12-06 23:44:35.665,b46428fb-49af-4043-9236-ae9b6daa2fbe,2899.75,2900,104000000,512000000,
2025-12-06 23:44:35.658,6bfafcd3-aedf-4215-826d-e7fc8dfd0ee0,2916.2,2917,104000000,512000000,
2025-12-06 23:44:35.649,ad39cb7d-99ef-49ed-82b8-9de9c2b7fada,2928.22,2929,104000000,512000000,
2025-12-06 23:44:35.644,8b8784de-95f9-431c-a884-cce2dd4682fa,2839.12,2840,105000000,512000000,
2025-12-06 23:44:35.644,ace4a3c3-d36a-4afb-ad3d-9c64fc8616a9,2934.4,2935,104000000,512000000,
2025-12-06 23:44:35.629,91f89ef5-53c5-445a-bece-9944b0132e96,2908.99,2909,104000000,512000000,
2025-12-06 23:44:35.628,5e323615-3ef8-4e99-b4b0-dd4e064460dd,2431.86,2432,91000000,512000000,
2025-12-06 23:44:35.612,4ce717c5-1f3f-4220-a67e-586c8a8297cc,2858.19,2859,103000000,512000000,
2025-12-06 23:44:35.590,2131810f-6bb3-46bc-abc5-32f500dee117,2938.24,2939,104000000,512000000,
2025-12-06 23:44:35.590,f9b710a8-fd26-4ad9-a8fb-c3773f2c040b,2796.89,2797,103000000,512000000,
2025-12-06 23:44:35.580,67c5b942-11c2-4fba-ae87-374357aed497,2869.66,2870,103000000,512000000,
2025-12-06 23:44:35.578,653351ff-a0b2-4464-bdf0-bc13a513fa9d,2837.71,2838,104000000,512000000,
2025-12-06 23:44:35.569,443cc769-cec3-49bb-9957-889251994505,2835.88,2836,104000000,512000000,
2025-12-06 23:44:35.538,cc759805-a99a-44ed-bd46-b40222a57979,2906.95,2907,104000000,512000000,
2025-12-06 23:44:35.538,1ef497ec-d5f4-4f97-8368-910bfa069b50,2941.59,2942,104000000,512000000,
2025-12-06 23:44:35.530,b49ae686-b3a1-45a3-9049-f6a34d41feb3,2792.95,2793,103000000,512000000,
2025-12-06 23:44:35.523,928af46f-638e-40b4-9e00-402642f45097,2485.19,2486,90000000,512000000,
2025-12-06 23:44:35.515,e435558b-4a44-4b6a-960d-df6c39ca32f6,2784.64,2785,104000000,512000000,
2025-12-06 23:44:35.514,18ddbb34-5ff1-42d5-b09a-e7c9a36bfe6f,2997.81,2998,102000000,512000000,
2025-12-06 23:44:35.456,e847b843-3e4a-42ec-b9ab-d6850987b8d7,2979.2,2980,104000000,512000000,
2025-12-06 23:44:35.440,98c4a1de-21e7-4eea-a00f-a30531fa8f5a,1854.56,1855,96000000,512000000,
2025-12-06 23:44:35.433,a0bddc63-f078-497f-82b4-aea92af235ea,2348.65,2349,92000000,512000000,
2025-12-06 23:44:35.399,6bcea29e-026a-4977-a2c1-b32ec4ce4afb,2783.91,2784,104000000,512000000,
2025-12-06 23:44:35.397,e59b7980-9b4b-4a2f-bb56-150e8e4cd9fd,2781.69,2782,104000000,512000000,
2025-12-06 23:44:35.378,78343c24-c0e3-4658-915c-fb4955fb1d6d,1840.1,1841,98000000,512000000,
2025-12-06 23:44:35.364,dfe1a26e-2f85-4e41-b04f-dc76cc1d3d28,2731.75,2732,104000000,512000000,
2025-12-06 23:44:35.363,ee2275c1-a82c-46fe-8a48-14668233687e,2854.84,2855,103000000,512000000,
2025-12-06 23:44:35.301,5827e7e0-84e6-4c82-b6c3-dbe4f48f76e1,2305.81,2306,89000000,512000000,
2025-12-06 23:44:35.248,f75ef3a4-4b7b-49bf-8823-299b01da1d40,2273.13,2274,92000000,512000000,
2025-12-06 23:44:35.232,7aa8a53e-bc7e-40a5-a7ac-e4b80af879b8,2715.22,2716,103000000,512000000,
2025-12-06 23:44:35.203,5aba1b00-173a-4af4-8701-bcce1d0aa758,2712.36,2713,103000000,512000000,
2025-12-06 23:44:35.198,204ba48f-43ee-449e-ba94-146d4a6d2d55,2281.78,2282,93000000,512000000,
2025-12-06 23:44:35.153,101946ca-d0e5-44b7-a138-7555cf90724b,2834.68,2835,104000000,512000000,
2025-12-06 23:44:35.153,1b756e2a-b9b8-4ab0-856f-abbde49b69f7,2693.08,2694,103000000,512000000,
2025-12-06 23:44:35.147,e34f7680-93ff-4f79-a620-209540c338dc,2281.23,2282,90000000,512000000,
2025-12-06 23:44:35.088,a90a9b2d-a1d5-47f3-a58d-46f09fbd6547,2260.67,2261,90000000,512000000,
2025-12-06 23:44:35.085,2e42f41e-843d-4bdc-89b1-70cdf8cbd0b7,2260.37,2261,93000000,512000000,
2025-12-06 23:44:35.083,a2428ae2-3eba-4967-9e0b-755a16715195,2293.47,2294,91000000,512000000,
2025-12-06 23:44:35.076,af4270b5-cda6-4f7d-b2ca-79db1a949239,2805.54,2806,104000000,512000000,
2025-12-06 23:44:35.048,05865b98-777a-4734-9900-5fd3b2c52a9b,2563.58,2564,104000000,512000000,
2025-12-06 23:44:35.011,fe79562b-674b-45a0-a9c4-f30c08c0c41a,2254.81,2255,90000000,512000000,
2025-12-06 23:44:34.994,6a05c153-e0a0-4b15-9a0d-f093809008e6,2256.59,2257,90000000,512000000,
2025-12-06 23:44:34.990,d0da868d-2cc0-4828-925b-ec0ad10e3797,2729.03,2730,104000000,512000000,
2025-12-06 23:44:34.975,cc2632b3-b469-403a-a820-18a0732d98c4,2249.37,2250,90000000,512000000,
2025-12-06 23:44:34.972,186b5334-e639-4a2d-bc8c-141c46762cac,2726.15,2727,103000000,512000000,
2025-12-06 23:44:34.959,07e7f7b0-bd34-46ae-abcb-89be044c24e8,2196.26,2197,90000000,512000000,
2025-12-06 23:44:34.958,d03d1500-43ef-4e8b-9b37-45256253a5c1,2349.55,2350,91000000,512000000,
2025-12-06 23:44:34.953,947eb9be-b953-4dc0-a8ef-2d685d5cb682,2201.33,2202,89000000,512000000,
2025-12-06 23:44:34.946,888a913d-4238-4751-abb8-ac7453e1de2e,2201.67,2202,90000000,512000000,
2025-12-06 23:44:34.945,8ddcbb93-e156-486d-8cc8-b1d4d20ecbc0,2173.71,2174,90000000,512000000,
2025-12-06 23:44:34.889,74eef328-51b9-4088-8bff-8690089f4140,2206.98,2207,90000000,512000000,
2025-12-06 23:44:34.888,2a747519-ec2a-451c-8bf6-b52087ef876a,2205.21,2206,92000000,512000000,
2025-12-06 23:44:34.883,623e821d-8649-40e2-969d-35d9e183177d,2268.77,2269,92000000,512000000,
2025-12-06 23:44:34.882,49acd066-7b55-485b-b1be-e08d60872f9a,2696.45,2697,104000000,512000000,
2025-12-06 23:44:34.872,a6e129d0-25ab-4198-8ce6-fcea299bad69,2567.37,2568,104000000,512000000,
2025-12-06 23:44:34.851,c31257d5-ad78-44d0-b432-dfd63aefd94b,2255.54,2256,92000000,512000000,
2025-12-06 23:44:34.842,83dd5a86-c9d5-45c8-acd0-09f4cad3a21a,2474.77,2475,105000000,512000000,
2025-12-06 23:44:34.840,7b376e4a-8a04-4cf0-80d8-4c17275d16bf,2283.86,2284,89000000,512000000,
2025-12-06 23:44:34.817,94ea3b36-9fcc-44b7-a76a-98bb766bb81a,1768.3,1769,97000000,512000000,
2025-12-06 23:44:34.812,78735a43-0936-40b2-8ff0-f501f0954b46,2186.76,2187,89000000,512000000,
2025-12-06 23:44:34.811,af577f0b-0a38-44e9-8d41-09dd9ce653ff,2243.93,2244,90000000,512000000,
2025-12-06 23:44:34.805,f03c85c0-fff9-4fe7-a539-2410432af2fc,2220.33,2221,91000000,512000000,
2025-12-06 23:44:34.797,1c1053c1-8759-44a8-a821-7b9d3010577e,2602.39,2603,103000000,512000000,
2025-12-06 23:44:34.793,1d8d3bb4-ee6d-4b33-9c59-87ce121e9fa3,2240.68,2241,90000000,512000000,
2025-12-06 23:44:34.791,5aaee421-b6ac-4186-bb72-d67fb87d2028,3014.45,3015,104000000,512000000,
2025-12-06 23:44:34.745,256392fb-21c3-4c95-979c-c20affe01fec,2167.06,2168,89000000,512000000,
2025-12-06 23:44:34.745,52350811-01b5-4467-ac33-0397086584c2,2570.22,2571,104000000,512000000,
2025-12-06 23:44:34.744,44fcc8ac-87ec-4cc3-8247-f7d384ffa897,2214.01,2215,90000000,512000000,
2025-12-06 23:44:34.722,9aa6f58b-496d-4994-bbd7-883a3b7dcf37,2220.12,2221,90000000,512000000,
2025-12-06 23:44:34.719,c9532c2f-fc71-4c77-94ad-15034d8e878e,2105.63,2106,90000000,512000000,
2025-12-06 23:44:34.705,144e3aeb-feec-4b15-9d61-676de11f8f27,2672.63,2673,104000000,512000000,
2025-12-06 23:44:34.703,3a620726-9be9-4346-bf99-1fd2ac952b3a,2579.11,2580,103000000,512000000,
2025-12-06 23:44:34.690,23197c3a-d0b2-4596-b2cb-ac9e355a7dd1,2186.89,2187,93000000,512000000,
2025-12-06 23:44:34.682,294c2384-535b-4e81-b2a7-1cdc27fb5749,2156.19,2157,90000000,512000000,
2025-12-06 23:44:34.672,841f69e3-5011-41d7-b4e9-1bf3d303030e,2188.5,2189,91000000,512000000,
2025-12-06 23:44:34.668,a9816f18-8b40-4245-bba3-aa55f51de49e,2650.39,2651,104000000,512000000,
2025-12-06 23:44:34.661,7349c92f-b448-4e85-a1fb-b6daabd207b1,2137.78,2138,92000000,512000000,
2025-12-06 23:44:34.642,15c7bd70-dd79-40f4-a68d-01bdd96b3854,2169.89,2170,92000000,512000000,
2025-12-06 23:44:34.641,363f21fa-7396-4863-8af1-83f6d53efdd5,2160.93,2161,89000000,512000000,
2025-12-06 23:44:34.633,41716413-a1a2-407d-8524-291ac39057dc,2163.71,2164,92000000,512000000,
2025-12-06 23:44:34.630,16e115ed-c6e4-48ee-9b93-59fe04c6b85a,2681.91,2682,104000000,512000000,
2025-12-06 23:44:34.622,1ed5cbba-a56e-4a7c-9caf-d4aa464c913a,2627.86,2628,104000000,512000000,
2025-12-06 23:44:34.619,0c2c85cf-d314-4474-bae8-cd95cddd14a7,2640.35,2641,104000000,512000000,
2025-12-06 23:44:34.613,8e6a3211-52ce-4fa4-b019-8f73da928739,2696.25,2697,104000000,512000000,
2025-12-06 23:44:34.608,7f12a73a-1dd9-4f25-aec6-3f464319ccea,2192.56,2193,92000000,512000000,
2025-12-06 23:44:34.599,91e423e3-1fc7-4cc5-b874-3d67383076ca,2088.91,2089,89000000,512000000,
2025-12-06 23:44:34.595,e789e931-3f85-409c-b5d8-1c04e7afb6f9,2161.06,2162,90000000,512000000,
2025-12-06 23:44:34.591,07e18cd4-dd84-4f3c-bbb8-e7e86c4e61c3,2228.48,2229,92000000,512000000,
2025-12-06 23:44:34.572,68cb6be2-3b55-4dfa-96bb-87bf2d9618c1,2565.47,2566,104000000,512000000,
2025-12-06 23:44:34.571,3c693f29-a547-48c2-a64a-b551733c49f8,2756.18,2757,104000000,512000000,
2025-12-06 23:44:34.569,be990ed2-1c5f-441f-9a33-8a1ceba8647e,2174.43,2175,89000000,512000000,
2025-12-06 23:44:34.554,da5b2d5c-d791-4ca7-a0d5-23a83c77e6fc,2555.44,2556,103000000,512000000,
2025-12-06 23:44:34.548,13f1e69a-3d26-47d7-9cf9-a66694c236a6,2632.84,2633,104000000,512000000,
2025-12-06 23:44:34.545,573c679e-4f8d-4e0a-b407-b6199caf3321,2116.66,2117,90000000,512000000,
2025-12-06 23:44:34.541,23b7e81c-2492-4495-a2dd-dbb8c17c419c,2127.57,2128,89000000,512000000,
2025-12-06 23:44:34.532,7d96a522-cb01-4424-8e62-06fbee86cfca,2163.32,2164,89000000,512000000,
2025-12-06 23:44:34.496,a3d1d741-1885-46e6-8e5c-bb564dec8760,2158.43,2159,90000000,512000000,
2025-12-06 23:44:34.494,73424a10-1de9-4324-ba90-1ed5b82f2bd2,2142.02,2143,90000000,512000000,
2025-12-06 23:44:34.468,cd8dfd88-75d3-465b-844e-96d818af8006,2135.61,2136,92000000,512000000,
2025-12-06 23:44:34.460,f9c51711-7211-4463-ac62-f572f429f12a,2646.57,2647,104000000,512000000,
2025-12-06 23:44:34.437,5bfcc839-4608-4472-ac10-c759b8d02747,2144.34,2145,91000000,512000000,
2025-12-06 23:44:34.422,5c6af0f9-adee-42e8-9b99-d8a04a78fdef,2516.04,2517,104000000,512000000,
2025-12-06 23:44:34.414,41eb45e1-79dc-460a-b65b-ebbcf4b81054,2647.81,2648,103000000,512000000,
2025-12-06 23:44:34.411,8abd2071-5130-45a9-8afb-b5ab2ae46ea4,2142.27,2143,90000000,512000000,
2025-12-06 23:44:34.407,4041193f-5bd7-471b-9b0d-440fff3a2c55,2093.98,2094,89000000,512000000,
2025-12-06 23:44:34.400,1d2ae74a-1f51-42dd-83a7-2051eb6d28e2,2105.82,2106,90000000,512000000,
2025-12-06 23:44:34.388,38629994-13d5-46a3-9e74-3e0a0b15ffe9,2102.23,2103,90000000,512000000,
2025-12-06 23:44:34.384,685854a9-c355-4744-9f60-f3d51b354df2,2635.87,2636,104000000,512000000,
2025-12-06 23:44:34.381,ef8a34fd-59aa-42d5-8b4e-35f609407e95,2994.39,2995,104000000,512000000,
2025-12-06 23:44:34.368,fdc54f32-0ac5-4923-84ab-05b6ef44c846,2160.78,2161,92000000,512000000,
2025-12-06 23:44:34.367,d4c8fc81-335a-4d55-9d04-aec54f406c6d,2164.12,2165,89000000,512000000,
2025-12-06 23:44:34.360,8433c896-2678-4ac9-93b2-03f4c9c57be9,2070.98,2071,91000000,512000000,
2025-12-06 23:44:34.357,eeeff522-2d3f-4526-9336-16387a23b3be,2104.43,2105,90000000,512000000,
2025-12-06 23:44:34.356,f071773a-e91f-494d-b462-300d7022c1a7,2614.84,2615,104000000,512000000,
2025-12-06 23:44:34.346,fa91df19-3a71-4c66-80f0-1f9f4a0df760,2107.73,2108,93000000,512000000,
2025-12-06 23:44:34.344,fcd35504-9ef3-4d79-931c-d4fe74a27750,2039.21,2040,90000000,512000000,
2025-12-06 23:44:34.344,e95698aa-3c9c-40b8-828a-6294e710c18b,2107.06,2108,92000000,512000000,
2025-12-06 23:44:34.311,281fdb50-c283-46c5-b532-611bd2d7e478,2438.31,2439,103000000,512000000,
2025-12-06 23:44:34.305,dff5e604-3912-489f-b5e9-9d5b3dce087c,2640.14,2641,104000000,512000000,
2025-12-06 23:44:34.277,7b65d2c3-d97f-4abd-aad3-0547dc4c45f9,2566.68,2567,104000000,512000000,
2025-12-06 23:44:34.274,731e5c74-9927-4f27-8a9a-d758b4fa2ae0,2069.09,2070,91000000,512000000,
2025-12-06 23:44:34.242,52fe5298-5c18-4655-9b93-a1c0ffb8e2b1,2617.18,2618,104000000,512000000,
2025-12-06 23:44:34.201,8f6a41a7-7b5c-47a4-ac85-0a77731a779a,2110.93,2111,90000000,512000000,
2025-12-06 23:44:34.188,fa263086-6d8e-4aa2-858d-f07ed185adc4,2161.96,2162,90000000,512000000,
2025-12-06 23:44:34.180,b12ea49c-7313-44d0-8c50-1539475a5305,2484.2,2485,104000000,512000000,
2025-12-06 23:44:34.168,ca3aa55c-0bd5-43bb-ac02-aa5e3066295e,2135.54,2136,89000000,512000000,
2025-12-06 23:44:34.163,c309eaa6-730e-4291-85b9-87e1433084cd,2613.05,2614,104000000,512000000,
2025-12-06 23:44:34.156,d55d51d6-4dbc-496f-acd7-55f9045d40b1,2557.05,2558,104000000,512000000,
2025-12-06 23:44:34.152,c855b040-44e2-4849-b173-513d685c0b8f,2155.77,2156,91000000,512000000,
2025-12-06 23:44:34.147,c33b5da1-6da7-4892-9a5d-1e75a86a4466,2604.07,2605,104000000,512000000,
2025-12-06 23:44:34.142,b907e529-cca7-449f-9165-68df9ce22123,2616.64,2617,104000000,512000000,
2025-12-06 23:44:34.141,c78da71b-b905-4319-a263-c178e5ad8dec,2521.58,2522,104000000,512000000,
2025-12-06 23:44:34.126,649e0ea6-ec24-4535-99a6-a510c2b50668,2576.3,2577,104000000,512000000,
2025-12-06 23:44:34.113,291d4aa2-5a2d-464b-9d21-72fdc6a8cd73,2519.57,2520,103000000,512000000,
2025-12-06 23:44:34.107,643cd18c-cf19-4c92-9d94-7e6d2bce8312,2552.18,2553,104000000,512000000,
2025-12-06 23:44:34.094,d403dca8-16fc-4af3-9419-74e79e2137e0,2531.32,2532,104000000,512000000,
2025-12-06 23:44:34.092,b18b5c68-30dd-4048-bf96-1b26b70100c4,2484.45,2485,104000000,512000000,
2025-12-06 23:44:34.072,24053fb2-5be5-4ad8-838b-61837a29c74f,2542.87,2543,104000000,512000000,
2025-12-06 23:44:34.070,136ab37a-0bcb-4122-b2bf-70101101d0a0,2159.49,2160,93000000,512000000,
2025-12-06 23:44:34.068,75f40492-e850-4602-8704-19883e3024e4,2117.24,2118,92000000,512000000,
2025-12-06 23:44:34.061,64dfe289-d733-4489-b94b-4f70289b7325,2128.06,2129,91000000,512000000,
2025-12-06 23:44:34.056,fce0897e-1fbf-4e7e-8eac-3e7a4fc653ef,2142.97,2143,91000000,512000000,
2025-12-06 23:44:34.042,da07182b-a48b-49e6-81d0-551521bc4679,2105.28,2106,89000000,512000000,
2025-12-06 23:44:34.041,70f47cc9-6072-4f3b-bcce-2016dcb0dc66,3199.82,3200,99000000,512000000,
2025-12-06 23:44:34.038,c873ae50-10f9-4820-9640-f96c931f92dc,2375.43,2376,103000000,512000000,
2025-12-06 23:44:34.037,f14031a4-d0a8-4caa-8b86-01814a124039,2127.09,2128,90000000,512000000,
2025-12-06 23:44:34.030,84d5f8b5-3718-4443-9617-bc306d82b2be,2564.67,2565,104000000,512000000,
2025-12-06 23:44:33.997,07882969-f448-4e5d-ae3a-cfbc4550b7e5,2544.51,2545,104000000,512000000,
2025-12-06 23:44:33.988,590f9f19-8b44-4a9f-9239-d60860ef86d2,2528.34,2529,104000000,512000000,
2025-12-06 23:44:33.948,b9ddc50f-8793-4eff-9ae5-ef14096f7c06,2059.42,2060,89000000,512000000,
2025-12-06 23:44:33.931,7aac5c28-377c-44eb-884d-0adba2b3adfe,2100.02,2101,91000000,512000000,
2025-12-06 23:44:33.923,a1468c18-533a-4401-a131-31e58d7cd382,2132.05,2133,91000000,512000000,
2025-12-06 23:44:33.919,917e24d6-ecd0-44eb-8e37-041a7df34206,2092.93,2093,90000000,512000000,
2025-12-06 23:44:33.905,7f930706-9f18-46e0-81fa-e49019e296b5,2066.29,2067,89000000,512000000,
2025-12-06 23:44:33.903,8c3d623a-87b1-4f1b-808c-6573b2db248c,2059.37,2060,90000000,512000000,
2025-12-06 23:44:33.901,3a47af99-fb71-4eaa-807b-6bcf82c457d9,2087.44,2088,90000000,512000000,
2025-12-06 23:44:33.899,20490904-302c-422f-af09-3ff49e2d23cd,2516.76,2517,104000000,512000000,
2025-12-06 23:44:33.895,9bd01eb6-2e00-4e63-9bbb-9c2098efee7a,2120.13,2121,90000000,512000000,
2025-12-06 23:44:33.894,b8f9cc10-9a30-4745-85ba-a4743c394cf6,2545.03,2546,104000000,512000000,
2025-12-06 23:44:33.890,a71d64b1-59b6-4f81-8c52-d46e6e86b967,3124.49,3125,98000000,512000000,
2025-12-06 23:44:33.888,5a7ea421-c2fa-4659-bd28-c558af0a3414,2100.24,2101,90000000,512000000,
2025-12-06 23:44:33.877,8d2348fe-20a2-4166-9ee3-7c3da0163fd7,2502.09,2503,104000000,512000000,
2025-12-06 23:44:33.863,fbaf1abe-12b9-4210-9d39-ce682a58d881,2415.47,2416,104000000,512000000,
2025-12-06 23:44:33.856,a58d354e-26f7-42d4-92c6-680c0828ba94,2416.63,2417,104000000,512000000,
2025-12-06 23:44:33.840,721db53a-80bf-4692-a00a-0fea5862b11c,3152.49,3153,100000000,512000000,
2025-12-06 23:44:33.836,5e7438e1-f983-418e-bad9-86b5c472a7f4,1971.68,1972,90000000,512000000,
2025-12-06 23:44:33.833,9228c7c1-9737-4ec3-9ce1-75b0911b74d1,3133.47,3134,100000000,512000000,
2025-12-06 23:44:33.832,423c3a76-fa2a-43a4-a761-b563f1bb0d79,3101.18,3102,99000000,512000000,
2025-12-06 23:44:33.827,57ebc15e-ed77-4890-abe7-6638aa6be764,3293.02,3294,98000000,512000000,
2025-12-06 23:44:33.827,f0a1c2dd-7e5a-4182-9fe2-df7c401c53c2,2068.22,2069,90000000,512000000,
2025-12-06 23:44:33.810,f1d127aa-c82c-4f84-9893-043b69a4e23f,3088.98,3089,99000000,512000000,
2025-12-06 23:44:33.787,16c9b859-8062-4dbf-88c7-18085e4d01e8,3085.24,3086,98000000,512000000,
2025-12-06 23:44:33.786,e09d31ea-fcd3-4ffd-856a-e589c2ad1e7b,3157.47,3158,99000000,512000000,
2025-12-06 23:44:33.779,a9dc8522-3cea-4014-a9d2-c1bbaf2a9ea5,3108.46,3109,100000000,512000000,
2025-12-06 23:44:33.772,a93c1201-051b-4db6-8769-2aa3283ab3cb,3108.99,3109,99000000,512000000,
2025-12-06 23:44:33.767,f9d17d6a-a082-4d4d-a4bc-2170b9a7d3ae,3202.82,3203,100000000,512000000,
2025-12-06 23:44:33.752,65d01178-f027-4848-aabb-edcf80d57767,3088.09,3089,98000000,512000000,
2025-12-06 23:44:33.751,e8275743-d259-4cfe-95b6-de75c649a46e,2106.44,2107,90000000,512000000,
2025-12-06 23:44:33.742,b7d6e6ef-e012-43df-a898-a4b894d44a85,3072.94,3073,98000000,512000000,
2025-12-06 23:44:33.736,89f73bbc-6a5d-44d4-94b0-d6b455774bd1,3060.63,3061,99000000,512000000,
2025-12-06 23:44:33.733,693ec081-8716-411c-84c7-18beae72cde4,3179.93,3180,99000000,512000000,
2025-12-06 23:44:33.705,2c622fb4-fb51-4545-8f2e-72cc0a7530c2,3116.42,3117,99000000,512000000,
2025-12-06 23:44:33.687,49715908-3067-441d-a341-9202d108330c,3050.35,3051,100000000,512000000,
2025-12-06 23:44:33.683,cc175373-2480-4f11-ad9d-204c2072e579,3030.55,3031,100000000,512000000,
2025-12-06 23:44:33.661,588fc1d3-88dc-4169-beca-d55438bcb5de,2357.36,2358,104000000,512000000,
2025-12-06 23:44:33.646,0c369afe-560b-4d34-8800-35be4b660136,2970.87,2971,98000000,512000000,
2025-12-06 23:44:33.642,4fc84aff-eede-43ac-a16f-d2a93955d80a,3112.92,3113,99000000,512000000,
2025-12-06 23:44:33.637,e2341037-5a1f-421d-a469-1e303e0f2fcf,3213.85,3214,100000000,512000000,
2025-12-06 23:44:33.627,d49d9329-bc0a-4e75-9003-9f5d10d0f02b,3032.55,3033,100000000,512000000,
2025-12-06 23:44:33.611,2c850562-5377-4bde-996d-2895c9e88331,3129.8,3130,98000000,512000000,
2025-12-06 23:44:33.603,c8805f63-e51a-4ca1-aa8d-a1d022ca50db,3154.92,3155,99000000,512000000,
2025-12-06 23:44:33.601,e92cb54b-fac5-401f-9e3b-031fbfaa1dc0,3276.43,3277,99000000,512000000,
2025-12-06 23:44:33.600,d32f7b11-2379-4d7f-aba0-1ba1d48a3199,3218.2,3219,100000000,512000000,
2025-12-06 23:44:33.598,2d9aed60-5e03-494b-aed3-7c28edcd107d,3215.11,3216,99000000,512000000,
2025-12-06 23:44:33.578,4d1d52c4-eedc-473e-ae91-2d97f8ab75b5,3172.02,3173,100000000,512000000,
2025-12-06 23:44:33.568,f06b6963-6154-435b-91ba-ceb81d27daa3,3176.44,3177,99000000,512000000,
2025-12-06 23:44:33.544,c42f9354-4401-4e4d-97ea-5e282b7d415f,3007.26,3008,99000000,512000000,
2025-12-06 23:44:33.541,9c3ba165-c8fb-4c2d-90d9-15cfe9f70a9e,1996.57,1997,92000000,512000000,
2025-12-06 23:44:33.538,8e13b452-9556-4d5a-ad63-796d83c76472,3175.66,3176,99000000,512000000,
2025-12-06 23:44:33.523,4625f1ba-2afb-494a-92ad-e0be91575bff,3108.88,3109,98000000,512000000,
2025-12-06 23:44:33.519,291ee883-b256-41ea-bc04-a9aee88e821c,3152.11,3153,98000000,512000000,
2025-12-06 23:44:33.518,2326ae4f-08fc-4049-8063-c4fe03fc6e35,2009.98,2010,91000000,512000000,
2025-12-06 23:44:33.512,6af27ac7-1d2a-476d-bcd7-e127ea4eb9e2,3101.78,3102,100000000,512000000,
2025-12-06 23:44:33.493,c5df7c55-722d-4f49-9c6f-d8ec8c7819f7,3092.82,3093,99000000,512000000,
2025-12-06 23:44:33.491,c5631b19-f614-41b9-ac7e-4b3d6555fae9,3100.07,3101,99000000,512000000,
2025-12-06 23:44:33.491,f33d41b3-229f-4f34-8fee-b4d1d925e00a,2939.8,2940,100000000,512000000,
2025-12-06 23:44:33.486,545d3587-6358-472a-b7ce-85ba6859f2cc,3108.88,3109,100000000,512000000,
2025-12-06 23:44:33.483,c37064e7-da91-4349-ac6d-84ac33a956c4,3133.37,3134,99000000,512000000,
2025-12-06 23:44:33.482,2fee99bc-61cb-4db8-8b0c-74681c7d8834,3049.76,3050,99000000,512000000,
2025-12-06 23:44:33.482,a4a721d1-5aad-4701-8477-87a0bb2710c7,3137.69,3138,100000000,512000000,
2025-12-06 23:44:33.479,38c5cb4a-e16a-4f8f-84f9-bbaa53dcd177,2936.96,2937,99000000,512000000,
2025-12-06 23:44:33.475,73114b60-87b8-4b26-8a55-93ca19c90cca,3082.72,3083,100000000,512000000,
2025-12-06 23:44:33.467,f1a31238-d9b2-44cd-bead-0db912b166dc,3073.01,3074,98000000,512000000,
2025-12-06 23:44:33.463,2b079cda-11fc-4cd1-bc2c-59d6398016d5,3050.76,3051,99000000,512000000,
2025-12-06 23:44:33.462,b4a4f8c6-ac66-4334-9668-ead725d633f5,2935.54,2936,99000000,512000000,
2025-12-06 23:44:33.441,65311a5c-fb9d-4d0d-9505-b7c82f239049,3098.27,3099,100000000,512000000,
2025-12-06 23:44:33.441,aebf7203-4322-4306-89a2-d3bbe41e84d6,3127.8,3128,99000000,512000000,
2025-12-06 23:44:33.440,a07fe4a0-1692-4966-b028-fec59cf17145,3029.04,3030,100000000,512000000,
2025-12-06 23:44:33.436,1ee93b92-c58c-4889-a643-93a44e1b151e,3118.53,3119,99000000,512000000,
2025-12-06 23:44:33.431,a56ac5e8-0306-4022-9f3e-6109ada387c9,3110.76,3111,100000000,512000000,
2025-12-06 23:44:33.427,473546c4-6546-4201-8547-46c94179b5ae,2960.42,2961,99000000,512000000,
2025-12-06 23:44:33.424,525dee73-4d5c-4fd3-a32a-e5466bf10778,3131.93,3132,100000000,512000000,
2025-12-06 23:44:33.419,5bbca746-7c3d-4056-834e-89a31b8c1a16,3100.85,3101,99000000,512000000,
2025-12-06 23:44:33.417,9873209f-436f-4460-9493-23d6fa99c11c,3064.39,3065,98000000,512000000,
2025-12-06 23:44:33.411,0a4a5366-9b6e-4eab-aa3e-3f7aba2000ca,3071.05,3072,99000000,512000000,
2025-12-06 23:44:33.406,9fe9060c-1fdb-4ea5-9023-27da7edc3a60,3021.04,3022,98000000,512000000,
2025-12-06 23:44:33.402,ec2be9cf-b3f5-4bde-8146-bf93519db2db,3106.56,3107,99000000,512000000,
2025-12-06 23:44:33.400,3e13bd4f-7f71-4fc8-8587-5ccfe1d41a89,3175.97,3176,99000000,512000000,
2025-12-06 23:44:33.396,1795e545-85a2-43b5-9bc2-3ee94d800623,3073.66,3074,99000000,512000000,
2025-12-06 23:44:33.395,58896889-4034-4b79-85f9-cde093583e4f,3073.42,3074,99000000,512000000,
2025-12-06 23:44:33.391,5188e977-d52f-4ebf-8822-458c43e24239,3156.11,3157,99000000,512000000,
2025-12-06 23:44:33.387,29474adb-9270-479a-9a64-9519a386b983,3151.91,3152,98000000,512000000,
2025-12-06 23:44:33.386,9c052423-6ec6-4a6c-9953-9290a8cb9687,3130.92,3131,100000000,512000000,
2025-12-06 23:44:33.384,6c2022e3-dce9-4b3c-8eeb-e42d91395826,2869.19,2870,100000000,512000000,
2025-12-06 23:44:33.380,6806d2c3-39d7-4959-a5ef-b6718bc3da9d,3111,3112,101000000,512000000,
2025-12-06 23:44:33.375,6d7317b4-9fff-446f-902d-fdaa200e78a8,3110.05,3111,99000000,512000000,
2025-12-06 23:44:33.359,4b1982c0-c4eb-4249-8c3b-d81895f9a54a,3082.62,3083,100000000,512000000,
2025-12-06 23:44:33.358,2c20bdf0-e720-476e-92a2-af0e347d64eb,3083.81,3084,99000000,512000000,
2025-12-06 23:44:33.358,aca97b09-9e5d-4197-8b89-e8ed1d6c45d0,3007.9,3008,99000000,512000000,
2025-12-06 23:44:33.352,67df9014-ee0c-4076-8dbf-40e6ece028fa,3046.88,3047,100000000,512000000,
2025-12-06 23:44:33.351,295f3658-07fd-45b1-bdf1-4e4029575849,3089.26,3090,98000000,512000000,
2025-12-06 23:44:33.349,28308000-4fa7-4777-923c-70dd83bd0c33,3105.75,3106,99000000,512000000,
2025-12-06 23:44:33.333,eb08b346-85d8-4e87-9672-7782f89e4673,3051.42,3052,98000000,512000000,
2025-12-06 23:44:33.325,2fa0351f-5ba7-40fa-8766-27c7779f56aa,3151.49,3152,100000000,512000000,
2025-12-06 23:44:33.323,68417f1c-8994-44b0-b4e8-3c7e0c72b7c4,3059.18,3060,100000000,512000000,
2025-12-06 23:44:33.321,9092be0f-124b-4cb6-a6ff-beb6a1c1e59e,3095.14,3096,98000000,512000000,
2025-12-06 23:44:33.317,d5adeb12-ac4a-4e5e-a613-88130376c8ad,3087.7,3088,100000000,512000000,
2025-12-06 23:44:33.311,a00290f9-4f5e-446f-9218-61e49c785f37,3055.88,3056,100000000,512000000,
2025-12-06 23:44:33.310,0542f74a-03e1-4372-9311-1fea20c7042d,3089.31,3090,99000000,512000000,
2025-12-06 23:44:33.302,39282f95-682f-4cc7-866c-fd11397ae2b6,3089.64,3090,100000000,512000000,
2025-12-06 23:44:33.301,7f9dc248-0436-41b5-b80b-08a652af2163,3065.91,3066,99000000,512000000,
2025-12-06 23:44:33.301,56483f26-85bd-44cf-a6c7-bb5b5ae965c8,3074.21,3075,99000000,512000000,
2025-12-06 23:44:33.298,27b1b10b-d359-44e2-b20b-d3c9691f6074,3114.6,3115,100000000,512000000,
2025-12-06 23:44:33.297,c3c5f8b3-959b-4bae-ad4f-07f025951603,3056.62,3057,99000000,512000000,
2025-12-06 23:44:33.296,8e505266-a4a8-4a03-8c87-ceb0b08b8bed,3054.09,3055,99000000,512000000,
2025-12-06 23:44:33.292,8134010e-aa10-491d-91cd-59687f6d297d,3028.47,3029,100000000,512000000,
2025-12-06 23:44:33.285,dd55854a-0b9e-4e4e-841e-f8046195787f,3093.93,3094,100000000,512000000,
2025-12-06 23:44:33.270,06d00e17-f577-4474-9382-ad5ef2bd6c88,3058.89,3059,100000000,512000000,
2025-12-06 23:44:33.265,2c075493-eb7c-474a-a5c6-0f9ac4d51874,2989.38,2990,100000000,512000000,
2025-12-06 23:44:33.262,ac948463-f1c6-427d-85eb-d3677dde3d14,3072.76,3073,100000000,512000000,
2025-12-06 23:44:33.260,cc7347c5-45c1-43c8-bee7-a2293a686801,3031.78,3032,99000000,512000000,
2025-12-06 23:44:33.254,ccbb3895-ea5d-416e-bbd5-9797c4305f51,3117.64,3118,100000000,512000000,
2025-12-06 23:44:33.248,f6091b11-0ed4-4b39-a68c-0aa9341de23b,3049.73,3050,98000000,512000000,
2025-12-06 23:44:33.242,35129153-593b-4e9d-869f-f039b30749a6,3096.84,3097,99000000,512000000,
2025-12-06 23:44:33.237,7d5b0794-4c28-4541-89b2-6e3d5f310200,3031.99,3032,99000000,512000000,
2025-12-06 23:44:33.235,05c41430-12bf-4039-ab6c-f99359049cb5,3071.21,3072,99000000,512000000,
2025-12-06 23:44:33.233,20ca92a9-8599-4027-9c8b-7006177859ff,3032.53,3033,98000000,512000000,
2025-12-06 23:44:33.226,465be05e-4996-4567-aac2-673f758afac6,3008.57,3009,100000000,512000000,
2025-12-06 23:44:33.224,4acd7e12-46d6-4f1b-8591-bbf388faf3d9,2978.2,2979,99000000,512000000,
2025-12-06 23:44:33.222,edc37e80-9518-4ca6-89c8-3969ed402f22,3192.33,3193,100000000,512000000,
2025-12-06 23:44:33.222,a175bdb7-4737-43ab-a305-c0988a69b3cf,3011.26,3012,99000000,512000000,
2025-12-06 23:44:33.215,efd1ce81-bc70-4e2a-8b25-bff454b262dd,2968.45,2969,100000000,512000000,
2025-12-06 23:44:33.200,e01fb7d6-117c-488e-bbb5-7504c430e491,3011.64,3012,99000000,512000000,
2025-12-06 23:44:33.199,53f65373-4561-4cd4-814e-6671a3f05cd2,2990.88,2991,100000000,512000000,
2025-12-06 23:44:33.190,f985731a-ee86-447d-b38d-2608a46093f4,2239.46,2240,104000000,512000000,
2025-12-06 23:44:33.188,b3b328ec-9d74-40cd-a24f-c0d8a79b75f8,3036.12,3037,98000000,512000000,
2025-12-06 23:44:33.188,9f4fb0c6-c2f7-4ab8-9daa-f5e8da7f8413,2969.12,2970,99000000,512000000,
2025-12-06 23:44:33.181,b225ac46-e8cd-4e3f-84ed-e904474b6344,3032.54,3033,98000000,512000000,
2025-12-06 23:44:33.180,3b9412e5-d962-43b4-b88f-c3dd6df4c210,3139.32,3140,98000000,512000000,
2025-12-06 23:44:33.175,ca878984-c330-4fc3-b415-5aa83f69aef3,3076.63,3077,100000000,512000000,
2025-12-06 23:44:33.167,1a4a05e1-d0bc-474f-8b41-d71f2efd939e,3063.01,3064,99000000,512000000,
2025-12-06 23:44:33.164,2876c762-01cf-40ea-80ea-57d47296ea3f,3073.8,3074,99000000,512000000,
2025-12-06 23:44:33.159,ddd1fba7-6887-4fb3-ad77-a5bf8ee38d37,3035.77,3036,98000000,512000000,
2025-12-06 23:44:33.156,7a720a19-7622-4daf-9938-fbdcb1bc18ad,2998.21,2999,100000000,512000000,
2025-12-06 23:44:33.153,1950e40a-b610-4a12-aab1-29d8416d5bc7,3051.86,3052,100000000,512000000,
2025-12-06 23:44:33.150,0157894c-a281-483a-8f48-4892aa911773,2931.56,2932,100000000,512000000,
2025-12-06 23:44:33.143,1f6c8355-d041-4bfd-87d6-a2854203400a,2991.58,2992,99000000,512000000,
2025-12-06 23:44:33.142,5d469d7f-9e79-4b47-86eb-b708cec99f95,3012.05,3013,100000000,512000000,
2025-12-06 23:44:33.135,a7d7d28e-1e04-4654-b4eb-9f12c6f330b1,3083.17,3084,99000000,512000000,
2025-12-06 23:44:33.133,c340a885-6618-4167-b903-44b7e505c5e6,3010.91,3011,99000000,512000000,
2025-12-06 23:44:33.131,2cabb172-e491-4192-b6cb-ac060892887a,3023.13,3024,100000000,512000000,
2025-12-06 23:44:33.130,fcbcfa42-6e2d-46a3-a230-c4662c862613,2986.43,2987,99000000,512000000,
2025-12-06 23:44:33.129,7351e6a0-f565-4b94-8dd9-5145935efd74,3024.27,3025,99000000,512000000,
2025-12-06 23:44:33.129,4eaf259e-cbe0-42b3-87c8-9e244d178bb3,3201.62,3202,99000000,512000000,
2025-12-06 23:44:33.126,69dc963b-be57-4142-9e12-8308257a9d49,3011.27,3012,100000000,512000000,
2025-12-06 23:44:33.125,8ee10a06-4aa8-4ab6-bb9c-e9f39f2191ac,3035.72,3036,99000000,512000000,
2025-12-06 23:44:33.122,28d3709e-9167-4f16-8c2f-bf0c00845e0f,3034.04,3035,100000000,512000000,
2025-12-06 23:44:33.118,d85fa5e0-d517-4c38-a04c-147e0d5dc566,3027.13,3028,98000000,512000000,
2025-12-06 23:44:33.117,ecd1b66e-f43b-411e-9a14-d7e8c9134571,3064.8,3065,99000000,512000000,
2025-12-06 23:44:33.110,ce5e4efc-d002-45b5-a9fa-590604d8f59f,3014.57,3015,99000000,512000000,
2025-12-06 23:44:33.107,47c63227-71bf-4916-b31e-c3f7d6b250e0,3046.38,3047,98000000,512000000,
2025-12-06 23:44:33.107,2876be2f-f022-4975-90d4-ea2d526d0804,3074.57,3075,100000000,512000000,
2025-12-06 23:44:33.107,954a57e9-ce7d-4b63-a343-c879a7f80602,2940.98,2941,98000000,512000000,
2025-12-06 23:44:33.101,8f7f516e-fcf8-4963-ae63-dec720a96ff8,3012.4,3013,100000000,512000000,
2025-12-06 23:44:33.096,b49709ca-e7d1-48c9-8c2b-d3fbcd16cafd,3059.57,3060,98000000,512000000,
2025-12-06 23:44:33.094,1b8f757f-3a4b-4d9a-9977-29d13a78ab2e,2958.92,2959,100000000,512000000,
2025-12-06 23:44:33.093,b4178198-2a8d-4c50-9167-bae91fdfb820,2970.67,2971,100000000,512000000,
2025-12-06 23:44:33.088,c4049213-60d6-4231-89a7-6c137d4a5a70,2954.05,2955,100000000,512000000,
2025-12-06 23:44:33.087,fbfc2f46-5e68-43d1-af28-1ba9ca2703d3,3028.63,3029,99000000,512000000,
2025-12-06 23:44:33.086,19e871df-73e9-4b40-ab0e-2b429468c18f,3003.39,3004,100000000,512000000,
2025-12-06 23:44:33.085,4903e0b6-d4c7-438b-a2cb-fe89699d52fb,2991.56,2992,100000000,512000000,
2025-12-06 23:44:33.082,a52ae450-a867-4439-8d7e-e262bafd8d2e,2950.81,2951,98000000,512000000,
2025-12-06 23:44:33.081,dde90c1a-05d9-408e-865b-b9d700f7bdeb,3011.46,3012,100000000,512000000,
2025-12-06 23:44:33.077,956c7c61-605d-4a3a-aa96-083a957a02f4,3009.05,3010,100000000,512000000,
2025-12-06 23:44:33.065,29c8b754-a078-4c54-a9a5-1f9941f48907,2935.19,2936,100000000,512000000,
2025-12-06 23:44:33.064,0f2b71a1-9f17-4065-b0c8-0199d10ca2c3,2985.04,2986,99000000,512000000,
2025-12-06 23:44:33.063,1c99682c-11fb-4db9-bbec-04b66e822e3c,2970.13,2971,100000000,512000000,
2025-12-06 23:44:33.061,4d44e688-0d40-4076-afe7-bdd35e197611,3014.12,3015,99000000,512000000,
2025-12-06 23:44:33.059,274da0cb-8098-4982-92c7-d49938850700,2947.14,2948,99000000,512000000,
2025-12-06 23:44:33.059,60173538-c44b-4e22-a0da-e1a985859552,3051.43,3052,99000000,512000000,
2025-12-06 23:44:33.057,4edd36aa-0bf2-4449-862b-46b9bfa7f200,3021.66,3022,100000000,512000000,
2025-12-06 23:44:33.048,0ef7cbf7-aae5-420a-b180-e55274ebd233,2953.88,2954,99000000,512000000,
2025-12-06 23:44:33.047,27ae6b04-de25-4953-8dce-6515a577d331,2994.65,2995,100000000,512000000,
2025-12-06 23:44:33.045,827b4ded-f8a0-4811-86fb-7c7a74c47e56,2097.69,2098,104000000,512000000,
2025-12-06 23:44:33.042,04fa23c0-38b5-4904-a42e-bcd26c13cf1e,3031.74,3032,98000000,512000000,
2025-12-06 23:44:33.041,58ddb395-1037-4e20-aadb-89a5dc84d166,3029.99,3030,99000000,512000000,
2025-12-06 23:44:33.034,daec597c-4494-485d-a9be-27635499dcdd,1887.05,1888,90000000,512000000,
2025-12-06 23:44:33.032,30cb5d4b-06ee-4418-bfd4-54db258d48de,3033.42,3034,100000000,512000000,
2025-12-06 23:44:33.030,57b0bcf2-ebd8-410f-a95d-383c3968676e,2194.7,2195,104000000,512000000,
2025-12-06 23:44:33.030,bb516ccc-a8e6-4e39-bf5b-177c46d85392,2993.88,2994,100000000,512000000,
2025-12-06 23:44:33.029,70fc6e8a-69d6-4405-82a8-ce9a46d0bbb6,3012.48,3013,100000000,512000000,
2025-12-06 23:44:33.024,d2b38ed1-30fa-408a-918f-83f1c9bf3756,2927.22,2928,99000000,512000000,
2025-12-06 23:44:33.016,7a5f7a44-bb00-49be-8f15-4b4872ea3998,2977.14,2978,100000000,512000000,
2025-12-06 23:44:33.016,87f08093-90a2-403f-a729-9f7bf759ddf4,2979.22,2980,99000000,512000000,
2025-12-06 23:44:33.015,1bf0452d-19a9-41f3-85cd-04f36ff9eb13,3052.51,3053,100000000,512000000,
2025-12-06 23:44:33.013,5cf051d7-b6b8-41ce-aa3b-a3daada64dad,2946.57,2947,100000000,512000000,
2025-12-06 23:44:33.012,0a5ec29e-8669-41b5-ad8e-c612285ae60a,2951.5,2952,99000000,512000000,
2025-12-06 23:44:33.009,6d0cbdb6-119e-443f-83df-1ccb5b1c4d73,2951.57,2952,100000000,512000000,
2025-12-06 23:44:33.008,d5b89f33-2f46-4714-8268-1b15978f56fa,2970.28,2971,98000000,512000000,
2025-12-06 23:44:33.006,678d5b89-7da8-4dfc-b9c8-31a818a5f368,2968.46,2969,100000000,512000000,
2025-12-06 23:44:33.004,a30feed3-b65c-43fb-9940-b38cc63c9181,2851.11,2852,99000000,512000000,
2025-12-06 23:44:32.999,fa807428-da52-4a66-874c-2266a27d8b77,2963.48,2964,99000000,512000000,
2025-12-06 23:44:32.998,6637f8e0-5ed2-4d49-8dc3-80687c6a25c1,2963.07,2964,100000000,512000000,
2025-12-06 23:44:32.997,47c511bf-dc3d-4366-a41f-cf057ba70c5a,3073.65,3074,99000000,512000000,
2025-12-06 23:44:32.984,60e38799-40bc-491e-99ae-3fe8cbd794ac,2159.91,2160,105000000,512000000,
2025-12-06 23:44:32.982,db13f4d5-71e5-4e3f-b3ce-0932fdd226e4,2946.53,2947,99000000,512000000,
2025-12-06 23:44:32.978,2ec1bbd0-d884-49a8-b6e0-f91232a1e7d8,2942.37,2943,100000000,512000000,
2025-12-06 23:44:32.977,913374da-bf88-491b-8d64-e7759cdd0701,2935.77,2936,100000000,512000000,
2025-12-06 23:44:32.974,8f07fab0-1585-4992-8e05-49a4afc32e2b,2934.63,2935,100000000,512000000,
2025-12-06 23:44:32.967,aedee795-012d-45a5-a5de-da6455ab69db,2955.65,2956,98000000,512000000,
2025-12-06 23:44:32.967,24a38ae6-598d-4da6-afef-6304f46abb7c,3015.15,3016,99000000,512000000,
2025-12-06 23:44:32.965,2bc2b4fd-24fa-4656-8069-e1bc3ce453c4,2990.68,2991,99000000,512000000,
2025-12-06 23:44:32.963,4dcdf51b-9083-422c-85db-8fb66c875509,2965.95,2966,98000000,512000000,
2025-12-06 23:44:32.962,21d98b4b-33ef-427f-bb6c-d0c53d990bf2,2965.7,2966,100000000,512000000,
2025-12-06 23:44:32.962,37eebbae-9716-4509-a06d-fe4decdde28b,2916.47,2917,98000000,512000000,
2025-12-06 23:44:32.961,d333b9b9-26e2-4d50-a98c-368506972172,2908.06,2909,99000000,512000000,
2025-12-06 23:44:32.953,0c19c3f6-88f5-42b0-807a-582a70ebc8d1,2970.24,2971,100000000,512000000,
2025-12-06 23:44:32.953,4692a80d-3c82-4c77-a45b-575a8d4a9ede,2961.96,2962,100000000,512000000,
2025-12-06 23:44:32.952,f55d6876-b91e-472b-b01e-d512402d68c9,2947.32,2948,100000000,512000000,
2025-12-06 23:44:32.952,d8795ef8-310f-472d-9d07-c0ca1eca641a,2015.14,2016,103000000,512000000,
2025-12-06 23:44:32.952,c11c2b9f-921c-4325-a5f2-4faec4c26baa,2905.16,2906,100000000,512000000,
2025-12-06 23:44:32.951,331dd6d5-5412-4a4c-bfce-240d93082ba2,2946.82,2947,99000000,512000000,
2025-12-06 23:44:32.951,9653e156-c20d-4326-8e92-8f63df1bc180,3001.45,3002,100000000,512000000,
2025-12-06 23:44:32.950,c88afcd9-c254-4930-836c-6a03cf8972aa,2931.5,2932,99000000,512000000,
2025-12-06 23:44:32.944,ba15160a-94fd-4e92-a4c9-b0cb12f5f0b6,2891.31,2892,100000000,512000000,
2025-12-06 23:44:32.936,f0e01356-c42e-40cb-a3e7-09f831f5786a,2853.79,2854,100000000,512000000,
2025-12-06 23:44:32.931,8b0dee65-a8e4-4e24-bb41-b8287a9a262c,2980.52,2981,100000000,512000000,
2025-12-06 23:44:32.921,7aa373f9-b680-4eab-b8b4-bb9172feda2b,2974.52,2975,100000000,512000000,
2025-12-06 23:44:32.919,8737bcea-7a35-4255-9556-7ceadd3ded0c,2920.51,2921,100000000,512000000,
2025-12-06 23:44:32.917,5dd86d21-deba-4994-98ac-88bc4fd729f5,2975.09,2976,99000000,512000000,
2025-12-06 23:44:32.917,5e452200-b005-4060-89fc-8291aadf5f2e,2969.96,2970,100000000,512000000,
2025-12-06 23:44:32.915,a1c2db8c-a48e-4e43-a446-57f3d385337f,2951.39,2952,99000000,512000000,
2025-12-06 23:44:32.897,39ae270e-3b50-4e7b-bd5e-42c0f7b659f8,2948.16,2949,98000000,512000000,
2025-12-06 23:44:32.892,9fe3fe54-0d4f-4d35-b4ec-fbde2b0ce2f5,2961.45,2962,99000000,512000000,
2025-12-06 23:44:32.884,eadc616d-2ee4-4b72-9d84-8b60d19e0290,2151.06,2152,102000000,512000000,
2025-12-06 23:44:32.880,66dd0b50-c08e-43f3-8eed-80303d98b286,2971.48,2972,99000000,512000000,
2025-12-06 23:44:32.870,9a6b6e98-f6fe-47a3-bfa6-a007d9cfd022,2944.52,2945,98000000,512000000,
2025-12-06 23:44:32.868,b1e81bce-614b-4067-b88b-c0b426dba0e1,2939.88,2940,98000000,512000000,
2025-12-06 23:44:32.864,469aa6c5-f56d-4cb9-ab8b-d0b843e48fd6,2968.38,2969,100000000,512000000,
2025-12-06 23:44:32.863,671714e8-1a02-4a39-bcb8-6b629f300ad3,2913.03,2914,98000000,512000000,
2025-12-06 23:44:32.861,ee0c5ef2-ed3b-40c4-a8be-c32e77c651fe,2990.77,2991,100000000,512000000,
2025-12-06 23:44:32.847,d68f7ffc-11f7-4bc8-877a-722754c3281f,2919.18,2920,100000000,512000000,
2025-12-06 23:44:32.842,a51def25-fa03-43bd-952f-e5174657c7e4,2938.47,2939,98000000,512000000,
2025-12-06 23:44:32.832,a934095b-5520-4c54-bd83-ffddaeedd2a6,2917.15,2918,100000000,512000000,
2025-12-06 23:44:32.829,cf914448-57d2-4cfe-a6c9-946fe2500282,2118.9,2119,105000000,512000000,
2025-12-06 23:44:32.826,d8dbc428-f282-46ec-8390-b736361db992,2923.39,2924,99000000,512000000,
2025-12-06 23:44:32.826,c780ec71-66e9-47f5-a407-cc73d2796d06,2934.15,2935,100000000,512000000,
2025-12-06 23:44:32.818,052f4146-4130-436b-8d8b-5561ff3f4a3e,2117.61,2118,104000000,512000000,
2025-12-06 23:44:32.814,a238ddd5-92a5-4c59-8cfa-8bc557dc2d03,2079.77,2080,104000000,512000000,
2025-12-06 23:44:32.813,2f8c5b2e-7eff-4062-aca2-6cc56a6265f6,2945.83,2946,98000000,512000000,
2025-12-06 23:44:32.811,134e437f-bf90-490a-a85f-28f363ca9ba7,2915.47,2916,100000000,512000000,
2025-12-06 23:44:32.809,095f2e35-fe6d-4d7f-bbfc-551137357b95,2925.92,2926,100000000,512000000,
2025-12-06 23:44:32.800,ba57d2ad-5a93-4d97-b1df-6f3bca81b09e,2932.98,2933,100000000,512000000,
2025-12-06 23:44:32.800,6fb40a69-4e07-4d6a-878b-0905022f5b8a,2854.42,2855,100000000,512000000,
2025-12-06 23:44:32.799,6848170f-5d88-46d1-911d-3ca0665d2c88,2918.09,2919,100000000,512000000,
2025-12-06 23:44:32.795,fe8c5aa1-888f-4a7a-ae54-1df79544d346,2953.53,2954,99000000,512000000,
2025-12-06 23:44:32.794,75d67e7a-e4f5-4d19-be74-4a8506efb358,2926.03,2927,98000000,512000000,
2025-12-06 23:44:32.789,45c2622d-a213-4a49-8ec8-e8444f52a886,2860.97,2861,100000000,512000000,
2025-12-06 23:44:32.787,550282d2-acd0-4adc-a1ab-ef3c881fffba,2859.58,2860,99000000,512000000,
2025-12-06 23:44:32.786,9fd08570-45b2-4b33-a784-ba94b054f1a9,2877.32,2878,100000000,512000000,
2025-12-06 23:44:32.785,6ff494cf-7ee7-422e-af5f-f4d5cd8c5ff1,2837.07,2838,100000000,512000000,
2025-12-06 23:44:32.783,4595a11e-4122-40e1-88bd-c35679961e66,2951.05,2952,99000000,512000000,
2025-12-06 23:44:32.781,8899786b-07d9-43b3-8ca8-c8d03e78fa37,2899.4,2900,100000000,512000000,
2025-12-06 23:44:32.776,0be3964f-18f0-4778-8f16-c036da545c6c,2951.86,2952,99000000,512000000,
2025-12-06 23:44:32.772,9a382c99-4dec-47cd-8a2d-f4e9c85a4996,2075.69,2076,104000000,512000000,
2025-12-06 23:44:32.771,df890b80-a5f7-4bce-b064-26cd67946252,2911.72,2912,100000000,512000000,
2025-12-06 23:44:32.771,2105c16e-cc5b-4097-9cc2-581f463f4190,2931.82,2932,99000000,512000000,
2025-12-06 23:44:32.771,9026e52d-b75c-460b-9c05-843fe96ef073,2936.1,2937,100000000,512000000,
2025-12-06 23:44:32.762,5e625c1a-4323-43bf-a00a-1d5873e85df3,2873.8,2874,100000000,512000000,
2025-12-06 23:44:32.756,aa0fc533-766c-4f55-bc7a-9c09ff426043,2161.46,2162,102000000,512000000,
2025-12-06 23:44:32.750,5006efd5-e4ae-4f6c-ac45-bf50736e70fe,2713.7,2714,100000000,512000000,
2025-12-06 23:44:32.748,bf3a1f93-eccd-4ff5-a241-0d8302f03c63,2895.51,2896,100000000,512000000,
2025-12-06 23:44:32.747,ea242770-4048-4247-8627-724e53f6181c,2949.01,2950,100000000,512000000,
2025-12-06 23:44:32.740,44b94caf-31ea-4fe5-bfad-3206ee2a9c1c,2872.23,2873,100000000,512000000,
2025-12-06 23:44:32.739,3df7e9e8-f2cf-4278-b473-eb2b3e9bc117,2902.74,2903,99000000,512000000,
2025-12-06 23:44:32.736,e0d7ca1e-45fd-4083-849e-03a86d40dea9,2023.05,2024,105000000,512000000,
2025-12-06 23:44:32.735,64c78f9d-e09d-4d11-a8aa-f7118cc40522,2895.32,2896,100000000,512000000,
2025-12-06 23:44:32.733,7cc12c19-952f-4140-995c-3c1bcf78bdc0,2853.25,2854,99000000,512000000,
2025-12-06 23:44:32.728,ee23740c-ebc9-45bd-9376-a7353a832967,2936.8,2937,100000000,512000000,
2025-12-06 23:44:32.720,3fc918b3-46ae-4e30-bf5d-25cf8417e31b,2071.06,2072,104000000,512000000,
2025-12-06 23:44:32.717,31943703-9c16-4849-a2a6-70c8288aeb48,2834.52,2835,100000000,512000000,
2025-12-06 23:44:32.713,6c2e580f-0f50-4bb1-a849-178400a3158e,2827.43,2828,99000000,512000000,
2025-12-06 23:44:32.707,75605894-cd6c-44e6-b7e7-83f225c1764c,2748.52,2749,100000000,512000000,
2025-12-06 23:44:32.705,31486908-f5dd-4ab3-b821-99f533c955d2,2851.36,2852,99000000,512000000,
2025-12-06 23:44:32.697,7b0e0509-60e5-4524-93f3-41c6dc741e06,2912.04,2913,100000000,512000000,
2025-12-06 23:44:32.697,f1b81ee8-5613-4919-b38e-fa3944405a54,2899.29,2900,98000000,512000000,
2025-12-06 23:44:32.692,1a33c47e-8dd2-432a-a86b-868f6d068f68,2028.13,2029,104000000,512000000,
2025-12-06 23:44:32.683,22c40ee1-8f96-4eb9-aa79-7dbc84cf061d,2931.47,2932,99000000,512000000,
2025-12-06 23:44:32.681,29dd347f-b123-4b64-a66d-66ccd068980a,2867.18,2868,100000000,512000000,
2025-12-06 23:44:32.668,6888eb66-7105-44d7-9c88-fef7fc57ac0b,1986.41,1987,104000000,512000000,
2025-12-06 23:44:32.667,3cb7d45d-aeae-48d0-b4f2-763cdc0e6ae1,2066.56,2067,104000000,512000000,
2025-12-06 23:44:32.665,a2ab38f9-b0a9-40af-a295-13100f813419,2068.9,2069,104000000,512000000,
2025-12-06 23:44:32.663,a41e10fe-075d-429e-b135-43845b3a1fec,2039.94,2040,104000000,512000000,
2025-12-06 23:44:32.645,b684d056-aa54-47c5-a58b-f3313fa7066e,2912.89,2913,100000000,512000000,
2025-12-06 23:44:32.643,aa2c76d4-96bb-455a-9677-aea8902c3e1a,2071.98,2072,103000000,512000000,
2025-12-06 23:44:32.625,c2b357b4-b039-4b78-a31f-43ae51b5a6b9,2854.03,2855,99000000,512000000,
2025-12-06 23:44:32.624,8dfea077-01a2-45a4-ad05-c890345d2a5a,2868.21,2869,100000000,512000000,
2025-12-06 23:44:32.618,617b1b11-55fd-498e-9ad3-ca8deb3834b9,2032.34,2033,102000000,512000000,
2025-12-06 23:44:32.609,6e5e92a3-331e-44b3-8f83-27267a5b3c57,2829.57,2830,99000000,512000000,
2025-12-06 23:44:32.606,a413f4dc-07cc-47d7-ae08-fd5c4472d65b,2005.4,2006,104000000,512000000,
2025-12-06 23:44:32.606,52a1bc97-ca59-46d0-b0f3-fbce17f0a1c7,1956.4,1957,102000000,512000000,
2025-12-06 23:44:32.603,f56f3e4e-9594-405b-b6d1-21a7ceedfada,2033.5,2034,103000000,512000000,
2025-12-06 23:44:32.596,4be95be9-9f94-459f-8a79-b8f339ba40bf,2789.67,2790,99000000,512000000,
2025-12-06 23:44:32.595,7397ac04-88d0-40cc-8840-374c9f453143,2859.41,2860,99000000,512000000,
2025-12-06 23:44:32.590,efb4eabc-d213-4359-9e16-6007306a353b,2849.84,2850,99000000,512000000,
2025-12-06 23:44:32.580,9ee76f9d-37c8-49b9-8224-40aa2822a0be,2042.33,2043,104000000,512000000,
2025-12-06 23:44:32.568,73341e62-9a38-483d-aa4d-4dd46671b8d7,2054.02,2055,104000000,512000000,
2025-12-06 23:44:32.565,e4282dd5-ff8a-46e3-abcb-1061207f35ac,1996.36,1997,104000000,512000000,
2025-12-06 23:44:32.550,29b766ff-35d3-4502-8c32-369ceaea7dae,1992.05,1993,104000000,512000000,
2025-12-06 23:44:32.548,ac2030a6-8510-4dd7-8cf7-efa6efec2901,2034.37,2035,104000000,512000000,
2025-12-06 23:44:32.543,aeae3e8f-b1cc-4c57-b192-9bf18540192d,2000.67,2001,104000000,512000000,
2025-12-06 23:44:32.522,34c6b68e-9448-4fc8-8dde-e00cc691664e,2021.75,2022,103000000,512000000,
2025-12-06 23:44:32.510,a26e130d-4811-4e74-8f39-188cb917cb56,2763.56,2764,99000000,512000000,
2025-12-06 23:44:32.507,769de9d0-4bc8-4284-9e15-ffa07618e7dc,2852.1,2853,98000000,512000000,
2025-12-06 23:44:32.504,67ebff36-86fc-4b3b-a2a0-8ca5ac96e17c,1896.74,1897,104000000,512000000,
2025-12-06 23:44:32.497,820f999d-e43c-469e-a25a-2037c05f7960,2818,2818,99000000,512000000,
2025-12-06 23:44:32.489,e5415f3b-2cf7-428f-b0f8-b5aef257c17f,2001.62,2002,105000000,512000000,
2025-12-06 23:44:32.479,eb4c5828-a6d4-40d8-b642-655e9762b572,2741.79,2742,99000000,512000000,
2025-12-06 23:44:32.471,de16955e-f72e-4f5f-b8e5-4863314ddddf,2775.33,2776,99000000,512000000,
2025-12-06 23:44:32.466,94b66526-6b1e-40e1-8a22-9f752caeb024,1950.99,1951,105000000,512000000,
2025-12-06 23:44:32.455,34e83d77-3c65-4b5d-b2fb-9540578518dd,1945.01,1946,103000000,512000000,
2025-12-06 23:44:32.451,6d2f932d-606a-432b-a8f5-98703095885d,2708.12,2709,99000000,512000000,
2025-12-06 23:44:32.448,9641e64d-cf8b-470d-9974-6156e7b77474,2003.81,2004,104000000,512000000,
2025-12-06 23:44:32.446,30b33e7e-2064-4789-9753-c28771add304,2740.31,2741,99000000,512000000,
2025-12-06 23:44:32.441,17930e6d-56e9-41fb-9c28-e8a08ab8844d,1973.56,1974,104000000,512000000,
2025-12-06 23:44:32.422,43621a4f-d614-43aa-8ba6-50d6cae84a09,1978.4,1979,104000000,512000000,
2025-12-06 23:44:32.393,e557a684-2dad-445d-9d74-f0c272d15ada,1967.33,1968,104000000,512000000,
2025-12-06 23:44:32.393,90ed9faa-3e5a-44f9-a79d-f8d386db0fad,1882.12,1883,103000000,512000000,
2025-12-06 23:44:32.389,454e490d-aa19-4300-a971-9e49248a4180,1918.05,1919,104000000,512000000,
2025-12-06 23:44:32.387,470b2036-3455-4f59-a3a0-88cfba1f635c,2012.11,2013,104000000,512000000,
2025-12-06 23:44:32.380,b5026295-99c7-42db-824a-7673de3ed968,1940.72,1941,104000000,512000000,
2025-12-06 23:44:32.354,d8620e39-75bb-41ef-a6f8-55bd00ca9fb7,1918.68,1919,103000000,512000000,
2025-12-06 23:44:32.341,0fa8bf8d-af9e-4cec-b77e-feb63e7441f8,1937.53,1938,104000000,512000000,
2025-12-06 23:44:32.340,c5e1aa00-f051-4798-838e-15eab0abc02c,2630.66,2631,100000000,512000000,
2025-12-06 23:44:32.331,941702fe-7a32-4ba3-8966-c23fef628c3f,1911.89,1912,105000000,512000000,
2025-12-06 23:44:32.329,2abc51c1-6d04-4dd4-9430-ba46ac1e057b,1980.29,1981,104000000,512000000,
2025-12-06 23:44:32.325,925e02fe-cc6b-405e-af5b-3771d55f0449,1958.63,1959,105000000,512000000,
2025-12-06 23:44:32.319,604edfc4-737d-4377-b3a9-56b2333367b8,1917.16,1918,104000000,512000000,
2025-12-06 23:44:32.318,a7f57914-3072-4b26-a21e-bc5ce714b9b7,1911.81,1912,104000000,512000000,
2025-12-06 23:44:32.309,4ec3d890-b9aa-4afc-9776-cfe11253dd4b,2796.37,2797,99000000,512000000,
2025-12-06 23:44:32.296,088dd773-8b37-43ef-8975-2918eeb499c5,1903.36,1904,104000000,512000000,
2025-12-06 23:44:32.294,d9da8862-3455-4eb5-9069-4ab9a8ae2379,1899.17,1900,104000000,512000000,
2025-12-06 23:44:32.284,c144c6f8-714c-4340-b2ba-0c6557d17488,1912.44,1913,104000000,512000000,
2025-12-06 23:44:32.281,1a7adb8a-65ba-4b2b-ac72-f261a68484fa,1896.09,1897,105000000,512000000,
2025-12-06 23:44:32.278,295c5180-2373-4a6f-b411-d98997cc825d,1906.91,1907,103000000,512000000,
2025-12-06 23:44:32.275,f03a6cd9-2031-4a5b-bbe9-02b85c10b25c,1929.87,1930,105000000,512000000,
2025-12-06 23:44:32.270,20ff1d24-a47f-4f35-9720-42d1e022a7f7,2759.63,2760,99000000,512000000,
2025-12-06 23:44:32.256,9554edc7-4009-401b-a51b-cbb097eb6f04,1914.88,1915,104000000,512000000,
2025-12-06 23:44:32.249,dd717304-92e3-4668-9343-067fddd6a245,2694.56,2695,98000000,512000000,
2025-12-06 23:44:32.248,b4bacffe-9053-43b5-98a0-6b2e9722b57d,2664.05,2665,100000000,512000000,
2025-12-06 23:44:32.241,bac436eb-7a6f-4b59-b5da-d038190e8f4e,1919.58,1920,104000000,512000000,
2025-12-06 23:44:32.226,9eafabfc-3562-44df-aa8b-aeba3f09a029,1871.68,1872,103000000,512000000,
2025-12-06 23:44:32.215,e7b33e62-83d9-41e3-b82e-6f0047ee60dd,1902.25,1903,104000000,512000000,
2025-12-06 23:44:32.208,e4803ab1-316b-4b5f-8fc4-f34ab4d1deaf,2698.35,2699,99000000,512000000,
2025-12-06 23:44:32.178,1485fa38-6241-47be-acfa-2d8bdc5f4797,2739.54,2740,98000000,512000000,
2025-12-06 23:44:32.164,8723670b-527a-4c01-96cf-273de12d1e69,2678.1,2679,98000000,512000000,
2025-12-06 23:44:32.153,22fb9f67-8086-4af5-a2bf-0386a76938fb,2586.33,2587,99000000,512000000,
2025-12-06 23:44:32.147,6d5f8c6f-e0a3-4bb8-bbc4-de26c620ddfc,2037.82,2038,104000000,512000000,
2025-12-06 23:44:32.071,bb84feb3-063d-4d91-a4f4-5b22175f39d6,1937.88,1938,103000000,512000000,
2025-12-06 23:44:32.061,fdbff7f0-059b-4b92-82da-e04f393ff1aa,2696.37,2697,98000000,512000000,
2025-12-06 23:44:32.053,690a9605-61b9-496b-910f-5a01ff59d8eb,1951.33,1952,105000000,512000000,
2025-12-06 23:44:32.034,0d113426-94b5-4efb-8b9b-148ccfe56739,1923.12,1924,104000000,512000000,
2025-12-06 23:44:32.013,cc998297-31fb-4642-bc30-483ee02917eb,1957.82,1958,105000000,512000000,
2025-12-06 23:44:32.007,067b941a-fff0-4b6b-a511-9e64cb177217,2477.43,2478,99000000,512000000,
2025-12-06 23:44:31.991,f83049b3-2e5d-4ebf-aa5a-d2c7fee14d86,2742.72,2743,98000000,512000000,
2025-12-06 23:44:31.981,d1498ec2-32fc-4097-be35-89a12c7b950d,2612.23,2613,100000000,512000000,
2025-12-06 23:44:31.976,9cc90094-ac36-44bb-b55d-939714ce5b66,1941.43,1942,104000000,512000000,
2025-12-06 23:44:31.959,f511711b-5410-4931-ad3b-4913ffbe728f,2663.56,2664,100000000,512000000,
2025-12-06 23:44:31.952,51383cdd-5353-4ae4-a0bf-beaa5b09420e,2590.4,2591,100000000,512000000,
2025-12-06 23:44:31.939,3d2d4f6b-d98e-4846-ba03-52cdab7d3851,2023.66,2024,102000000,512000000,
2025-12-06 23:44:31.929,798b580b-ab77-4463-84a2-ace5477efb02,1933.62,1934,105000000,512000000,
2025-12-06 23:44:31.926,cbcd7629-347e-4438-a3ab-b98b34e93146,1950.98,1951,104000000,512000000,
2025-12-06 23:44:31.913,9412ea18-1c5c-4f7d-8872-ec1663498cb8,2548.06,2549,100000000,512000000,
2025-12-06 23:44:31.910,a9fa5944-d9b4-4cce-8b5d-079c3ca20f16,2628.97,2629,100000000,512000000,
2025-12-06 23:44:31.908,f4eb6f87-0bf4-4aa1-b48b-aaea51dd2cc4,1956.28,1957,104000000,512000000,
2025-12-06 23:44:31.903,691e1c45-d736-46d0-8336-0c70b08cbc5a,1936.86,1937,104000000,512000000,
2025-12-06 23:44:31.878,b163581d-8896-4dc1-8a2b-54d4f041150e,2636.05,2637,98000000,512000000,
2025-12-06 23:44:31.875,18bcdd28-7860-4106-b2ee-ac00f5b1f022,2039.23,2040,102000000,512000000,
2025-12-06 23:44:31.864,af93097f-16bd-47fe-8308-8975c08677c7,2628.46,2629,99000000,512000000,
2025-12-06 23:44:31.859,555e7030-6230-4451-bbea-e43321ba1e81,1771.86,1772,104000000,512000000,
2025-12-06 23:44:31.853,ac0e4789-a010-4eab-9a90-752fff303be2,1895.15,1896,104000000,512000000,
2025-12-06 23:44:31.841,7d5b9219-388c-453c-8133-5648a333d772,1935.7,1936,104000000,512000000,
2025-12-06 23:44:31.830,a979e8e2-0627-44a8-b7d1-39822471a8b6,1903.54,1904,104000000,512000000,
2025-12-06 23:44:31.829,ea05f064-bfb9-4b99-9c88-3ad9e2052a45,1893.82,1894,104000000,512000000,
2025-12-06 23:44:31.828,4766d9a3-cf27-4625-b344-519cbb6e9bc8,2632.71,2633,99000000,512000000,
2025-12-06 23:44:31.819,e27b8292-c432-4883-a656-4ebbec97faa9,1860.83,1861,103000000,512000000,
2025-12-06 23:44:31.808,0df9e7e6-7694-4cb4-a82c-96e7caea12b6,2534.12,2535,100000000,512000000,
2025-12-06 23:44:31.806,d183db3f-7997-4a6c-b07d-539e0e2aca89,1900.76,1901,104000000,512000000,
2025-12-06 23:44:31.804,9f809b56-5165-46b3-b84f-759da9fe39ca,2614.88,2615,100000000,512000000,
2025-12-06 23:44:31.803,f50e3b8d-c1c5-4a14-93de-9222533c4980,1895.91,1896,104000000,512000000,
2025-12-06 23:44:31.797,4fdc469e-a0d9-4b0d-b086-be87c00e624d,2664.4,2665,100000000,512000000,
2025-12-06 23:44:31.776,1ed8c6d3-a235-40a7-98ab-e45809e93d7b,1901.35,1902,104000000,512000000,
2025-12-06 23:44:31.773,da110ef7-4099-463a-808a-26086ddaaa16,1902.08,1903,104000000,512000000,
2025-12-06 23:44:31.761,3bed6252-8f3e-42bf-bc04-5ace6435337b,1912.22,1913,104000000,512000000,
2025-12-06 23:44:31.753,2fe6919e-8813-4470-8fc2-6c19d04ed7f8,1877.75,1878,104000000,512000000,
2025-12-06 23:44:31.752,419abac5-15fd-429f-b5fa-cbcea9d395d7,2582.32,2583,100000000,512000000,
2025-12-06 23:44:31.751,cb91cebb-d288-46fc-9938-98d590f211e2,2575.5,2576,99000000,512000000,
2025-12-06 23:44:31.741,9d000bbf-3808-441f-b706-2f2c714ef9b9,2585.97,2586,100000000,512000000,
2025-12-06 23:44:31.733,a7e688c9-0955-46d7-82df-d17d3038698b,2529.33,2530,100000000,512000000,
2025-12-06 23:44:31.696,a9367d33-1c82-43b4-ac7a-204c0194e10b,2450.76,2451,100000000,512000000,
2025-12-06 23:44:31.636,d5e096ae-809a-44f1-8884-50a7f30e765f,1839.67,1840,104000000,512000000,
2025-12-06 23:44:31.636,1f8fc420-cf73-4424-9eee-e2377dbf0706,2593.74,2594,98000000,512000000,
2025-12-06 23:44:31.622,ef007cb1-7403-4623-a272-db2b87221173,2554.97,2555,99000000,512000000,
2025-12-06 23:44:31.616,656391a6-b605-4001-8ed7-df4900aad684,2569.59,2570,100000000,512000000,
2025-12-06 23:44:31.615,002de349-862e-4b00-b8eb-52c104be5711,2518.62,2519,99000000,512000000,
2025-12-06 23:44:31.599,00272dc8-b635-4291-b556-c957fae9aad9,2534.86,2535,100000000,512000000,
2025-12-06 23:44:31.592,88e4dfc1-0f6d-41b5-8b96-b290096b6358,2518.28,2519,100000000,512000000,
2025-12-06 23:44:31.584,67e036b3-40e4-4fdf-98fc-70ed63f76faf,2511.9,2512,100000000,512000000,
2025-12-06 23:44:31.570,f1c46bb8-75bb-47c4-81dd-545a633eccc6,2604.49,2605,98000000,512000000,
2025-12-06 23:44:31.554,5e0aea54-916d-4317-a565-4c57209d29a6,2453.56,2454,100000000,512000000,
2025-12-06 23:44:31.547,6be05a52-1a97-43dd-949e-a89bf8e9a5da,2519.45,2520,100000000,512000000,
2025-12-06 23:44:31.542,d86fdf5f-6eb2-4e6d-bde3-5ba661252734,2544.03,2545,99000000,512000000,
2025-12-06 23:44:31.542,9ec1f738-6da1-49af-b27c-adf8351a5cdb,2538.14,2539,100000000,512000000,
2025-12-06 23:44:31.526,4d2b9518-d923-4dd0-bee3-9f947fb0ac6b,2531.27,2532,99000000,512000000,
2025-12-06 23:44:31.518,d43d85c0-5c46-401f-95bb-25c0fdef8095,2491.66,2492,100000000,512000000,
2025-12-06 23:44:31.510,2ece29bf-cf46-40f5-bd1c-3c0ef1854d5b,2504.46,2505,99000000,512000000,
2025-12-06 23:44:31.482,89fc1b9c-a867-467c-a910-54c79df5aa6a,1807.91,1808,104000000,512000000,
2025-12-06 23:44:31.479,79b9b523-a4a0-4998-bc4b-62fbd51b405e,1797.84,1798,104000000,512000000,
2025-12-06 23:44:31.450,920da874-8246-42b7-b8a6-77e37ff0fbe1,2481.09,2482,100000000,512000000,
2025-12-06 23:44:31.441,9efbd56f-fc77-4722-8ddf-64160ca82d8f,2443.97,2444,99000000,512000000,
2025-12-06 23:44:31.435,3aa8a0b7-5db5-4be9-979b-37ecfefb5a87,2516.95,2517,99000000,512000000,
2025-12-06 23:44:31.434,3b61651a-ab8c-4380-91ff-541e0f42bd0c,2465.83,2466,99000000,512000000,
2025-12-06 23:44:31.379,25da4992-2308-4e8f-8b47-46e4e806628d,2455.41,2456,99000000,512000000,
2025-12-06 23:44:31.376,4f436e66-d328-402a-9b68-c1ac9cb5aae6,2461.84,2462,99000000,512000000,
2025-12-06 23:44:31.358,7404ac46-7fb2-4678-b18d-91f5bc5fd7d1,2428.25,2429,99000000,512000000,
2025-12-06 23:44:31.346,e057a05f-64d7-4dc1-9789-fee4db30ddfe,2453.2,2454,100000000,512000000,
2025-12-06 23:44:31.280,29934bc5-0822-400d-97da-cc93b5922cdd,2370.09,2371,99000000,512000000,
2025-12-06 23:44:31.270,1c617ac4-c1f9-4b20-8eab-daf849666c15,2351.62,2352,99000000,512000000,
2025-12-06 23:44:31.023,5afb96af-3269-4a06-8c6d-d7396a43cb46,1727,1728,104000000,512000000,
2025-12-06 23:44:30.932,9ced9ff4-3b2c-47ad-97e3-cde516d0c3a8,1999.23,2000,99000000,512000000,
2025-12-06 23:44:30.928,0d52da23-30e0-4935-9698-962157ba189e,1999.7,2000,99000000,512000000,
2025-12-06 23:44:30.928,1ba8e98d-6695-49d2-bf7f-f1da753b436b,2156.48,2157,100000000,512000000,
2025-12-06 23:44:30.826,5fc22894-3081-401b-9c5a-416600378450,2116.35,2117,99000000,512000000,
2025-12-06 23:44:30.820,097431a1-f78b-4130-bf7f-4c20ac47b750,3289.83,3290,96000000,512000000,
2025-12-06 23:44:30.801,fc290481-2620-495f-8818-32b49b240641,2060.24,2061,99000000,512000000,
2025-12-06 23:44:30.750,37e628e3-7048-4ad3-b929-949eb0eee19c,3215.35,3216,97000000,512000000,
2025-12-06 23:44:30.713,1a15f181-7962-4f6e-b1f9-9dbd5cf7577c,3165.47,3166,96000000,512000000,
2025-12-06 23:44:30.709,3ab82081-d60c-4646-b4f5-82c9cb98c3a0,3167.27,3168,97000000,512000000,
2025-12-06 23:44:30.708,4bd1aa63-f510-4405-ab32-f1efab4dc645,1998.06,1999,100000000,512000000,
2025-12-06 23:44:30.705,1fc01cce-f73e-45fe-8236-4273d7fd8655,2098.91,2099,98000000,512000000,
2025-12-06 23:44:30.695,2e1313b6-14ac-4162-9043-672f8f8da5bc,2089.39,2090,100000000,512000000,
2025-12-06 23:44:30.694,636c97ac-7c88-4924-ad26-8c91c9dbc707,3147.77,3148,97000000,512000000,
2025-12-06 23:44:30.688,bc898e30-f541-4cd7-8749-2d9516c5565b,2016.86,2017,100000000,512000000,
2025-12-06 23:44:30.687,dc02b6dd-11a8-4790-8872-41dd2f50bf82,3132.78,3133,96000000,512000000,
2025-12-06 23:44:30.686,920f31ab-902d-4171-9b6f-a8bc3774c568,2068.69,2069,101000000,512000000,
2025-12-06 23:44:30.679,91683f58-bcd5-401a-b6ae-e5358785cd3b,3153.68,3154,97000000,512000000,
2025-12-06 23:44:30.660,071544fd-8d66-43c7-a9ac-bb6280357b66,3127.08,3128,96000000,512000000,
2025-12-06 23:44:30.659,47deac9f-c42b-40ba-86c7-e79e7003f7f4,3133.09,3134,96000000,512000000,
2025-12-06 23:44:30.658,2719d9d4-a9ef-4090-ac6a-6921a601e49b,3110.71,3111,97000000,512000000,
2025-12-06 23:44:30.654,f10aa467-327e-4233-aa6e-4246e3ff78d2,3118.06,3119,97000000,512000000,
2025-12-06 23:44:30.653,00ee55b6-015b-4d5f-9703-957272e15ad1,1999.16,2000,99000000,512000000,
2025-12-06 23:44:30.651,7756d5b9-7fb3-41c0-a685-d8824d3a0027,3107.91,3108,97000000,512000000,
2025-12-06 23:44:30.648,d8fb6257-218a-4edd-988a-a6dfc1a3471f,3103.37,3104,96000000,512000000,
2025-12-06 23:44:30.645,c5db6297-e8ef-4e2c-a202-f472c14b4240,3100.07,3101,96000000,512000000,
2025-12-06 23:44:30.641,910f29be-62c2-4c70-b8ea-c20aadfbc8d2,2030.5,2031,99000000,512000000,
2025-12-06 23:44:30.636,a60d1228-6df2-44fa-8ed3-023803d26a36,1982.42,1983,100000000,512000000,
2025-12-06 23:44:30.629,9bb3d1f9-1ac9-4527-8cd3-e92fb16cdab4,3083.59,3084,97000000,512000000,
2025-12-06 23:44:30.626,62f8738d-5afa-4563-bfb0-aa510563db10,2036.92,2037,100000000,512000000,
2025-12-06 23:44:30.624,9e00aca9-7bc5-4813-b8a9-137c163691b8,1932.26,1933,99000000,512000000,
2025-12-06 23:44:30.612,d37c24df-9ae4-46bb-88d5-56a60e7fa42d,1953.06,1954,99000000,512000000,
2025-12-06 23:44:30.605,af13de7b-bcf8-4ccb-bf6c-5bf5fad79a00,3173.52,3174,97000000,512000000,
2025-12-06 23:44:30.588,eafda18e-ed08-4ced-8e8f-50a704676bc5,2000.92,2001,100000000,512000000,
2025-12-06 23:44:30.587,77bfc383-9839-40b9-95de-276ac3377755,3042.26,3043,97000000,512000000,
2025-12-06 23:44:30.586,4e10e309-ca44-48f4-9d1a-acef7087b404,1989.88,1990,100000000,512000000,
2025-12-06 23:44:30.582,47b05b8d-0006-4cb6-b67a-4a3c98769271,3047.2,3048,97000000,512000000,
2025-12-06 23:44:30.574,15f645bc-2caf-4d34-afb8-1f7d8b5506e2,2006.58,2007,99000000,512000000,
2025-12-06 23:44:30.561,899af234-f1ff-4e98-bb12-78d0ea4ce6fd,1940.51,1941,99000000,512000000,
2025-12-06 23:44:30.559,ba6fc156-c748-4297-8295-b583bc80a7d1,2048.52,2049,99000000,512000000,
2025-12-06 23:44:30.548,93a99e78-decf-4468-ac68-a3de9e2c34ae,3290.54,3291,97000000,512000000,
2025-12-06 23:44:30.548,eb81fee1-5df4-4359-9ecd-4ddef2a48a1f,1954.26,1955,98000000,512000000,
2025-12-06 23:44:30.547,30f21975-2e2c-4522-8958-9d860797c6b1,1955.83,1956,100000000,512000000,
2025-12-06 23:44:30.544,4d8b5625-6028-4c12-ba34-e0555ba65c5a,2036.92,2037,98000000,512000000,
2025-12-06 23:44:30.537,804d3c75-d5ea-4859-88b5-3dd483bd1e52,2991.84,2992,96000000,512000000,
2025-12-06 23:44:30.533,16bb8c26-1ef3-4d04-85b1-6c7f9633a0f0,1929.31,1930,100000000,512000000,
2025-12-06 23:44:30.532,a6cc347c-4fc1-4a59-aa05-b49b55984c82,3196.73,3197,96000000,512000000,
2025-12-06 23:44:30.531,aadb2295-8028-4ef0-95b1-a2f1715660e7,1947.48,1948,100000000,512000000,
2025-12-06 23:44:30.525,c2d6e4fa-a814-4597-8088-6530b227ded7,3291.74,3292,97000000,512000000,
2025-12-06 23:44:30.524,3a108f35-e604-468f-af05-9cc2252c17d4,3064.95,3065,97000000,512000000,
2025-12-06 23:44:30.522,e793b9e1-8224-47d3-ae24-cab5ac92bc22,3232.74,3233,96000000,512000000,
2025-12-06 23:44:30.520,527cdf67-634e-4a60-a1f0-2811ca246a2b,2972.02,2973,96000000,512000000,
2025-12-06 23:44:30.511,60697716-59ac-4169-9650-d261f708a46a,1913.12,1914,100000000,512000000,
2025-12-06 23:44:30.511,667a664a-66c5-486f-8bd6-6617aaf9996b,3288.54,3289,96000000,512000000,
2025-12-06 23:44:30.508,23c0245e-3697-4b77-b06f-37d2a3439d0b,1953.46,1954,100000000,512000000,
2025-12-06 23:44:30.495,1182a079-4590-473f-848f-88e2b4b873df,1873.98,1874,99000000,512000000,
2025-12-06 23:44:30.487,414b2fac-f8ac-430c-b97a-8ac81e503a4e,2947.95,2948,96000000,512000000,
2025-12-06 23:44:30.485,384274b9-6089-4f73-8bda-c4837750cfdd,1910.25,1911,99000000,512000000,
2025-12-06 23:44:30.482,0a834256-9bc8-4b1e-88ca-767e08be8652,1881.69,1882,99000000,512000000,
2025-12-06 23:44:30.482,89ec3cce-df95-4758-955d-faf6c427a562,1932.96,1933,99000000,512000000,
2025-12-06 23:44:30.479,1493f913-b36c-4dbe-9958-11f9f778e5e8,1892.44,1893,99000000,512000000,
2025-12-06 23:44:30.472,9caa5198-4c3e-4d42-be9e-f40023965ca4,3252.36,3253,96000000,512000000,
2025-12-06 23:44:30.469,7007f20e-d379-44b6-bb92-4bbc2cd912f4,1896.45,1897,100000000,512000000,
2025-12-06 23:44:30.446,54afe818-47d6-4d13-9382-2ad757b0b243,1898.42,1899,100000000,512000000,
2025-12-06 23:44:30.446,d19a7fe5-3e10-4b57-befe-65159a7d5f5c,2989.54,2990,97000000,512000000,
2025-12-06 23:44:30.442,ff3c9423-3b96-4ece-9673-a302703b8541,3197.14,3198,97000000,512000000,
2025-12-06 23:44:30.436,cd9b0055-eb9c-4044-87a3-fd1b0cd18b84,1892.31,1893,99000000,512000000,
2025-12-06 23:44:30.434,8392e8ea-7a14-4057-83fd-fa9b1b0bce96,1930.74,1931,100000000,512000000,
2025-12-06 23:44:30.431,33f027c9-d706-4f8c-8c7d-6bb3bd2610ea,1883.42,1884,100000000,512000000,
2025-12-06 23:44:30.430,6a8ee1f3-dc85-4cdf-87c7-2dab8753cd51,1907.83,1908,98000000,512000000,
2025-12-06 23:44:30.424,cd719eb3-4ca9-43ab-af6e-e639dd328b92,1931.05,1932,100000000,512000000,
2025-12-06 23:44:30.422,3310a37e-f7be-493b-968e-b0e0ba5d63f8,3180.57,3181,97000000,512000000,
2025-12-06 23:44:30.419,54167a0b-ae5a-40bd-8651-ff91c7956aca,1881.3,1882,100000000,512000000,
2025-12-06 23:44:30.413,370ed0ba-ef0c-40de-8238-2a31103bcd6c,3185.23,3186,97000000,512000000,
2025-12-06 23:44:30.413,992cf448-19af-42f9-af4b-152197826ce7,1914.66,1915,100000000,512000000,
2025-12-06 23:44:30.408,76ff1d38-2c73-41f7-9d67-f1a80c6faad5,1908.05,1909,100000000,512000000,
2025-12-06 23:44:30.400,04156d8f-54c7-4d66-9d6f-a28c98d67a19,3214.38,3215,96000000,512000000,
2025-12-06 23:44:30.399,8deede72-abee-4856-acd4-8b85b4c2cd1b,1893.01,1894,100000000,512000000,
2025-12-06 23:44:30.395,0870f01a-4fc4-4b50-90b4-ea3335aa0cf2,1887.65,1888,98000000,512000000,
2025-12-06 23:44:30.390,ef01fc90-c6a9-4e89-a078-5247467b2a91,3214.88,3215,96000000,512000000,
2025-12-06 23:44:30.390,2d6b591d-b8e1-447d-82a1-2bcfdb1a0d3e,3161.53,3162,97000000,512000000,
2025-12-06 23:44:30.389,98de51ee-36f6-4bf2-b859-6c974eb99177,1880.12,1881,99000000,512000000,
2025-12-06 23:44:30.387,de3f4c36-7325-4e6a-8228-3c8d5ccecab4,1863.97,1864,100000000,512000000,
2025-12-06 23:44:30.387,cf3de468-2dd2-4419-9d4e-354528798f97,3268.69,3269,97000000,512000000,
2025-12-06 23:44:30.385,fa8b2f8d-81e0-4063-a5a9-328b2d7dcb6b,3155.66,3156,96000000,512000000,
2025-12-06 23:44:30.384,1779f10a-ec6f-4460-93a1-381c7becafc0,1870.01,1871,100000000,512000000,
2025-12-06 23:44:30.383,6c73013e-3dc4-4357-9edf-13e5447498d1,3230.92,3231,96000000,512000000,
2025-12-06 23:44:30.383,7d50633e-8ae5-4549-901a-9e68f174db50,3212.94,3213,97000000,512000000,
2025-12-06 23:44:30.376,b16d7f49-2b32-40b8-90d1-1b07772b4864,3277.84,3278,97000000,512000000,
2025-12-06 23:44:30.368,fd1de65b-36eb-4dbb-baaf-8f52e46c69c1,1905.5,1906,99000000,512000000,
2025-12-06 23:44:30.367,97b087e2-efac-4ef2-84c8-82e77c6329d7,3348.65,3349,97000000,512000000,
2025-12-06 23:44:30.366,9e5129af-b606-4f3c-9c38-a7670a84620c,3161.01,3162,97000000,512000000,
2025-12-06 23:44:30.363,7f5f5a26-0a18-4574-befc-c9586f12c700,1871.92,1872,99000000,512000000,
2025-12-06 23:44:30.359,83e9688b-0c3e-40ad-8f00-444ceaff2f2d,3237.08,3238,96000000,512000000,
2025-12-06 23:44:30.357,576ee8ee-46c8-4e1e-9bc3-83dff13125d0,1845.37,1846,100000000,512000000,
2025-12-06 23:44:30.355,5183dd8b-9af8-4454-a7d2-6949c3d21094,3195.13,3196,97000000,512000000,
2025-12-06 23:44:30.355,aa23fea1-2931-45d3-8a75-dd4bd2e8c488,1853.49,1854,101000000,512000000,
2025-12-06 23:44:30.346,ef57c374-68fa-4c09-8dad-17ef6ea47a09,1831.16,1832,99000000,512000000,
2025-12-06 23:44:30.342,afa71ece-4d44-495c-b5ab-e40ac388abca,3235.09,3236,97000000,512000000,
2025-12-06 23:44:30.341,8e9f7efa-b756-4037-be6c-5d848ab664f9,1893.7,1894,100000000,512000000,
2025-12-06 23:44:30.340,60396e4f-1968-4571-bf01-0f41d396785f,3202.67,3203,96000000,512000000,
2025-12-06 23:44:30.339,410d500e-0200-4add-8f60-315f18e2734b,1834.66,1835,99000000,512000000,
2025-12-06 23:44:30.339,c75ac881-08d5-4e60-8071-0729c758b653,3128.3,3129,97000000,512000000,
2025-12-06 23:44:30.338,8360d6a7-1791-4f3e-befc-ce901d485607,3234.6,3235,96000000,512000000,
2025-12-06 23:44:30.333,98252672-fe06-4c12-a734-a20f6ad6e927,3212.24,3213,96000000,512000000,
2025-12-06 23:44:30.329,f83a036a-c0fc-45b4-b019-1cb1728421db,1825.39,1826,99000000,512000000,
2025-12-06 23:44:30.321,6d1725e8-e321-4661-ab45-94de4d8f4294,3083.97,3084,97000000,512000000,
2025-12-06 23:44:30.318,9266c13c-9abb-43ef-92ea-24f3961d86ed,3242.74,3243,97000000,512000000,
2025-12-06 23:44:30.316,ccf670a9-c691-4337-b394-78f6fdb15253,1856.14,1857,99000000,512000000,
2025-12-06 23:44:30.316,a63b3465-1e76-4c8a-bc73-8b3f867b768f,3133.2,3134,96000000,512000000,
2025-12-06 23:44:30.316,32ed7a4b-3022-4b88-8a92-f70735463218,3231.37,3232,97000000,512000000,
2025-12-06 23:44:30.314,f3257344-01e1-4913-805e-d153ec418e51,1860.8,1861,100000000,512000000,
2025-12-06 23:44:30.313,1c1467cb-8038-476a-86aa-00c0c8327bb9,3174.88,3175,97000000,512000000,
2025-12-06 23:44:30.306,baafb9df-7c49-4c74-9f94-52c23f37cbe8,1848.17,1849,100000000,512000000,
2025-12-06 23:44:30.303,9b3fc9e8-824a-4f0f-ba78-c0631ca8d590,3235.78,3236,97000000,512000000,
2025-12-06 23:44:30.301,661b9786-f498-4da6-8c4a-814de8aa0b9d,3129.63,3130,96000000,512000000,
2025-12-06 23:44:30.299,1ca3cadb-ba33-49e7-a6d0-69a1b8d9f130,3136.39,3137,97000000,512000000,
2025-12-06 23:44:30.298,b92875b4-8c12-4a3a-8d85-cb3ddd709d79,3154.07,3155,96000000,512000000,
2025-12-06 23:44:30.293,2d99a351-63f0-4cf8-998f-578ec40a1e2a,3136.48,3137,97000000,512000000,
2025-12-06 23:44:30.292,93823586-2491-4a59-ba99-e849da9b33f0,3171.94,3172,96000000,512000000,
2025-12-06 23:44:30.291,3044b867-ba41-464a-be5a-e79f366ce5d0,3152.26,3153,97000000,512000000,
2025-12-06 23:44:30.287,28cf9ad7-0b67-4b94-aeca-c7d714afe285,3103.49,3104,97000000,512000000,
2025-12-06 23:44:30.282,49d0331c-8d3a-4bb4-9d52-6b06881c3ddb,3154.22,3155,97000000,512000000,
2025-12-06 23:44:30.273,aec3a215-a56c-48d1-bb57-cf5cfdcd39ae,3184.22,3185,96000000,512000000,
2025-12-06 23:44:30.260,97a049bf-37f8-4308-af12-d870b81b3596,3103.13,3104,97000000,512000000,
2025-12-06 23:44:30.259,7da3a3ba-3076-46c3-b8b8-8e42fcbdcd23,3137.31,3138,96000000,512000000,
2025-12-06 23:44:30.253,db6b1888-00a2-45d2-addb-9845f617da37,3171.13,3172,97000000,512000000,
2025-12-06 23:44:30.253,b5869fdf-7270-482d-9b19-c73c6d19e24a,3091.2,3092,97000000,512000000,
2025-12-06 23:44:30.251,27c61c9b-140b-4ba9-8ef3-86bfb50ba584,3080.06,3081,97000000,512000000,
2025-12-06 23:44:30.250,1d5f9bfd-1661-4580-abbd-dbce882ca40e,3134.05,3135,96000000,512000000,
2025-12-06 23:44:30.249,6f2d6190-c707-4a08-ba60-5b4a0fedfb05,3156.99,3157,97000000,512000000,
2025-12-06 23:44:30.243,5428fba0-7edd-4e30-aa26-db7f522c0492,3109.12,3110,97000000,512000000,
2025-12-06 23:44:30.242,6ff26e82-64ef-4017-9cd6-088f3c93b470,3074.49,3075,97000000,512000000,
2025-12-06 23:44:30.241,4ded393b-4115-43ee-82da-5600d9ebdcb6,3081.75,3082,97000000,512000000,
2025-12-06 23:44:30.233,945a0c48-8e44-4692-b56c-6a2c20c203f2,3139.63,3140,96000000,512000000,
2025-12-06 23:44:30.232,8b63ebee-3766-45b6-aa06-63d14eef4dda,3288.87,3289,97000000,512000000,
2025-12-06 23:44:30.232,bb8bd24c-f4e3-4ecd-bdb5-bfdede13990b,3111.71,3112,96000000,512000000,
2025-12-06 23:44:30.229,83f4621e-3a2a-491c-bb36-09034a2da2a7,3160.65,3161,96000000,512000000,
2025-12-06 23:44:30.223,a0eac86c-be87-4210-91c1-d74fb173d8db,3117.9,3118,97000000,512000000,
2025-12-06 23:44:30.221,687382e8-2fe9-41d0-a556-8a95c23d652d,3144.86,3145,96000000,512000000,
2025-12-06 23:44:30.220,f8accabe-b156-4b4d-96e2-c0f0cf7ba5ad,3066.36,3067,97000000,512000000,
2025-12-06 23:44:30.217,b42a19ae-3dc5-4cab-9dc6-f33e88d91aeb,3192.95,3193,96000000,512000000,
2025-12-06 23:44:30.215,a466f69d-6aef-4bed-b9b9-13e23aaf0b9a,3120.95,3121,97000000,512000000,
2025-12-06 23:44:30.210,63df3a30-6faa-4b9b-9410-3863e6679b5b,3193.24,3194,97000000,512000000,
2025-12-06 23:44:30.207,2a0d01b8-199c-4862-96f1-036764f312f2,3054.35,3055,96000000,512000000,
2025-12-06 23:44:30.207,0fa9e7cb-7c00-434c-9489-f698577e0725,3195.31,3196,97000000,512000000,
2025-12-06 23:44:30.205,fab7f3b2-045a-4558-ba0b-2072a34fef15,3196.84,3197,98000000,512000000,
2025-12-06 23:44:30.205,38982be8-0694-4626-a856-b456cec3c093,3070.09,3071,96000000,512000000,
2025-12-06 23:44:30.198,3baf7666-35db-414d-8324-e2362e663161,3110.91,3111,96000000,512000000,
2025-12-06 23:44:30.197,f76e63d4-6b61-4e07-bd33-a3a698ce288d,3107.66,3108,96000000,512000000,
2025-12-06 23:44:30.194,25bd91dc-e737-42b6-8d4e-6960ea2d1e7a,3100.51,3101,97000000,512000000,
2025-12-06 23:44:30.193,d75dd65b-1071-44dc-8538-225c19dcbdcf,3122.98,3123,96000000,512000000,
2025-12-06 23:44:30.193,e478874b-5036-474c-9bf9-d19a37f16aed,3224.73,3225,96000000,512000000,
2025-12-06 23:44:30.189,f39f7f0e-8b21-4d99-813b-28fdd8bed0c7,3126.18,3127,96000000,512000000,
2025-12-06 23:44:30.187,df493ea1-6cc3-4212-a98f-8b41fafdf6a8,3117.01,3118,96000000,512000000,
2025-12-06 23:44:30.185,5bd31093-ba40-4d90-8f60-b997e5242560,3089.33,3090,97000000,512000000,
2025-12-06 23:44:30.183,38ae2996-2398-41c5-a1bd-c13504591034,3110.71,3111,97000000,512000000,
2025-12-06 23:44:30.183,8802cc3e-d47b-4d4f-b0fa-ad78b87c887c,3084.81,3085,96000000,512000000,
2025-12-06 23:44:30.181,c7287d05-af86-430b-b029-aa0ebb06581b,3106.36,3107,97000000,512000000,
2025-12-06 23:44:30.177,7280f79b-5ee3-434f-94af-ac1ef4ec09cc,3078.32,3079,97000000,512000000,
2025-12-06 23:44:30.168,f368bbe1-2b46-4063-b51d-09b6b3eff060,3137.23,3138,97000000,512000000,
2025-12-06 23:44:30.167,972587d4-b1e1-40f7-a9e2-9ad9671b8153,3112.06,3113,97000000,512000000,
2025-12-06 23:44:30.162,0afb6db9-3360-487e-ab44-1285ccab9575,3093.82,3094,96000000,512000000,
2025-12-06 23:44:30.161,a24af515-87bf-4f12-9b57-1c8236835679,3074.28,3075,97000000,512000000,
2025-12-06 23:44:30.153,4eac402d-fa7f-4fca-95bd-d56aa659c327,3144.09,3145,96000000,512000000,
2025-12-06 23:44:30.151,f990a610-b65d-434d-91a9-fe3224756cd6,3055.8,3056,97000000,512000000,
2025-12-06 23:44:30.148,8c239713-263a-462e-9235-958a86ef64fd,2972.88,2973,97000000,512000000,
2025-12-06 23:44:30.143,92fce6a4-3e77-49e9-9d8a-ca68ba0ab906,3155.45,3156,97000000,512000000,
2025-12-06 23:44:30.140,8ca5854b-e6f9-405c-92db-be955dfc807d,3133.96,3134,97000000,512000000,
2025-12-06 23:44:30.131,47b87b36-8173-43fb-a45b-56bfffac4ea4,3113.58,3114,97000000,512000000,
2025-12-06 23:44:30.130,a893c1e0-1257-4699-9900-980e100fe30d,3035.26,3036,97000000,512000000,
2025-12-06 23:44:30.129,4c58905e-7a43-4687-9815-10aaaf9f0754,3039.73,3040,96000000,512000000,
2025-12-06 23:44:30.129,c4cc6e4b-c59f-4523-99d3-7fda51aac253,3098.2,3099,96000000,512000000,
2025-12-06 23:44:30.125,0c145b77-3311-41a1-a084-3c9dc3a5a208,2014.9,2015,99000000,512000000,
2025-12-06 23:44:30.124,ec5f2250-f2ea-4675-a8d9-1f9ac6ec604f,3027.67,3028,96000000,512000000,
2025-12-06 23:44:30.118,10d01e5f-c197-4551-8392-d250ecfd5ff3,3094.65,3095,96000000,512000000,
2025-12-06 23:44:30.113,bcf343a2-1ee1-49e6-a8f7-7134d36e208b,3157.83,3158,96000000,512000000,
2025-12-06 23:44:30.111,07b8a22e-93fb-4452-b974-d8c4ecc852c8,3052.76,3053,97000000,512000000,
2025-12-06 23:44:30.107,585bcd59-d836-4277-8be0-25d154d2e375,3013.71,3014,97000000,512000000,
2025-12-06 23:44:30.106,7aa5c2db-c16b-482d-83c4-24996709f62c,3053.34,3054,97000000,512000000,
2025-12-06 23:44:30.105,b351501b-a9de-4df1-9733-f99b732bb594,3077.11,3078,96000000,512000000,
2025-12-06 23:44:30.104,386541d3-f955-4e37-951e-13f499cca5d9,3054.59,3055,97000000,512000000,
2025-12-06 23:44:30.102,ebb4e121-fa2d-49f4-a1fe-f14c5840c92c,3075.92,3076,97000000,512000000,
2025-12-06 23:44:30.100,9865f258-89af-44d1-8a4b-4627d487b01c,3003.3,3004,97000000,512000000,
2025-12-06 23:44:30.095,17d38ed0-e6c3-48e2-9b76-e96ec542ce27,1926.11,1927,99000000,512000000,
2025-12-06 23:44:30.090,beb6bc14-9132-458a-8c20-d8e68ba55114,3095.07,3096,96000000,512000000,
2025-12-06 23:44:30.087,b208764e-0d41-4ec7-bc3a-baff10a1cce2,3111.16,3112,97000000,512000000,
2025-12-06 23:44:30.084,9fdb0a4f-5381-4cce-b086-a1f6a5315348,3109.82,3110,97000000,512000000,
2025-12-06 23:44:30.083,1d64b83e-f2ab-42e6-aef2-8938b15e5a78,3019.61,3020,96000000,512000000,
2025-12-06 23:44:30.083,86fdd2e3-ed4e-40dc-bdd1-f26881914014,3018.68,3019,97000000,512000000,
2025-12-06 23:44:30.082,b9086f2b-1044-47ff-9304-307d63cc6279,3024.66,3025,96000000,512000000,
2025-12-06 23:44:30.082,e999a14b-22be-4b96-901c-f8532932f96e,3055.95,3056,97000000,512000000,
2025-12-06 23:44:30.082,1ed312e0-2620-4a19-bcf9-ce74eb154181,3135.34,3136,97000000,512000000,
2025-12-06 23:44:30.081,6ac70bf3-6f7c-4831-96c5-4ff189215d26,3055.67,3056,97000000,512000000,
2025-12-06 23:44:30.080,288d8143-0d15-4281-a0c2-faed4337bcfa,3078.16,3079,96000000,512000000,
2025-12-06 23:44:30.078,3bec4606-63ce-4519-b27c-5a22793ca126,3084.77,3085,97000000,512000000,
2025-12-06 23:44:30.077,9973c378-f0f3-483c-b05c-295e1394849d,3112.41,3113,97000000,512000000,
2025-12-06 23:44:30.076,b68469f0-730b-4e0e-94f7-a767d7f73f17,3059.05,3060,96000000,512000000,
2025-12-06 23:44:30.076,c3f20824-e145-490f-a134-a44408705539,1733.29,1734,99000000,512000000,
2025-12-06 23:44:30.075,ebe3fcd1-e7eb-4b97-ab00-a09bbc8aed3e,3077.41,3078,97000000,512000000,
2025-12-06 23:44:30.068,d66f5385-2fa3-438f-b769-53f15c16a8c8,3012.49,3013,96000000,512000000,
2025-12-06 23:44:30.068,f78f2032-3573-43bc-bed7-30b0d76a41cf,3030.58,3031,97000000,512000000,
2025-12-06 23:44:30.068,2a6ae7e5-8e57-4561-ac0d-4599f8dc54b0,1952.69,1953,100000000,512000000,
2025-12-06 23:44:30.067,abcdac55-061b-4824-ac88-ae5d9c59ea2c,1890.58,1891,99000000,512000000,
2025-12-06 23:44:30.067,601dbdf1-4d63-4b92-838f-035224912e6a,3093.89,3094,97000000,512000000,
2025-12-06 23:44:30.065,6945559c-9bcb-4796-b152-6ecf56cffe3e,2990.85,2991,97000000,512000000,
2025-12-06 23:44:30.065,fed52b9e-24b7-4d4e-935e-350999bfa5b4,3052.02,3053,97000000,512000000,
2025-12-06 23:44:30.064,b662f8d6-c4d4-4c2c-8527-c974897c29f0,3196.7,3197,97000000,512000000,
2025-12-06 23:44:30.058,1d3fdb29-39b4-42de-b4bc-bc8ddd89d143,3072.28,3073,97000000,512000000,
2025-12-06 23:44:30.051,d87dc1c9-1388-4031-bf2a-7c0f1148ffa3,3049.71,3050,97000000,512000000,
2025-12-06 23:44:30.047,364293e1-3245-4730-bc71-703066f5359c,3077.53,3078,97000000,512000000,
2025-12-06 23:44:30.047,1ff2dda8-48b5-43a2-88f4-49b809ad5480,1876.85,1877,99000000,512000000,
2025-12-06 23:44:30.046,b31d6dfd-10de-46e1-8889-f4eaa6cf3b18,3069.5,3070,96000000,512000000,
2025-12-06 23:44:30.046,bbe44772-5a7c-443c-afdf-6c4f5edb36ae,3015.87,3016,96000000,512000000,
2025-12-06 23:44:30.044,b3b4ef2c-b3a1-4115-a75b-a84071802575,2990.87,2991,96000000,512000000,
2025-12-06 23:44:30.040,669fe6df-fb8c-427e-a019-5857e6c57d6b,3054.53,3055,97000000,512000000,
2025-12-06 23:44:30.039,d6d53dbc-89c3-44be-89a5-ee7cfecc4325,3069.97,3070,97000000,512000000,
2025-12-06 23:44:30.038,755f4c5c-74bc-4420-88fa-ea8e8cff0ada,3074.53,3075,97000000,512000000,
2025-12-06 23:44:30.037,f7c9ac73-39df-4eca-9105-492ee4f1f9c8,3114.19,3115,97000000,512000000,
2025-12-06 23:44:30.033,b80bd7fd-3e17-488f-91f3-09711003a852,3014.75,3015,97000000,512000000,
2025-12-06 23:44:30.033,4e145592-4ac8-45a4-b7b1-06f0b757ce39,3012.34,3013,97000000,512000000,
2025-12-06 23:44:30.032,1933fe73-d73e-4496-acfe-b081b6aad53f,3043.73,3044,96000000,512000000,
2025-12-06 23:44:30.031,c2508932-44cc-47bb-836a-ea7fa6fdd3d5,3033.23,3034,97000000,512000000,
2025-12-06 23:44:30.026,b2caaa3e-3431-4aed-933b-44f15ed0fd5d,3074.95,3075,97000000,512000000,
2025-12-06 23:44:30.022,7015abe2-94a9-4358-808c-1f34251ebb8a,3053.07,3054,96000000,512000000,
2025-12-06 23:44:30.019,ba52e84e-a020-436c-aa7e-66e2291b732c,3055.68,3056,97000000,512000000,
2025-12-06 23:44:30.019,a2fb36f9-822b-4485-bd5c-0966d226cd06,2953.57,2954,97000000,512000000,
2025-12-06 23:44:30.018,69799ac8-9a4b-422f-9f85-5d614981d3ae,2996.63,2997,97000000,512000000,
2025-12-06 23:44:30.018,af36273b-a0e8-44c3-a1ee-bebf938e93de,1893.24,1894,99000000,512000000,
2025-12-06 23:44:30.018,31f2092e-a206-491a-9a51-9c3114f409b3,3034.2,3035,97000000,512000000,
2025-12-06 23:44:30.018,16ffdf27-9d7f-4c2d-a079-a6b8bbd803fe,2930.95,2931,97000000,512000000,
2025-12-06 23:44:30.017,86833f1d-e4b6-4f77-919f-7f4eba03f209,3018.62,3019,97000000,512000000,
2025-12-06 23:44:30.014,97c3a30e-264e-4b6d-acaa-f4a43c0a4db3,3054.3,3055,97000000,512000000,
2025-12-06 23:44:30.009,e979b4f0-4814-4efa-9646-0735b5ffdc9e,3015.02,3016,97000000,512000000,
2025-12-06 23:44:30.009,cb5040b5-e698-44a5-8db3-cbdf29edac40,3028.4,3029,97000000,512000000,
2025-12-06 23:44:30.008,c6e17d73-6784-4f51-b8c2-2547fa4d408b,2971.51,2972,97000000,512000000,
2025-12-06 23:44:30.007,d233295e-943b-4b22-bf33-6697d7d66c00,3030.68,3031,96000000,512000000,
2025-12-06 23:44:30.006,cf9f1fe2-bc20-4f3b-b090-12df49571c30,3009.23,3010,97000000,512000000,
2025-12-06 23:44:30.005,ddce50d7-a1c9-480a-8a38-e2e1c949f4e9,3072.21,3073,96000000,512000000,
2025-12-06 23:44:30.004,dad29d9c-d260-4fae-9e32-a12008d09bd1,3067.99,3068,96000000,512000000,
2025-12-06 23:44:30.003,89201cea-f2e3-4d34-a92c-a32ea4dcceb0,3013.47,3014,97000000,512000000,
2025-12-06 23:44:30.002,3e48c811-c9c1-4c18-be7c-459fa8d02401,3041.54,3042,96000000,512000000,
2025-12-06 23:44:29.999,c2cf73d3-ef6f-4572-aaed-d233f1209988,2994.23,2995,97000000,512000000,
2025-12-06 23:44:29.998,c5937958-dbc7-4d27-a52b-60b3b2003c00,3015.82,3016,97000000,512000000,
2025-12-06 23:44:29.993,4ca4c076-9c30-4762-801b-8417363a4390,2934.17,2935,97000000,512000000,
2025-12-06 23:44:29.993,5c894377-8c80-4d7f-88f4-abf2d73ce860,3012.27,3013,97000000,512000000,
2025-12-06 23:44:29.993,c8ba3ce2-7324-468d-ba7d-82a7aed4e55f,3051.35,3052,97000000,512000000,
2025-12-06 23:44:29.985,96bbc0f9-8efd-4619-bedd-459d24b8629d,1846.42,1847,99000000,512000000,
2025-12-06 23:44:29.983,477bb026-d7ca-4e6d-8055-1d57ff6b6b8e,2995.69,2996,96000000,512000000,
2025-12-06 23:44:29.982,fc8065ce-eef9-4663-8d57-53eefe058733,3035.81,3036,96000000,512000000,
2025-12-06 23:44:29.981,38eb3c15-807c-4e64-b718-104b591c8615,2956.62,2957,96000000,512000000,
2025-12-06 23:44:29.980,387e801c-a760-4695-bad0-2a084d267a30,3072.51,3073,96000000,512000000,
2025-12-06 23:44:29.975,b7dafd7e-7229-40fe-8e0f-4d7ee2f543a4,2977.7,2978,97000000,512000000,
2025-12-06 23:44:29.975,5ca4020a-96f2-4b91-84ba-f2c5e1634412,2976.02,2977,97000000,512000000,
2025-12-06 23:44:29.974,1ccf3ed1-c56a-4600-b47b-38f4d413b44d,2974.9,2975,97000000,512000000,
2025-12-06 23:44:29.973,358dcef4-fb72-4d0e-81f2-47e59b530964,3052.19,3053,97000000,512000000,
2025-12-06 23:44:29.964,e2ed0aab-9a4a-432f-9de4-b8f72833d025,3054.39,3055,97000000,512000000,
2025-12-06 23:44:29.962,c3f21a32-7748-4c83-a159-f7386d212faf,1853.09,1854,100000000,512000000,
2025-12-06 23:44:29.957,6c2119d2-0bf2-43b2-8448-29370e212071,1871.5,1872,98000000,512000000,
2025-12-06 23:44:29.957,02b02a39-8f1d-4592-a971-bfa7d8fbf7ac,3036.65,3037,97000000,512000000,
2025-12-06 23:44:29.954,518ddf40-77a2-4324-90ad-5d909ba02a2e,2994.16,2995,96000000,512000000,
2025-12-06 23:44:29.949,0df6a31c-46ea-486e-9879-a3208fd69b70,1884.77,1885,98000000,512000000,
2025-12-06 23:44:29.949,aa35f1c8-d508-409e-8021-ad1184c538fe,1886.56,1887,99000000,512000000,
2025-12-06 23:44:29.947,9d67bc6d-ed07-49ed-afdc-6c1e6bb0a353,3017.68,3018,97000000,512000000,
2025-12-06 23:44:29.944,82a756cb-a05b-4be3-93b1-b4ea3833bece,1870.78,1871,100000000,512000000,
2025-12-06 23:44:29.943,a8277bf2-7378-44cb-b22c-8c90ee960131,2972.24,2973,97000000,512000000,
2025-12-06 23:44:29.942,903148f6-3fb0-4811-ab3c-46ab5262ac18,2995.1,2996,96000000,512000000,
2025-12-06 23:44:29.941,26c60314-9bd1-4046-9002-7157c0235862,2960.79,2961,96000000,512000000,
2025-12-06 23:44:29.940,5d012290-d853-496a-93dd-0165d7149978,2973.85,2974,97000000,512000000,
2025-12-06 23:44:29.940,e2a1818a-092b-4dd1-addb-14bf56359d31,2995.02,2996,96000000,512000000,
2025-12-06 23:44:29.938,384fa32d-7129-4cf6-ae2d-535973e7a03b,3023.5,3024,96000000,512000000,
2025-12-06 23:44:29.934,9a05659c-1f41-4b85-bb7a-8210616660c2,2973.78,2974,96000000,512000000,
2025-12-06 23:44:29.930,160fc404-5856-45f4-9d18-829e54c5b40f,3010.26,3011,97000000,512000000,
2025-12-06 23:44:29.927,3a886b25-f159-4676-a773-075f930c0c4e,1854.01,1855,100000000,512000000,
2025-12-06 23:44:29.927,b256da11-3a72-4fbc-b209-28741c4cf80b,2960.62,2961,97000000,512000000,
2025-12-06 23:44:29.926,f1b24742-5186-4ad1-ac0f-2efb81ecadf2,2907.86,2908,97000000,512000000,
2025-12-06 23:44:29.917,a349a9cc-1c47-4d18-b317-ca47ff5ba0aa,3030.68,3031,97000000,512000000,
2025-12-06 23:44:29.914,74f6de51-95a4-4ca2-86cd-1a3fda49cd78,2949.77,2950,97000000,512000000,
2025-12-06 23:44:29.913,5c3949a8-3491-41b4-a253-af0e3ecf28f9,3013.94,3014,97000000,512000000,
2025-12-06 23:44:29.909,fb04f16e-4d09-44a9-9d2e-8411db02f1fd,2995.81,2996,97000000,512000000,
2025-12-06 23:44:29.908,99796414-e5f6-4892-a3b0-52f53242987e,2995.13,2996,97000000,512000000,
2025-12-06 23:44:29.907,c32d9003-5bc1-4732-9a3e-fce4a2dfc378,2992.58,2993,96000000,512000000,
2025-12-06 23:44:29.907,108ddb1f-94b7-4987-b58b-23895a31f74c,1911.17,1912,98000000,512000000,
2025-12-06 23:44:29.906,31cebb56-5b56-4fbb-baa8-db2c8b851e8f,1837.34,1838,99000000,512000000,
2025-12-06 23:44:29.906,30dca199-9421-4114-b7a7-f23341a93d6f,2914.25,2915,97000000,512000000,
2025-12-06 23:44:29.905,3a8d0e62-9c16-47b1-aa1d-ae4eeb65f098,3012.01,3013,97000000,512000000,
2025-12-06 23:44:29.903,da9f28a5-038b-4e8b-b138-8941526d3859,2953.51,2954,97000000,512000000,
2025-12-06 23:44:29.901,31ea741d-27bb-4b24-99db-08c4f7a5f1c7,3023.55,3024,97000000,512000000,
2025-12-06 23:44:29.899,abfe08d1-0e86-4a58-bd96-5bc5593bb94d,1830.2,1831,100000000,512000000,
2025-12-06 23:44:29.888,a0e16760-5fd0-447c-8e47-d15907659aaa,2919.66,2920,97000000,512000000,
2025-12-06 23:44:29.886,92aab0c9-d77c-402b-bac2-af598a68d8e0,2955.63,2956,96000000,512000000,
2025-12-06 23:44:29.885,217e466e-16a0-42a8-a415-8c50720cb451,2912.4,2913,97000000,512000000,
2025-12-06 23:44:29.884,0078b57b-6b1c-4204-80be-3427108edb53,2954.93,2955,96000000,512000000,
2025-12-06 23:44:29.883,9a494053-c153-4e71-ad01-644b46132770,2989.12,2990,96000000,512000000,
2025-12-06 23:44:29.883,aad3673d-b7e8-4ee3-9359-a98bc8946874,2976.33,2977,96000000,512000000,
2025-12-06 23:44:29.882,b13ab5a1-ebe0-4151-a3d1-526ffe53cc28,1855.52,1856,99000000,512000000,
2025-12-06 23:44:29.880,b195dabf-1f8f-498c-9989-9aa8d444ce3f,1844.03,1845,100000000,512000000,
2025-12-06 23:44:29.876,a4c728e4-6a8c-46be-bbd8-76892ecb11aa,2911.15,2912,96000000,512000000,
2025-12-06 23:44:29.873,a072a275-cb6d-42fc-a1d6-8b66eb9c1f4d,2974.51,2975,97000000,512000000,
2025-12-06 23:44:29.870,29771374-845a-44b9-b10e-415f84b8ac7a,2950.36,2951,97000000,512000000,
2025-12-06 23:44:29.869,0c35ebf8-c6b3-4865-9bb4-ea2611337251,1843.96,1844,100000000,512000000,
2025-12-06 23:44:29.866,6a0ce4bf-12e6-4c62-a209-552d69bf7830,1824.41,1825,100000000,512000000,
2025-12-06 23:44:29.863,439bc718-a641-4bb9-8954-9d6a4077313e,1833.79,1834,100000000,512000000,
2025-12-06 23:44:29.863,a9134553-ab15-4957-8ace-2c7f4ff0d010,2961.91,2962,97000000,512000000,
2025-12-06 23:44:29.863,9f014b5d-9615-439e-a302-870dcc30f9e5,2947.08,2948,96000000,512000000,
2025-12-06 23:44:29.857,564a8520-6769-4ad2-93c3-98acdc0fc74b,2952.24,2953,97000000,512000000,
2025-12-06 23:44:29.856,fb8e64cc-ae65-4115-af84-98e9d8634f49,3009.34,3010,96000000,512000000,
2025-12-06 23:44:29.854,5adbcdd6-0324-4ce4-8af1-b1b0f707657d,2916.66,2917,96000000,512000000,
2025-12-06 23:44:29.852,a0ab4208-45a9-48ea-a4ec-dece02b3df7c,2955.43,2956,97000000,512000000,
2025-12-06 23:44:29.846,f46f6fd8-2fd2-47fa-a924-f793d113f491,2912.08,2913,97000000,512000000,
2025-12-06 23:44:29.843,83534123-bec9-409d-b1ff-7a3b21986a76,2917.49,2918,96000000,512000000,
2025-12-06 23:44:29.842,09cc4e61-a646-4d1b-82f6-57c08d82ad4e,2954.82,2955,96000000,512000000,
2025-12-06 23:44:29.836,1ccf54b1-ae41-4975-b6dc-65365715a735,2942.45,2943,97000000,512000000,
2025-12-06 23:44:29.834,58fc3732-8f85-4fe2-9a83-32e7a2c50e37,1843.67,1844,100000000,512000000,
2025-12-06 23:44:29.832,e89483b8-976b-491a-aaef-df62fb7c4b1d,2974.04,2975,96000000,512000000,
2025-12-06 23:44:29.830,b720507c-c746-475b-a710-47f0a0e039cf,2977.08,2978,97000000,512000000,
2025-12-06 23:44:29.828,6dae4edf-58f2-43a6-ae27-ac5644ed5266,1849.89,1850,99000000,512000000,
2025-12-06 23:44:29.820,f4408d3d-3431-4820-8dd8-f895a3700113,2912.71,2913,96000000,512000000,
2025-12-06 23:44:29.819,b2be03c0-d90c-489a-9333-0b6457e4ec99,2954.69,2955,97000000,512000000,
2025-12-06 23:44:29.817,b4d0c472-a3fd-4fd8-bff2-660e31ade4ad,2935.26,2936,97000000,512000000,
2025-12-06 23:44:29.814,13b6cb41-a679-46a1-b8c0-ad828be40f4c,2941.89,2942,97000000,512000000,
2025-12-06 23:44:29.813,3317a722-ce04-4760-942d-9e859a945050,2896.45,2897,96000000,512000000,
2025-12-06 23:44:29.803,41e185d3-c9c1-4ef2-83f9-569162e99910,2907.69,2908,97000000,512000000,
2025-12-06 23:44:29.788,2ce4f3c8-ecd5-4b1b-89f7-3fa4cd2e8a78,2934.58,2935,97000000,512000000,
2025-12-06 23:44:29.784,952c0efe-f3c2-492a-a017-d165b485c55e,2924.63,2925,97000000,512000000,
2025-12-06 23:44:29.779,7fc9d77f-b15b-41f5-9b5b-dd0ca7657ca8,2895.05,2896,97000000,512000000,
2025-12-06 23:44:29.773,88b55c00-5195-4b53-974a-dbfc964ca77b,1779.73,1780,98000000,512000000,
2025-12-06 23:44:29.771,ea6ec44a-1f35-49ee-9391-6f9fd7f79c18,2931.37,2932,97000000,512000000,
2025-12-06 23:44:29.765,39fe32b6-8352-444e-9450-e3b5ecc8ede1,2858.15,2859,97000000,512000000,
2025-12-06 23:44:29.757,85c677c3-a58f-40f3-b0c3-97d992e31f6b,2985.69,2986,96000000,512000000,
2025-12-06 23:44:29.753,a9394952-51ff-4da0-bfe2-e7d9b0e0fe8d,2894.11,2895,96000000,512000000,
2025-12-06 23:44:29.751,b8a8f5d9-4f72-4bd3-8c53-2e337145facd,2813.13,2814,96000000,512000000,
2025-12-06 23:44:29.747,2e5fd1c3-77cd-4c71-b22d-a3d2b8d1c2e6,2832.89,2833,96000000,512000000,
2025-12-06 23:44:29.746,f12892d3-ce85-4347-9413-1383df29b982,2992.13,2993,96000000,512000000,
2025-12-06 23:44:29.741,3f91bc43-e171-4a6f-b9b3-6ad0c1841aba,2939.43,2940,96000000,512000000,
2025-12-06 23:44:29.723,c3c0761b-9ecf-4ca4-a32a-b029ba1569e7,2936.3,2937,97000000,512000000,
2025-12-06 23:44:29.719,9de96389-7803-4268-94ce-b437b8e3cac3,2918.94,2919,97000000,512000000,
2025-12-06 23:44:29.717,9a2a7e69-aa06-434e-9709-11e243d55120,2859.32,2860,97000000,512000000,
2025-12-06 23:44:29.711,c16aee47-9daf-495c-92a5-b4ae5fe77ea4,2890.16,2891,97000000,512000000,
2025-12-06 23:44:29.710,a4c04960-4197-4cc8-ae6a-e4274289705a,2870.04,2871,97000000,512000000,
2025-12-06 23:44:29.709,0b0de58e-84ca-42e8-aea0-07ec6f4f9923,2924.22,2925,96000000,512000000,
2025-12-06 23:44:29.688,17dfa1b8-0059-4eb1-8c9a-cca28cbc501e,2856.01,2857,96000000,512000000,
2025-12-06 23:44:29.687,29f3d5f6-cdd3-4ef2-a260-e32a1daded1e,2735.03,2736,97000000,512000000,
2025-12-06 23:44:29.681,c6120771-2136-4e62-9baf-9b1320d34707,2616.79,2617,98000000,512000000,
2025-12-06 23:44:29.661,1572150f-34fb-4e67-a9b1-b115a2320ddf,1771.25,1772,99000000,512000000,
2025-12-06 23:44:29.660,58137f76-d579-42e8-8832-148497f91df6,1755.73,1756,100000000,512000000,
2025-12-06 23:44:29.659,17d1d11d-2f74-467d-a697-1f2389269d6a,2830.51,2831,96000000,512000000,
2025-12-06 23:44:29.649,a025a942-c6bf-43e7-a0b0-e4e0cd5338a6,2814.34,2815,96000000,512000000,
2025-12-06 23:44:29.568,0ba37305-dd9a-4065-8ffb-4ffc07d1258d,2793.49,2794,96000000,512000000,
2025-12-06 23:44:29.551,020e0e9c-65dd-4569-9314-b1be7be4573b,2817.81,2818,97000000,512000000,
2025-12-06 23:44:29.547,4cd50ca0-0949-4e82-8172-93fd003b9834,2809.77,2810,97000000,512000000,
2025-12-06 23:44:29.490,db3928e7-3214-4100-9af8-d5c6c1e4041a,2749.7,2750,96000000,512000000,
2025-12-06 23:44:29.490,8c1632ed-b0b5-4b38-a530-ff88008f3184,2703.45,2704,97000000,512000000,
2025-12-06 23:44:29.490,80e6b23c-7dc4-4f3b-bd11-378e0bfe1d76,2750.41,2751,96000000,512000000,
2025-12-06 23:44:29.463,e5cd8e01-93ef-435a-840b-827d3be3afdb,2719.23,2720,96000000,512000000,
2025-12-06 23:44:29.417,5344b88b-f86c-47b4-955b-c1c718db50ef,2667.67,2668,96000000,512000000,
2025-12-06 23:44:29.351,16ee8397-a0ed-4e2d-8ce6-655a07b3e43b,2598.93,2599,97000000,512000000,
2025-12-06 23:44:29.351,fdf3e495-0ed9-43b8-a852-c24593272e6d,2540.34,2541,97000000,512000000,
2025-12-06 23:44:29.342,787c7bed-5d62-46be-a7ff-4b8329c01167,2716.36,2717,96000000,512000000,
2025-12-06 23:44:29.340,045334a4-adfd-45bd-88e0-56894d4a7fe9,2595.85,2596,96000000,512000000,
2025-12-06 23:44:29.279,127ebd28-5fc3-4dac-a6c4-d901c985b62f,1670.15,1671,99000000,512000000,
2025-12-06 23:44:29.277,4f6923e7-72ce-4807-8026-0583b6c9b444,2589.56,2590,97000000,512000000,
2025-12-06 23:44:29.270,efa975b8-de98-4aeb-bcc2-a0f5db1165dc,2587.18,2588,97000000,512000000,
2025-12-06 23:44:29.248,c0b6c14e-63f0-4ddf-8c5b-a3c9ae7e12ac,2508.33,2509,97000000,512000000,
2025-12-06 23:44:29.225,6f8bab79-ec5a-4bda-805c-e4446c0ceae1,2653.22,2654,97000000,512000000,
2025-12-06 23:44:29.219,a0dd64e3-ca46-4467-bd48-c8339e4ce332,2621.68,2622,96000000,512000000,
2025-12-06 23:44:29.215,94a144e2-2dba-4e5d-af05-6ad7d7145f5d,2417.35,2418,97000000,512000000,
2025-12-06 23:44:29.213,5f8b7a19-ace0-4113-9d80-59ba6fe8aeab,2676.38,2677,97000000,512000000,
2025-12-06 23:44:29.187,4e8fe56c-dd0e-46e7-9a48-e947c768092f,2622.83,2623,96000000,512000000,
2025-12-06 23:44:29.183,6590500d-0688-4677-be90-659f8338a611,2613.61,2614,96000000,512000000,
2025-12-06 23:44:29.174,e84ccee0-e817-4f6f-bfdf-a65601e40790,2549.35,2550,97000000,512000000,
2025-12-06 23:44:29.154,a424e393-140d-4533-8e66-99990da149d6,2602.22,2603,97000000,512000000,
2025-12-06 23:44:29.143,750517d7-596b-4b2b-8e10-4d6bce9dac60,2512.37,2513,97000000,512000000,
2025-12-06 23:44:29.132,67175a0d-dca6-43f8-93f1-f03ea948ddf5,2580.72,2581,96000000,512000000,
2025-12-06 23:44:29.114,a825a604-7dd2-4486-9900-2317bbe30c1e,2636.65,2637,97000000,512000000,
2025-12-06 23:44:29.104,ac66f1c4-8c8d-4e38-a382-18afae50a02d,2540.58,2541,96000000,512000000,
2025-12-06 23:44:29.076,7c696711-2521-47b8-bbda-c904d6cc93bb,2596.54,2597,96000000,512000000,
2025-12-06 23:44:29.058,fdb22e57-f32d-4be1-a146-ad371607954c,2512.49,2513,96000000,512000000,
2025-12-06 23:44:29.045,ea0aeee0-115f-4c34-84bb-d17e3b7b097e,2505.13,2506,97000000,512000000,
2025-12-06 23:44:29.043,12d0a792-aa0b-45ec-b9a5-327d8d568af4,2535.29,2536,97000000,512000000,
2025-12-06 23:44:29.036,3546df62-ceb9-4107-af11-61c2f089572a,2556.96,2557,96000000,512000000,
2025-12-06 23:44:29.023,d79c5257-5c43-4fbc-a9a0-0695c0b1e178,2513.77,2514,97000000,512000000,
2025-12-06 23:44:29.019,453e88bf-b016-4a6d-9015-77c0528eb7c6,2495.48,2496,97000000,512000000,
2025-12-06 23:44:29.018,a50a798a-6e2f-4159-8d47-06348d7d49c8,2555.77,2556,96000000,512000000,
2025-12-06 23:44:29.010,17d1c5f4-3f37-4db5-86c1-92bdfa65aea3,2547.95,2548,97000000,512000000,
2025-12-06 23:44:28.985,a61b4c44-49f1-4758-97ae-f4489f03e321,2520.42,2521,96000000,512000000,
2025-12-06 23:44:28.981,0b534f04-867d-4a91-bef7-8a8c2bf53bdc,2496.62,2497,96000000,512000000,
2025-12-06 23:44:28.981,70252b81-9d5c-45dc-8d70-578f59b9f835,2514.41,2515,97000000,512000000,
2025-12-06 23:44:28.970,07a9a47b-f2a9-43d0-a390-61f9f68db2a7,2506.84,2507,96000000,512000000,
2025-12-06 23:44:28.966,6b18c663-84be-4ffd-a1b1-3bd0805aa858,2496.1,2497,97000000,512000000,
2025-12-06 23:44:28.953,29d31b09-e14a-4761-9a54-fa4b0cc3bbe8,2486.82,2487,96000000,512000000,
2025-12-06 23:44:28.949,9dda3340-0ecf-41f7-bda4-d88ebec92610,2481.4,2482,97000000,512000000,
2025-12-06 23:44:28.948,5f8c9cd5-0d90-46d9-bf0c-2fe9bf10334f,2429.53,2430,97000000,512000000,
2025-12-06 23:44:28.931,c9a04a7d-4734-481d-8f17-a033ede6b7d3,2465.11,2466,97000000,512000000,
2025-12-06 23:44:28.917,e7f24e0c-e376-408c-8e1d-5b8e84b5dbd4,2453.91,2454,96000000,512000000,
2025-12-06 23:44:28.914,72fae615-f453-48f9-ab16-068b03a87d93,2448.28,2449,96000000,512000000,
2025-12-06 23:44:28.913,3e43e1d1-37c2-409a-b447-8fe7ba51e896,2466.7,2467,97000000,512000000,
2025-12-06 23:44:28.900,4627ea41-11d4-4a7c-8a4f-daacc6b963eb,2435.78,2436,97000000,512000000,
2025-12-06 23:44:28.897,55cfab84-c044-414b-8bd1-84461ba7a7be,2464.47,2465,97000000,512000000,
2025-12-06 23:44:28.892,f2a56fbb-594a-4123-88fb-47e8c4017b0a,2439.32,2440,96000000,512000000,
2025-12-06 23:44:28.886,08a799d5-4814-4bd3-b6ce-acc2a99a4570,2420.66,2421,97000000,512000000,
2025-12-06 23:44:28.870,a9bdbf41-8632-46fd-8b1a-077d0984516e,2401.56,2402,97000000,512000000,
2025-12-06 23:44:28.748,a0cc261b-914d-4eaf-85e7-a05ef21b1b02,2274.48,2275,97000000,512000000,
2025-12-06 23:44:28.720,312c7dfa-822e-4c39-93d6-defd0b4adea9,2247.47,2248,97000000,512000000,
2025-12-06 23:44:28.686,53a40ee7-c0f2-4e29-aff0-90131279b43f,2216.35,2217,96000000,512000000,
2025-12-06 23:44:28.684,179fa412-096f-49b9-adb1-6bc12e5da81a,2207.33,2208,97000000,512000000,
2025-12-06 23:44:28.670,d9972dfd-0a16-4a82-b3d2-4cf90849374a,2202.27,2203,97000000,512000000,
2025-12-06 23:44:28.663,5d9382b7-eb14-4bf0-8108-4ec52daf39d8,2188.76,2189,97000000,512000000,
2025-12-06 23:44:28.654,2f153174-0b0e-44a2-bb69-72ca5663e70d,2179.01,2180,96000000,512000000,
2025-12-06 23:44:28.637,f22b8546-2f5c-46a9-9775-c753c1560e30,2162.46,2163,96000000,512000000,
2025-12-06 23:44:28.633,871fe266-7cc4-48de-9da3-7a35d739ccb1,2164.81,2165,97000000,512000000,
2025-12-06 23:44:28.632,d37591dc-39dc-4374-a78f-1ccb61c83284,2162.65,2163,96000000,512000000,
2025-12-06 23:44:28.611,074134ca-c9c9-49f8-94c6-8545f378702b,2133.57,2134,97000000,512000000,
2025-12-06 23:44:28.606,031dd2ed-b8eb-4d0f-87bd-f5f53312b157,2127.36,2128,97000000,512000000,
2025-12-06 23:44:28.603,5014025d-131e-49d5-ab41-be374adaad24,2118.58,2119,96000000,512000000,
2025-12-06 23:44:28.598,90029f40-96b2-4e8b-816b-7631d8872e2a,2114.73,2115,96000000,512000000,
2025-12-06 23:44:28.594,9a67aabc-1cf5-4e1d-a764-4f7a5250af3c,2120.58,2121,97000000,512000000,
2025-12-06 23:44:28.593,b5debe13-8cf8-47e5-8510-0608c4c4ac5d,2120.64,2121,97000000,512000000,
2025-12-06 23:44:28.591,9a06e4d8-fe21-47b8-bfe8-094c98dca878,2106.88,2107,97000000,512000000,
2025-12-06 23:44:28.583,6488ea7d-9ba7-4601-9361-8a317b622503,2110.17,2111,97000000,512000000,
2025-12-06 23:44:28.581,108472b6-f15d-4512-9e11-ced0527f39e7,2111.53,2112,97000000,512000000,
2025-12-06 23:44:28.572,45bc76aa-cb02-4458-b111-1aec74711997,2103.41,2104,97000000,512000000,
2025-12-06 23:44:28.570,276fa463-9a02-4fdc-afb3-acc9883e5581,2096.7,2097,97000000,512000000,
2025-12-06 23:44:28.569,73e254bb-bce3-4ea7-b74c-f68650269dbf,2096.72,2097,97000000,512000000,
2025-12-06 23:44:28.567,2c5a66bb-d43b-4290-a1d8-081311e7f5a3,2100.45,2101,97000000,512000000,
2025-12-06 23:44:28.567,e3ee2000-0e15-4412-ac40-2bc903a1dac2,2085.63,2086,96000000,512000000,
2025-12-06 23:44:28.565,eb262a54-4ca7-47be-8a73-2f3326ef327a,2084.22,2085,96000000,512000000,
2025-12-06 23:44:28.565,44a959af-b8dd-4b53-9d20-740ba873c377,2093.58,2094,97000000,512000000,
2025-12-06 23:44:28.565,154bd087-dd44-4d81-9566-92aebb99d00e,2091.34,2092,97000000,512000000,
2025-12-06 23:44:28.562,a1a0801c-0b0e-42f9-ab2b-843464840f11,2092.34,2093,97000000,512000000,
2025-12-06 23:44:28.553,a65ebf8d-c830-4877-b916-06cbcbfb960b,2077.71,2078,97000000,512000000,
2025-12-06 23:44:28.542,9081649d-a221-495d-b72a-cf0fde2a39e2,2066.56,2067,96000000,512000000,
2025-12-06 23:44:28.534,a8909a10-8129-4740-90cb-dfbf8f3e7731,2056.83,2057,96000000,512000000,
2025-12-06 23:44:28.533,4f26c8a8-2459-4f6f-92eb-53512108786e,2056.26,2057,97000000,512000000,
2025-12-06 23:44:28.528,df54d710-51be-4247-9686-5515fe7f6c68,2050.21,2051,97000000,512000000,
2025-12-06 23:44:28.528,32e150e9-bb93-4659-88bb-2293c0586417,2054.93,2055,96000000,512000000,
2025-12-06 23:44:28.522,a78a4621-c823-4e61-80e1-511f0f2ff26c,2038.21,2039,97000000,512000000,
2025-12-06 23:44:28.512,1f90ca26-f710-4cef-ab6e-f07224236e17,2027.73,2028,97000000,512000000,
2025-12-06 23:44:28.508,5cdc319d-92eb-4090-88fc-4f7df4d13dee,2028,2029,97000000,512000000,
2025-12-06 23:44:28.506,91af91f8-e1ac-491b-9b10-602f4cba4507,2019.7,2020,96000000,512000000,
2025-12-06 23:44:28.506,e0b7f432-7311-431a-92cf-bb75b23e32c2,2018.09,2019,96000000,512000000,
2025-12-06 23:44:28.502,740c35e3-9841-47e3-a562-ee003ffaa2a5,2013.83,2014,97000000,512000000,
2025-12-06 23:44:28.499,13aefea5-2f7b-4093-8bd9-31d111dff82d,2010.85,2011,97000000,512000000,
2025-12-06 23:44:28.499,64980033-2844-43f5-997b-863ae95af8c3,2016.9,2017,97000000,512000000,
2025-12-06 23:44:28.493,a38681d9-3041-44be-9e6e-329cf739fcda,2007.35,2008,97000000,512000000,
2025-12-06 23:44:28.491,97a20748-6196-48c6-ae9a-6502e9cf64a2,2014.09,2015,97000000,512000000,
2025-12-06 23:44:28.491,fb4ed6e5-d95b-41b0-bf04-5a0b2fe9b8ed,2016.92,2017,97000000,512000000,
2025-12-06 23:44:28.487,0cb9e389-3487-4937-8db8-9a2a21d15716,2002.75,2003,97000000,512000000,
2025-12-06 23:44:28.484,58eba39e-7ae4-42f9-96db-f8f2eb9ead54,2008.95,2009,97000000,512000000,
2025-12-06 23:44:28.482,20951edd-9157-42d9-9715-bf897e2de5e6,2004.1,2005,97000000,512000000,
2025-12-06 23:44:28.480,c725f760-db4b-48db-9870-b05474a28787,1992.22,1993,97000000,512000000,
2025-12-06 23:44:28.476,2c48c66c-8eef-4718-9c9d-3e0823f8f596,2002.03,2003,97000000,512000000,
2025-12-06 23:44:28.473,9803415d-6049-4d74-aa5a-8067d238ec55,1997.85,1998,96000000,512000000,
2025-12-06 23:44:28.470,4c3adf11-e0b5-4023-aec1-35b37305a48f,1992.57,1993,96000000,512000000,
2025-12-06 23:44:28.467,f1d4c22e-267e-4d4c-8d9e-998bc0438525,1996.7,1997,97000000,512000000,
2025-12-06 23:44:28.437,8687b35b-f3e5-44e2-b6be-f535a0b77483,1956.31,1957,97000000,512000000,
2025-12-06 23:44:28.437,ed4eecc4-88d7-49bf-9713-3e6b9f0788e3,1958.33,1959,97000000,512000000,
2025-12-06 23:44:28.432,c7490260-c9be-4583-bef4-42d3f03d3640,1951.04,1952,96000000,512000000,
2025-12-06 23:44:28.430,2861febd-e0fb-4e84-a44f-e2a41c92dac4,1955.24,1956,97000000,512000000,
2025-12-06 23:44:28.428,9583f7e7-c1ac-49a1-ade9-313bc2e25031,1941.35,1942,97000000,512000000,
2025-12-06 23:44:28.317,6d7a8140-cb52-471e-9286-5c227ac2a700,1822.7,1823,97000000,512000000,
2025-12-06 23:44:28.154,34466b73-10b7-4d82-95db-8c8fd4dbac5e,2132.06,2133,97000000,512000000,
2025-12-06 23:44:28.149,6700b33a-c739-46df-ad99-c0e5c785a3a7,2124,2124,97000000,512000000,
2025-12-06 23:44:28.145,44baece7-027a-490d-90c6-e491e96f014d,2118.76,2119,97000000,512000000,
2025-12-06 23:44:28.116,67c6627a-76ef-4f82-8eaa-872315fad300,2074.78,2075,97000000,512000000,
2025-12-06 23:44:28.103,69d233c6-5731-487c-a87a-bd62b57e632f,2075.41,2076,97000000,512000000,
2025-12-06 23:44:28.102,51f7b253-0dd2-4341-9d06-deaf059ce9f2,2077.08,2078,96000000,512000000,
2025-12-06 23:44:28.088,1da187c6-f20d-4328-993f-382319101580,2059.1,2060,97000000,512000000,
2025-12-06 23:44:28.086,8c5c6c98-6772-415a-bb8d-5adb82f7b832,2047.88,2048,97000000,512000000,
2025-12-06 23:44:28.064,915fda63-872b-4a36-8f34-d7827acbfaab,2032.56,2033,96000000,512000000,
2025-12-06 23:44:28.059,2282cbea-eca0-4237-9241-06cbdd4d20a2,2031.29,2032,97000000,512000000,
2025-12-06 23:44:28.050,205eda1f-4729-4017-be67-7703430b2957,2021.25,2022,96000000,512000000,
2025-12-06 23:44:28.049,1fea2a8d-d725-43ea-9fdc-e3fc36cda162,2020.27,2021,96000000,512000000,
2025-12-06 23:44:28.045,a6542611-96e6-4ea9-a27c-6a36e304223c,2018.91,2019,97000000,512000000,
2025-12-06 23:44:28.045,9919d4ea-3c42-4945-8bb8-6f8391dc9b10,2014.41,2015,97000000,512000000,
2025-12-06 23:44:28.040,6efacc3c-66f3-4106-bfa7-73bff4741f7b,2011.66,2012,96000000,512000000,
2025-12-06 23:44:28.029,14fd9ce0-d4ce-4c89-b8b7-dcf9d2b7cf36,1999.48,2000,96000000,512000000,
2025-12-06 23:44:28.010,3004ae96-5167-44d6-8091-68695d358404,1983.56,1984,97000000,512000000,
2025-12-06 23:44:28.006,bd57bdcc-9f42-4b82-926d-439e59601cef,1975.19,1976,96000000,512000000,
2025-12-06 23:44:28.003,a734c955-0455-4efb-8593-acbb7cf84ac0,1975.53,1976,96000000,512000000,
2025-12-06 23:44:28.003,e60b8a14-b917-4388-a208-eccb65ec88eb,1978.72,1979,97000000,512000000,
2025-12-06 23:44:27.975,3c61098e-9289-47ff-a0e1-29679b3b916b,1950.03,1951,97000000,512000000,
2025-12-06 23:44:27.972,4a04f871-0221-4566-ab06-41d1d6f677df,1952.27,1953,97000000,512000000,
2025-12-06 23:44:27.969,5abfbc8f-88e9-4372-8a2f-cda0848dd751,1936.84,1937,97000000,512000000,
2025-12-06 23:44:27.951,1a81b962-782a-4e5f-a048-059d10bdeccb,1927.51,1928,97000000,512000000,
2025-12-06 23:44:27.896,a04c067f-23ad-4bce-88c3-a21c162d5e25,1864.35,1865,96000000,512000000,
2025-12-06 23:44:27.882,9ec5ae5b-2ef8-44cf-8429-803efb6c162a,1850.72,1851,97000000,512000000,
2025-12-06 23:44:27.577,e514a8e4-7f07-4e90-ac13-1db57589aa5c,1753.55,1754,96000000,512000000,
2025-12-06 23:44:27.496,1fc4d1e0-3d58-4f35-93ec-5d6baff5c4aa,3623.11,3799,89000000,512000000,175.2
2025-12-06 23:44:27.482,34789095-1613-400d-82d2-8f378ed497de,3505.27,3681,89000000,512000000,175.05
2025-12-06 23:44:27.407,55668515-6a31-4901-aa29-52739c380dfd,3559.39,3726,89000000,512000000,165.76
2025-12-06 23:44:27.343,7d69791d-c48f-4f0e-97f1-b3e7b012b056,3486.16,3648,89000000,512000000,161.53
2025-12-06 23:44:27.309,18e69598-e28e-44a0-9b25-a0707a910349,3450.28,3621,89000000,512000000,169.99
2025-12-06 23:44:27.283,6fe70bee-a1f8-489f-90a7-ac0809d867e2,3424.42,3593,90000000,512000000,168.42
2025-12-06 23:44:27.261,a21e9717-b2b0-4d04-930a-c3273d8c28a5,3375.73,3546,89000000,512000000,169.73
2025-12-06 23:44:27.259,e17d2dcf-5fb1-4a65-8863-620a7a905a4c,3295.95,3483,89000000,512000000,187.05
2025-12-06 23:44:27.258,b37cf7fc-46c2-4a2c-bb35-e636d54642f1,3309.11,3486,89000000,512000000,176.62
2025-12-06 23:44:27.247,72cca73f-9772-4b01-afdc-e1877fc41680,3316.61,3500,89000000,512000000,182.81
2025-12-06 23:44:27.247,f37a7d92-36b6-40c0-a2a0-c810cfd1f270,3267.4,3450,90000000,512000000,182.38
2025-12-06 23:44:27.224,f43d7060-bf31-4899-b3fc-91c89406b043,3303.4,3503,89000000,512000000,199.31
2025-12-06 23:44:27.219,6470f10b-0eb8-48a8-92f9-6054060def46,3331.15,3512,89000000,512000000,179.99
2025-12-06 23:44:27.211,a272bad9-9605-44bc-9b60-6dfd9dc795b9,3244.46,3414,91000000,512000000,169.33
2025-12-06 23:44:27.209,bc500a3e-b46f-4fbd-95df-8e615f2d8759,3258.29,3432,90000000,512000000,173.63
2025-12-06 23:44:27.196,90aa4519-e386-4834-95df-5ad400399be9,3237.57,3404,89000000,512000000,165.44
2025-12-06 23:44:27.195,5c4346b7-a975-41be-8497-43f9bf8c63ab,3276,3464,89000000,512000000,187.39
2025-12-06 23:44:27.189,f11360b9-61d3-4055-8b0a-76252b206633,3205.34,3383,89000000,512000000,176.68
2025-12-06 23:44:27.188,cec1cf31-edd0-4e2f-a3b4-5288a58c3f64,3268.84,3447,89000000,512000000,177.49
2025-12-06 23:44:27.187,1c5a94e1-305c-409f-8bc1-f9bd1718127f,3243.65,3439,90000000,512000000,194.43
2025-12-06 23:44:27.184,d80d3171-a6c1-4a9e-bb75-08fe3d5b8f4c,3251.58,3439,90000000,512000000,186.58
2025-12-06 23:44:27.183,8c6c6658-abcd-4dfd-b871-0d319ecd42ea,3311.42,3483,89000000,512000000,170.81
2025-12-06 23:44:27.181,d51c7cd0-f379-45c4-8c8b-6fff819187cb,3296.33,3471,92000000,512000000,173.91
2025-12-06 23:44:27.177,475bb7aa-a898-4738-bb94-8f24a8308538,3249.48,3433,89000000,512000000,183.41
2025-12-06 23:44:27.174,09ec74f1-a663-41e7-bef0-aef68e1fa47a,3212.54,3385,89000000,512000000,172.16
2025-12-06 23:44:27.172,5a3727aa-af20-4601-8405-d825e8430af0,3244.44,3426,90000000,512000000,181.34
2025-12-06 23:44:27.167,17ee756d-851e-4159-bd78-5c2b30d6912a,3248.22,3419,89000000,512000000,170.16
2025-12-06 23:44:27.167,94b17945-571f-47fe-a23e-8ad1b0b90ad5,3316.02,3493,91000000,512000000,176.89
2025-12-06 23:44:27.167,1617d0c2-6116-421a-9cb5-9aa5f6207484,3233.73,3410,89000000,512000000,175.72
2025-12-06 23:44:27.166,9f2f444b-5246-4b99-95e6-811fe2a065cc,3204.86,3376,89000000,512000000,170.73
2025-12-06 23:44:27.166,01a4b22d-2431-4ac3-afde-90fd8e61a797,3229.31,3397,90000000,512000000,167.67
2025-12-06 23:44:27.161,9557195b-5c73-4909-8c6f-3a1019cb814d,3217.07,3412,91000000,512000000,194.32
2025-12-06 23:44:27.161,093f4ad6-35d9-45b6-8e5e-678b606f71ad,3251.83,3415,91000000,512000000,163.12
2025-12-06 23:44:27.157,591f0796-d985-4f5a-aa73-cab4f71a0e97,3223.38,3407,90000000,512000000,183.31
2025-12-06 23:44:27.155,82e0c6ca-10b7-4639-b0a3-a4c9ef0d7e83,3239.85,3416,89000000,512000000,175.99
2025-12-06 23:44:27.154,1d9db5da-d2bf-4a32-aa56-18cde3e90f9b,3201.66,3380,89000000,512000000,178.01
2025-12-06 23:44:27.151,fe636e28-f902-4876-bb70-d716918c3023,3230.84,3407,90000000,512000000,175.17
2025-12-06 23:44:27.146,af4dae94-5f40-4e3e-a65c-b139260f8452,3224.51,3404,93000000,512000000,178.63
2025-12-06 23:44:27.142,956e1843-e9fe-4e69-aeb1-3d0412f7f19e,3199.8,3397,89000000,512000000,196.3
2025-12-06 23:44:27.140,350befde-da9e-44bd-8bff-9952ed94d9f1,3213.14,3389,89000000,512000000,175.66
2025-12-06 23:44:27.140,ab2823d9-ac93-4ffb-9fe5-c0159be85bab,3208.95,3388,90000000,512000000,178.74
2025-12-06 23:44:27.139,b35bc68a-3992-42f5-a261-dbd5dc27360c,3223.81,3403,91000000,512000000,178.71
2025-12-06 23:44:27.136,a15c18f5-a508-422f-8370-eaeca10386d0,3255.97,3435,89000000,512000000,178.88
2025-12-06 23:44:27.133,43ee16a4-b90b-4f0c-96e7-6c24a8a9d7df,3205.11,3379,90000000,512000000,173.36
2025-12-06 23:44:27.131,be5ec810-8c92-44a9-9a14-711e1ce8d6a5,3243.53,3420,91000000,512000000,176.35
2025-12-06 23:44:27.123,78e2c446-466a-40c6-9d7f-f2ca4dd8e56f,3210.4,3411,89000000,512000000,199.96
2025-12-06 23:44:27.123,2b4f53e3-bfa1-432c-abab-5fd7d1827633,3243.39,3411,89000000,512000000,167.14
2025-12-06 23:44:27.121,e24a00a9-0809-4680-9345-01118f888811,3237.97,3413,89000000,512000000,174.36
2025-12-06 23:44:27.120,b58590be-72e6-4f14-b8c8-6f93d119b0e3,3209.27,3376,89000000,512000000,166.22
2025-12-06 23:44:27.116,b947e715-3750-4ba2-82a0-0d17f179b0d9,3261.66,3439,89000000,512000000,176.83
2025-12-06 23:44:27.116,709973db-eca5-4895-9671-c9c9c2f1e474,3220.93,3392,89000000,512000000,170.4
2025-12-06 23:44:27.113,401a3533-fde8-4b03-a38d-37b344da36ac,3202.91,3379,92000000,512000000,175.49
2025-12-06 23:44:27.113,6ab384a5-c30c-49e4-8205-d5c6eab779e6,3175.4,3375,89000000,512000000,198.88
2025-12-06 23:44:27.112,38531944-25a3-435e-9afa-2b149e814e9d,3203.31,3379,89000000,512000000,174.93
2025-12-06 23:44:27.112,91dc70ee-72fd-4e38-8de4-27f4b61939ff,3153.28,3340,89000000,512000000,185.74
2025-12-06 23:44:27.111,0b9554dd-506a-4fcd-931e-cfc28743a68f,3208.05,3375,89000000,512000000,166.72
2025-12-06 23:44:27.110,91710faf-ccc1-41d3-9daf-03b104f5ffcb,3167.59,3349,89000000,512000000,180.9
2025-12-06 23:44:27.110,c5564d27-df51-44fd-a3dd-97bfdf595186,3203.48,3372,89000000,512000000,167.69
2025-12-06 23:44:27.109,ebda3f2f-4104-45ab-a6db-a04efd351d2e,3182.84,3360,92000000,512000000,176.66
2025-12-06 23:44:27.107,adf0e4f3-da3d-4fdd-8de6-5dcb023195a8,3181.35,3361,89000000,512000000,179.47
2025-12-06 23:44:27.106,8f0eba5c-566e-468d-94f2-264e0ba2b5a0,3140.59,3328,89000000,512000000,186.7
2025-12-06 23:44:27.103,bc24aaab-00c6-455e-9ed1-9ddf7f257d7b,3196.2,3370,91000000,512000000,173.64
2025-12-06 23:44:27.102,431519e4-77ff-44cf-b7a6-c071aa293173,3240.64,3416,89000000,512000000,174.38
2025-12-06 23:44:27.101,54175f6d-a828-4e47-9235-326b1627581f,3187.32,3358,89000000,512000000,170.29
2025-12-06 23:44:27.100,00d6d59b-b5c6-4d98-86be-a7f9e41c1d74,3240.38,3412,90000000,512000000,171.41
2025-12-06 23:44:27.097,d78f74bc-19e5-4f9e-be5a-7b648ed2c6ab,3211.98,3388,89000000,512000000,175.73
2025-12-06 23:44:27.095,2d40f208-1985-4e8f-a346-65388b2b6ee1,3156.5,3328,89000000,512000000,171.12
2025-12-06 23:44:27.095,62543fe7-11be-4291-8179-f414deb3c9f2,3196.59,3361,90000000,512000000,163.41
2025-12-06 23:44:27.094,1a4924e9-30f9-44f7-b53a-2937eded051e,3143.78,3340,90000000,512000000,195.88
2025-12-06 23:44:27.093,28b53963-a65f-4c14-aab0-a56beb5d265c,3176.97,3343,90000000,512000000,165.61
2025-12-06 23:44:27.093,b387edb4-533f-4f0f-b379-024e28dfc1e7,3178.65,3355,89000000,512000000,175.63
2025-12-06 23:44:27.093,b5eb2388-e615-4e9b-b9ee-9c5c68ea0439,3188.41,3351,89000000,512000000,161.62
2025-12-06 23:44:27.086,bc39e2e8-f2ee-4328-a7e7-62cb9b3b0a0c,3196.11,3400,89000000,512000000,202.9
2025-12-06 23:44:27.085,b390c1be-7818-43bb-8dfd-e8067f335cba,3181.51,3351,89000000,512000000,169.02
2025-12-06 23:44:27.080,ac771f46-39da-4249-8d0e-44d3497f01b2,3173.63,3343,90000000,512000000,168.38
2025-12-06 23:44:27.077,3ec05924-61e4-4a61-a2fb-6e81e813822f,3202.61,3371,90000000,512000000,168.12
2025-12-06 23:44:27.077,26c9c794-5662-47f9-81e0-d18a8712caef,3167.3,3337,93000000,512000000,169.6
2025-12-06 23:44:27.076,117ef0f4-c2c0-4a0f-a29e-b847126c2396,3169.16,3340,89000000,512000000,170.03
2025-12-06 23:44:27.074,4876f6e2-7d15-47e9-8c53-bb4934ad17f6,3167.67,3343,89000000,512000000,174.76
2025-12-06 23:44:27.071,127bd2b8-c5d2-4111-9a8b-0ca0dac850d1,3183.78,3356,89000000,512000000,171.3
2025-12-06 23:44:27.071,c5e56f88-6bf6-4176-ad96-30da0082b41d,3149.24,3330,90000000,512000000,180.07
2025-12-06 23:44:27.065,08ece267-e7f3-4bb8-8e41-c66aecd6bc67,3156.92,3328,89000000,512000000,170.59
2025-12-06 23:44:27.065,d37af250-6696-4a3b-b5b7-bd359cc3ca94,3132.01,3308,89000000,512000000,175.26
2025-12-06 23:44:27.062,22879c52-652f-4c11-9a42-d49c6d386948,3096.14,3262,89000000,512000000,164.89
2025-12-06 23:44:27.061,0a251b88-7347-461f-9859-b180946d04a5,3190.75,3375,89000000,512000000,183.57
2025-12-06 23:44:27.061,ee3f609e-4ff6-446c-be91-df886911844f,3149.03,3325,89000000,512000000,175.48
2025-12-06 23:44:27.060,12be173c-3560-4636-abe2-e8bb66ee58e1,3164.5,3338,89000000,512000000,173.24
2025-12-06 23:44:27.059,2799166e-45e0-45a4-8abd-3a7e21dc5482,3153.33,3317,91000000,512000000,163.42
2025-12-06 23:44:27.053,195acd7d-d957-40df-9b5d-466785fc13b5,3180,3347,89000000,512000000,166.47
2025-12-06 23:44:27.052,6c2db88b-f0ad-4a3a-941a-bb6d8b9e4dc2,3151.81,3321,89000000,512000000,168.52
2025-12-06 23:44:27.052,41342709-7a3e-420e-a639-5ea6e444a2c0,3122.49,3289,89000000,512000000,165.6
2025-12-06 23:44:27.051,2d6be8d0-ea19-466b-8804-a3c9d978afe0,3158.14,3328,89000000,512000000,169.65
2025-12-06 23:44:27.050,5fd029b5-d0cc-456b-82c3-91d6de47e70c,3132.13,3313,89000000,512000000,180
2025-12-06 23:44:27.046,3b4d59d5-7444-4e7a-b2b0-9ec9bce1041e,3111.18,3291,91000000,512000000,179.73
2025-12-06 23:44:27.045,38bbb7d4-0b72-4e65-8972-addc8394d800,3151.53,3319,89000000,512000000,166.74
2025-12-06 23:44:27.045,eb4d42b0-9b48-4a51-830f-01e9dcc8c1ce,3151.03,3320,89000000,512000000,168.85
2025-12-06 23:44:27.045,fd47b38f-8ec0-4ad1-918e-df480acdc1f2,3072.56,3254,89000000,512000000,180.98
2025-12-06 23:44:27.043,e2064729-9ca5-4109-8570-20493b29c687,3069.37,3241,89000000,512000000,171.52
2025-12-06 23:44:27.042,0915f199-ce47-40f5-9e9b-1759d7b16a1f,3135.55,3307,90000000,512000000,171.4
2025-12-06 23:44:27.041,a6cbe374-3a2c-4666-b3bf-dd4bf83d5863,3124.32,3299,89000000,512000000,174.07
2025-12-06 23:44:27.040,da70a63f-3a86-417c-8db7-3611b9efd0f4,3089.59,3265,89000000,512000000,174.91
2025-12-06 23:44:27.039,bbc2730f-999f-4ab8-9a1a-950e61309f1c,3158.58,3329,90000000,512000000,169.46
2025-12-06 23:44:27.039,18e56f60-c416-4a8e-bbae-69371f1e8881,3111.57,3275,89000000,512000000,163.3
2025-12-06 23:44:27.038,84d59392-b5b6-4e92-bc4e-1428dfffe397,3137.96,3303,89000000,512000000,164.12
2025-12-06 23:44:27.035,d7836907-f3a9-4a08-9d2c-bd5b9ccab1d0,3122.99,3295,89000000,512000000,171.37
2025-12-06 23:44:27.034,f8d5e33e-06ea-47d3-82c0-cd31917be52d,3122.22,3304,89000000,512000000,181.77
2025-12-06 23:44:27.033,b8689f8f-623d-4036-b901-fa16d3502c5a,3156.04,3329,89000000,512000000,172.43
2025-12-06 23:44:27.033,a40787a6-e189-4885-9a3b-df9b0f5b34e5,3126.13,3294,89000000,512000000,166.97
2025-12-06 23:44:27.033,80e37880-4d12-448d-aa13-29338b6505b4,3160.97,3325,89000000,512000000,163.32
2025-12-06 23:44:27.032,a5d19689-d436-4297-8d5f-de50ebe9bbf2,3160.42,3331,89000000,512000000,170.48
2025-12-06 23:44:27.026,5f9492ea-96c1-41a0-b585-ee62d640be9a,3090.93,3283,89000000,512000000,191.11
2025-12-06 23:44:27.026,637027af-7263-4b0d-a37c-f6098081fc3b,3136.81,3308,89000000,512000000,170.2
2025-12-06 23:44:27.025,e38feca0-1ffa-450b-a284-f7189732f874,3129.26,3298,89000000,512000000,168.69
2025-12-06 23:44:27.025,e26820d9-862e-46e2-b19e-1e8104bb2c44,3127.44,3314,89000000,512000000,186.09
2025-12-06 23:44:27.024,951118e5-66a6-494c-9614-692beb09f65f,3143.49,3314,89000000,512000000,169.81
2025-12-06 23:44:27.024,577975d9-ecf5-4824-a568-b83eb7fb6680,3126.64,3296,90000000,512000000,168.52
2025-12-06 23:44:27.022,938e5295-c6a8-4161-989f-c351614d1aaa,3096.75,3277,89000000,512000000,179.64
2025-12-06 23:44:27.022,7bbaaaf8-a94d-4c5a-99f4-fb27f97986de,3091.27,3261,89000000,512000000,169.52
2025-12-06 23:44:27.021,243e0206-1625-46f2-b8e2-1b0965f8a0de,3111.09,3287,89000000,512000000,175.04
2025-12-06 23:44:27.021,33029060-9a54-4ff1-8285-1d846fdd2d50,3116.62,3286,90000000,512000000,168.49
2025-12-06 23:44:27.021,231bac12-3566-4472-8ec5-31da1eb79802,3122.59,3299,89000000,512000000,175.57
2025-12-06 23:44:27.021,a7ae232a-c80b-4024-aa7e-4ce0a5c84c8b,3119.56,3285,89000000,512000000,165.39
2025-12-06 23:44:27.020,29ec990c-71ac-4bdb-936b-6034722ce943,3134.43,3310,91000000,512000000,175.26
2025-12-06 23:44:27.019,e23ff541-0d77-4030-af87-4ab9dccf5b59,3110.87,3280,89000000,512000000,168.15
2025-12-06 23:44:27.017,f6625223-3b5c-41f2-832e-817aa82b06f1,3152.23,3319,89000000,512000000,166.08
2025-12-06 23:44:27.017,4ef60710-754f-45f9-94f0-9a0bf5d5312b,3138.51,3312,89000000,512000000,172.73
2025-12-06 23:44:27.012,f94ebbb6-171b-49e5-a5a4-f3360ef7d34d,3094.92,3265,91000000,512000000,169.52
2025-12-06 23:44:27.011,414f8ab2-514e-46bd-af5a-f821e19def48,3093.41,3270,90000000,512000000,176.44
2025-12-06 23:44:27.010,36155c94-c275-45e1-8f12-bb6e9ade23bd,3147.3,3323,89000000,512000000,174.95
2025-12-06 23:44:27.010,4e103006-7dcc-4cd1-9c89-6c72f30c59f7,3065.23,3237,90000000,512000000,171.35
2025-12-06 23:44:27.005,47196d30-6974-4e1d-8ef2-64765eac9291,3122.79,3298,89000000,512000000,174.54
2025-12-06 23:44:27.005,ee3d4659-742b-4e0b-9eea-840b611a55f4,3104.74,3270,90000000,512000000,165.05
2025-12-06 23:44:27.004,c7465bd7-3711-4928-972a-ccc1be1adc14,3151.56,3317,89000000,512000000,164.56
2025-12-06 23:44:27.003,aadbc45a-9b01-448e-ab47-f14ffd199ed3,3026.8,3193,89000000,512000000,165.41
2025-12-06 23:44:27.000,24061e65-def0-411b-b1a4-2abb75bbd146,3111.26,3290,89000000,512000000,178.26
2025-12-06 23:44:27.000,445da6e2-c2c3-40a2-bbcd-be81a23010ca,3025.1,3202,90000000,512000000,176.6
2025-12-06 23:44:26.998,89554a15-7c9f-465f-8724-50f422bc47f9,3074.57,3222,91000000,512000000,146.77
2025-12-06 23:44:26.997,fcfadde5-fbd3-457e-aa4f-e2b5d4e1bdfa,3097,3266,90000000,512000000,168.01
2025-12-06 23:44:26.997,d624b4fc-74e2-4d00-b14d-33941dc52ae7,3107.41,3276,90000000,512000000,168.34
2025-12-06 23:44:26.996,85eabe47-97a1-427a-8604-91a927ef5776,3149.11,3318,89000000,512000000,168.75
2025-12-06 23:44:26.994,bc72ce6b-fe84-4d19-8975-1914ff3e557b,3123.38,3291,90000000,512000000,167.23
2025-12-06 23:44:26.993,9fdc2f64-fe45-4691-b9e3-6c59f1b71bb2,3084.17,3251,89000000,512000000,166.2
2025-12-06 23:44:26.993,55d02021-90eb-47af-ac29-f6e059860e61,3084.88,3256,89000000,512000000,170.59
2025-12-06 23:44:26.993,1bfea1c6-b3eb-489d-a6ef-55a127378c73,3096.52,3267,89000000,512000000,169.84
2025-12-06 23:44:26.992,e39b83b3-c990-40a5-b9f0-f243b3791965,3126.21,3290,92000000,512000000,162.8
2025-12-06 23:44:26.991,b3312017-bda7-4e81-9918-a6c1a8429a59,3124.32,3305,89000000,512000000,180.2
2025-12-06 23:44:26.990,d3429fd4-40dd-42df-b2f5-1f7e974a52dc,3128.97,3307,89000000,512000000,177.41
2025-12-06 23:44:26.990,bd1e6287-8490-41c0-8d45-d3009bd12a05,3075.67,3244,89000000,512000000,168.04
2025-12-06 23:44:26.990,bc49fa1b-c06e-4468-9929-22b389b18c0e,3094.97,3269,89000000,512000000,173.55
2025-12-06 23:44:26.987,d23b91cd-a12a-458d-8018-5b19252ca9b5,3090.81,3257,89000000,512000000,165.69
2025-12-06 23:44:26.986,f1b67ead-f05f-4f95-a623-4df8c8127658,3103.92,3274,90000000,512000000,169.98
2025-12-06 23:44:26.985,7cec4986-c996-45af-b273-6cf139939cdd,3122.1,3291,89000000,512000000,168.22
2025-12-06 23:44:26.985,4b9be2f3-fc27-48aa-9dcb-184c4c7ab27e,3076.84,3244,90000000,512000000,166.92
2025-12-06 23:44:26.982,929bcb9b-d78f-431f-96b5-565c07057540,3071.31,3244,89000000,512000000,172.08
2025-12-06 23:44:26.982,6cfac8a9-ff95-4874-b684-eb943a82c2c8,3112.9,3284,89000000,512000000,170.8
2025-12-06 23:44:26.981,f17edd04-5af4-453e-be81-1724e811ba4c,3121.66,3292,89000000,512000000,170.11
2025-12-06 23:44:26.980,3418e672-7eb9-4eb8-a62a-d4af4f610d5a,3070.54,3260,90000000,512000000,189.12
2025-12-06 23:44:26.979,a7e9354e-b167-408f-8052-5e87e1607137,3081.99,3257,89000000,512000000,174.26
2025-12-06 23:44:26.979,bb0c2eca-4a5c-4c19-be54-1e1cf5df2b6b,3079.89,3248,89000000,512000000,167.72
2025-12-06 23:44:26.975,a1727b0a-ad03-4948-9614-0e753ee31fff,3124.53,3294,89000000,512000000,168.91
2025-12-06 23:44:26.975,3b1f4d46-ce8f-42c0-a9cd-75a9fa56ca2d,3121.53,3297,89000000,512000000,175.4
2025-12-06 23:44:26.973,e53e4141-0ef0-46af-a689-7f06026967ce,3054.85,3228,89000000,512000000,172.43
2025-12-06 23:44:26.972,078fbeba-c5ec-4522-bb7f-1f261a40e9af,3086.61,3268,89000000,512000000,180.48
2025-12-06 23:44:26.972,7db732dc-5ae0-4ed9-aa1d-58f04f67ec6e,3090.36,3254,92000000,512000000,163.34
2025-12-06 23:44:26.967,2d91a765-e60a-4b38-b151-5c30ca1f1ad6,3082.4,3252,89000000,512000000,169.2
2025-12-06 23:44:26.966,bacc7360-6b23-4ce1-8d02-4ffe945a33d5,3045.55,3214,89000000,512000000,168.36
2025-12-06 23:44:26.965,c2f67a26-d7ee-443c-be31-0dce61e9286c,3037.57,3214,90000000,512000000,175.46
2025-12-06 23:44:26.964,f7bbb4f3-88f3-492f-b285-885c5e143e01,3034.82,3218,89000000,512000000,182.36
2025-12-06 23:44:26.964,190527cd-c206-4d16-8b0c-fb70661a5680,3087,3256,89000000,512000000,168.32
2025-12-06 23:44:26.963,f7f73f48-c63d-4b12-8dc3-7190982e5b55,3084.8,3252,91000000,512000000,166.79
2025-12-06 23:44:26.962,abfbb576-56d1-40cc-b5ba-858d9519300b,3081.94,3251,89000000,512000000,168.65
2025-12-06 23:44:26.960,d79e5a52-62bb-4cfc-9dfc-46c58d04ad81,3068.29,3234,89000000,512000000,165.27
2025-12-06 23:44:26.959,599a6ecb-188e-445f-b62d-22d7724f13c9,3059.89,3226,89000000,512000000,165.93
2025-12-06 23:44:26.958,67ab2f20-7878-473f-a498-c65737ffceb9,3073.89,3250,89000000,512000000,176.04
2025-12-06 23:44:26.957,8321f469-a63e-4a37-8c05-6024036d7a0e,3061.68,3227,90000000,512000000,165.08
2025-12-06 23:44:26.956,3fc69e3c-cdb9-4f61-a401-9bee5040bf73,3102.2,3274,92000000,512000000,171.6
2025-12-06 23:44:26.956,5a369523-bf04-47ae-8db9-db7202d1309a,3085.36,3269,89000000,512000000,183.28
2025-12-06 23:44:26.954,84943d6e-5f39-4d5d-b5d4-e151648d0bdf,3074.78,3245,89000000,512000000,169.64
2025-12-06 23:44:26.954,6ae4edd8-c1ad-4e28-9d5a-5723ea6160d7,3060.78,3235,89000000,512000000,173.64
2025-12-06 23:44:26.952,3b57f5a2-8be0-4f1d-8970-4e817c601eac,3061.62,3235,89000000,512000000,172.6
2025-12-06 23:44:26.951,4d88afd5-c35e-4079-bcba-d43fe6175ef1,3035.36,3198,89000000,512000000,162.21
2025-12-06 23:44:26.949,871980da-aab5-4ed8-a887-f211400836cb,3082.15,3259,89000000,512000000,176.53
2025-12-06 23:44:26.948,7792f2ea-6d5d-4bef-ae56-2350b3659b9f,3063.64,3229,91000000,512000000,164.93
2025-12-06 23:44:26.947,6b97e83e-359f-4047-9a6c-3d3dc5a671f0,3041.93,3210,89000000,512000000,168.05
2025-12-06 23:44:26.945,23b45714-5e1e-4eff-bb6d-028e2892d42b,3082.41,3242,90000000,512000000,158.66
2025-12-06 23:44:26.945,50c19dd1-a29b-4ecf-a80f-31f780af03d8,3041.97,3205,89000000,512000000,162.24
2025-12-06 23:44:26.943,bb633df7-d219-4f14-a292-185d8be6b430,3070.92,3233,90000000,512000000,161.7
2025-12-06 23:44:26.942,adde247e-701c-4ec7-a1cb-7945041b6fa8,3031.03,3198,89000000,512000000,166.93
2025-12-06 23:44:26.941,ceb912f1-12b6-4d3d-a6a5-b7d77630760d,3071.26,3252,89000000,512000000,180.62
2025-12-06 23:44:26.940,f9a008e1-1ad2-4bcc-b5e5-caf46c2f0920,3014.76,3183,89000000,512000000,167.65
2025-12-06 23:44:26.940,f3f7691f-6f44-48e0-9321-90884baadb78,3074.55,3246,89000000,512000000,170.85
2025-12-06 23:44:26.939,ff5d53b0-ef52-41bc-a9b3-4cafda35eba8,3069.12,3250,89000000,512000000,180.23
2025-12-06 23:44:26.932,254e691c-5fb3-4769-91a7-a29f8cc875f7,3076.15,3243,89000000,512000000,166.7
2025-12-06 23:44:26.931,d2d14102-09b3-4ead-8871-11d89b0df567,3044.46,3215,89000000,512000000,170.44
2025-12-06 23:44:26.930,5fac4c85-a309-4744-a9cf-8a34b1ab6887,3076.47,3243,89000000,512000000,166.03
2025-12-06 23:44:26.930,056690c4-dae9-4ab6-bc39-6a48703462ef,3080.71,3241,89000000,512000000,160.25
2025-12-06 23:44:26.927,c3bbe985-d55d-41cf-a372-25b1babbb791,3054.79,3220,89000000,512000000,165.04
2025-12-06 23:44:26.926,56070ff3-7bd8-48a4-b213-e75a372848bb,3017.42,3184,89000000,512000000,165.63
2025-12-06 23:44:26.926,ed482fa7-6575-421b-afd4-a1a7de6a6a87,3046.58,3218,89000000,512000000,170.68
2025-12-06 23:44:26.926,4a290889-a76e-4a3d-9f0a-637424d6c3c7,3083.49,3233,89000000,512000000,148.84
2025-12-06 23:44:26.926,995094c0-4cc0-4fc4-b754-e3fe40b6ba26,3049.51,3218,89000000,512000000,168.11
2025-12-06 23:44:26.925,1e8660f6-94b9-426a-b6fa-646f0295ea74,3070.79,3243,89000000,512000000,171.93
2025-12-06 23:44:26.924,b726e988-6202-496b-8ba4-a97f5b530100,3044.66,3215,89000000,512000000,170.34
2025-12-06 23:44:26.924,d64f2ae3-f91f-49bf-9c1d-9c21e75f4080,3040.92,3215,89000000,512000000,173.35
2025-12-06 23:44:26.922,cc6b9a0e-1fb1-4252-8fe4-c8feabffc77b,3004.51,3174,89000000,512000000,169.04
2025-12-06 23:44:26.921,f1d51e50-7f23-4844-ba98-900e8f0d5d73,2983.24,3153,89000000,512000000,168.89
2025-12-06 23:44:26.920,6111f8ff-03cc-4a30-98ab-ed88a349f043,3041.24,3211,89000000,512000000,169.51
2025-12-06 23:44:26.917,a4b5403c-3904-40ef-a3e9-23ffec448bfd,3076.97,3244,89000000,512000000,166.15
2025-12-06 23:44:26.914,0bbb1504-b3b9-4202-8a60-1d70a4ad711a,3045.59,3221,89000000,512000000,175.35
2025-12-06 23:44:26.912,44ecd4c4-0ce2-46cb-942e-edf3f70e78dd,3040.18,3190,89000000,512000000,149.15
2025-12-06 23:44:26.911,26f81775-7d2e-4734-8ede-ba1a24824f47,2971.35,3137,89000000,512000000,165.58
2025-12-06 23:44:26.911,f8b12436-ad96-4e5f-938c-2ceb39db5560,3054.74,3208,89000000,512000000,152.32
2025-12-06 23:44:26.909,d13f2df1-c2a5-4d2d-b1fd-a09bc2133cb4,3051.05,3232,89000000,512000000,180.94
2025-12-06 23:44:26.907,b6383278-9610-42a5-9c09-aab03a320513,3037.93,3205,89000000,512000000,166.19
2025-12-06 23:44:26.905,c624db81-f4bc-4a22-bd7a-00ae9f9764f1,3036.63,3198,89000000,512000000,160.63
2025-12-06 23:44:26.905,a6c49614-7f9e-44c3-9fca-57080f9ae540,2964.35,3134,90000000,512000000,169.57
2025-12-06 23:44:26.905,dccaf5f5-cde8-4b84-b49c-9bdeac0abe6d,2997.66,3162,91000000,512000000,163.47
2025-12-06 23:44:26.902,40dec25e-294e-4b7a-ad8b-13bde9125eb7,3006.41,3174,89000000,512000000,166.94
2025-12-06 23:44:26.902,eed1060f-a9f3-492f-8ebb-e17fc8c56704,2956.34,3130,89000000,512000000,173.59
2025-12-06 23:44:26.901,02baf13d-01fa-43ff-be4f-2ae9af9bb549,3026.09,3195,89000000,512000000,168.42
2025-12-06 23:44:26.901,cfba584a-5023-4278-ac0f-ac64c9e1a06b,3029.91,3180,89000000,512000000,149.86
2025-12-06 23:44:26.898,25d9e5f5-9138-49d2-b5b8-2dc33d41de2c,3048.94,3193,89000000,512000000,143.25
2025-12-06 23:44:26.898,7d9ebaa6-6c06-4c53-8ebf-c6bd2f4ea0f8,3005.92,3174,89000000,512000000,167.85
2025-12-06 23:44:26.897,4d18f51d-753f-4ba4-b67d-53a73857aaa4,3003.84,3181,89000000,512000000,176.77
2025-12-06 23:44:26.896,be34152d-2072-4dc6-9f0c-9c64312bd1be,3043.04,3207,89000000,512000000,163.74
2025-12-06 23:44:26.892,73274f8f-61e9-4f90-bd01-a3db0f6103ab,3011.16,3183,90000000,512000000,170.91
2025-12-06 23:44:26.892,751d75cb-f30d-467c-9d80-19a231928a5a,3023.32,3189,89000000,512000000,164.76
2025-12-06 23:44:26.891,3eb186e7-c4b3-47a6-bf45-7e7bc767fa22,3003.11,3166,89000000,512000000,161.97
2025-12-06 23:44:26.890,73035147-d356-47cb-a233-78b6a8dc3c81,2988.47,3153,89000000,512000000,163.62
2025-12-06 23:44:26.887,314bd7a4-761e-48f8-8809-3c589d12f051,2992.1,3157,91000000,512000000,164.82
2025-12-06 23:44:26.886,ce4f623f-0d88-4a96-8afa-91454845ef8e,3025.66,3197,91000000,512000000,170.92
2025-12-06 23:44:26.882,e0b168b2-482f-4a3f-9c5a-fe268a9ff183,2969.53,3139,89000000,512000000,169.44
2025-12-06 23:44:26.881,0a27fe7b-1adc-47df-8b59-36a76301161a,3011.16,3172,89000000,512000000,160.8
2025-12-06 23:44:26.880,484b91b5-81a0-4f6e-8ae0-653acd815839,3007.49,3175,89000000,512000000,167.18
2025-12-06 23:44:26.879,e5afc497-b0d3-47f0-b318-9f8f435b42af,2989.93,3156,89000000,512000000,165.5
2025-12-06 23:44:26.876,91630dc6-e916-49e8-b6b5-e8b46d2e43e6,2991.25,3149,89000000,512000000,157.1
2025-12-06 23:44:26.876,832a124f-1be9-4fab-b46e-f48f2115fc5c,2967.12,3131,90000000,512000000,163.85
2025-12-06 23:44:26.874,64425338-154f-449f-9cd6-01e283b64599,2972.69,3137,89000000,512000000,164.01
2025-12-06 23:44:26.861,51784a3e-254b-4586-8be9-ff3d4fdf4e11,2988.86,3157,89000000,512000000,167.77
2025-12-06 23:44:26.858,6f33f45b-0999-4e45-a901-cb7e8d185a82,2985.02,3133,90000000,512000000,147.66
2025-12-06 23:44:26.853,a12d2447-b810-40bc-83ed-e49012eb8fea,2946.66,3110,89000000,512000000,162.82
2025-12-06 23:44:26.851,114bf124-10b3-4eba-9b34-19773bdd57a1,3002.96,3172,89000000,512000000,168.04
2025-12-06 23:44:26.849,ebf7bb45-b54b-4c55-bc6f-d3c8aca792c7,3005.17,3173,89000000,512000000,167.38
2025-12-06 23:44:26.847,1afac03b-32b4-4cc7-996c-567dfa222bab,2956.82,3122,89000000,512000000,164.77
2025-12-06 23:44:26.843,c745c8b2-0501-4705-b45d-0b7ebfd9af98,3001.52,3168,89000000,512000000,165.69
2025-12-06 23:44:26.835,2b784146-4393-4150-8ddf-1d798280d940,2963.63,3127,88000000,512000000,163.18
2025-12-06 23:44:26.835,ef6c56b4-3c3c-4ea2-82f5-9cb7c105bd6a,2926.47,3079,89000000,512000000,152.09
2025-12-06 23:44:26.833,4fcc1eae-cf7b-4ef2-a2b5-c64db46088a3,2928.5,3079,89000000,512000000,149.82
2025-12-06 23:44:26.829,2fab3e6f-09b8-47a4-ace9-cdad450e36b9,2881.14,3059,89000000,512000000,177.84
2025-12-06 23:44:26.829,3d73056f-1c96-4806-b6ab-f5d4185b6d0f,2973.99,3148,89000000,512000000,173.14
2025-12-06 23:44:26.818,1ceaf282-be76-4884-8ab7-107ba08aebfa,2910.89,3077,89000000,512000000,165.18
2025-12-06 23:44:26.811,70028e58-39a7-430b-b929-322512f5e1c4,2938.08,3106,89000000,512000000,167.52
2025-12-06 23:44:26.807,6ecb3db0-765e-44cb-90ea-1ce6fdc5d043,2949.03,3091,89000000,512000000,141.56
2025-12-06 23:44:26.806,676f2bb1-fac4-4391-ae86-66dc30c63be5,2962.34,3110,89000000,512000000,147.11
2025-12-06 23:44:26.806,1b94c1e9-1aba-4439-b6f1-47396a4be24e,2927.16,3099,89000000,512000000,171.08
2025-12-06 23:44:26.782,8005b318-3546-4529-99c0-ed3ea82f8d24,2906.99,3069,89000000,512000000,161.91
2025-12-06 23:44:26.781,067a9cbc-2c3c-45f6-bd26-bda338b4e189,2922.65,3066,89000000,512000000,142.77
2025-12-06 23:44:26.781,21614efe-6fb6-41e7-8114-7b9c90bfb0c7,2910.09,3053,89000000,512000000,142.08
2025-12-06 23:44:26.768,1ffa0105-edc3-455d-9c3c-1c72442757fa,2862.35,3027,90000000,512000000,163.68
2025-12-06 23:44:26.756,dc74e13b-e76a-4bf5-a167-2a5a0789b466,2893.39,3054,89000000,512000000,159.94
2025-12-06 23:44:26.752,8a6edc1c-3abe-427a-b8ba-15badcc434a8,2866.22,3012,90000000,512000000,144.84
2025-12-06 23:44:26.751,3e17508b-8757-4854-9f2b-cbadfe93ed88,2799.52,2938,93000000,512000000,138.24
2025-12-06 23:44:26.746,bddc3f89-c70f-4ce5-8eaa-c187620db104,2874.27,3040,89000000,512000000,165.72
2025-12-06 23:44:26.692,fcec50b4-385e-41a2-8ba9-f795fc95a894,2843.39,3012,89000000,512000000,167.89
2025-12-06 23:44:26.687,041ae7ac-fc92-482a-b37c-da45980fc5fb,2825.51,2991,91000000,512000000,165.38
2025-12-06 23:44:26.671,e83de309-f126-4c69-a2c6-67164bcaf4a4,2733.96,2873,90000000,512000000,138.78
2025-12-06 23:44:26.656,2dce8df3-d7a1-4ab7-bbc3-1be83d775fb4,2733.88,2873,92000000,512000000,139.11
2025-12-06 23:44:26.650,09477a3b-05bb-4c42-a977-8179a23ff604,2795.78,2939,90000000,512000000,142.22
2025-12-06 23:44:26.650,772d1984-36bc-4ec9-bed3-6e8a72758288,2805.05,2963,89000000,512000000,157.7
2025-12-06 23:44:26.648,af5a04bf-61bc-4da8-828a-81644147db3c,2782.7,2953,89000000,512000000,169.4
2025-12-06 23:44:26.613,660ccd18-d44b-47e4-91eb-69cfd3e323e2,2714.63,2874,89000000,512000000,158.44
2025-12-06 23:44:26.603,bf1a1440-1c52-4b21-b9de-c159898947fe,2743.99,2891,91000000,512000000,146.55
2025-12-06 23:44:26.602,d867b4de-4f06-4e94-9637-a2fa539d98b4,2718.9,2866,90000000,512000000,146.18
2025-12-06 23:44:26.600,9acfc8a6-b390-4e6b-8e07-c009ca751c82,2764.38,2911,90000000,512000000,146.23
2025-12-06 23:44:26.590,6b08b0db-f239-4b07-9498-3c47aa83e898,2694.89,2852,89000000,512000000,157.1
2025-12-06 23:44:26.581,9d1ad373-826a-473f-993f-ea099d788609,2714.3,2863,89000000,512000000,148.24
2025-12-06 23:44:26.579,3d5fb444-c204-44bc-aa79-84a38f6ec9c7,2746.92,2887,89000000,512000000,139.8
2025-12-06 23:44:26.576,e735af3f-a6f3-4d88-a8a7-3c108ba87854,2734.21,2887,89000000,512000000,152.09
2025-12-06 23:44:26.574,3e0b5835-b240-4cde-a8db-c38acd0a1c52,2696.88,2857,92000000,512000000,159.64
2025-12-06 23:44:26.569,c6462a07-4e45-400c-87d4-cfa56bd717f7,2706.79,2856,89000000,512000000,149.11
2025-12-06 23:44:26.565,f6df5dbb-37ea-41a3-b861-2b874121bac6,2628.64,2769,89000000,512000000,140.33
2025-12-06 23:44:26.563,374852e1-5600-4d78-93cd-0a67c33caee2,2710.51,2857,89000000,512000000,145.51
2025-12-06 23:44:26.548,a30b2d92-c6c9-4c46-8703-d05a8faf58c8,2703.2,2846,92000000,512000000,142.23
2025-12-06 23:44:26.546,fa0ffb20-e3d8-4830-ba4a-cbfcb9b1578d,2654.5,2797,89000000,512000000,142.33
2025-12-06 23:44:26.538,a0c232c2-b0ea-46d0-afef-26a17d40cb0f,2690.67,2831,93000000,512000000,139.88
2025-12-06 23:44:26.534,72637a07-881a-4c0b-b7db-92d74044ce57,2655.5,2804,89000000,512000000,148.34
2025-12-06 23:44:26.532,e9ee1f34-ccaa-41f7-889f-8592e1552d45,2665.97,2810,89000000,512000000,143.19
2025-12-06 23:44:26.531,f84da836-ce08-43ca-99eb-fd75ea9b3396,2705.44,2851,89000000,512000000,144.93
2025-12-06 23:44:26.525,ed02914f-2cd7-4171-9697-3fcd8b64ed5c,2642.27,2805,89000000,512000000,162.15
2025-12-06 23:44:26.517,21ffe0be-d9b9-490e-9cf1-c120f18652a5,2658.62,2803,91000000,512000000,144.07
2025-12-06 23:44:26.506,870b26bc-8bbd-4b4a-bc36-56059aa15824,2642.67,2785,90000000,512000000,142.08
2025-12-06 23:44:26.503,e1a6b4e3-c6ec-4499-8d2c-1ac1c4071a8b,2687.44,2831,92000000,512000000,143.29
2025-12-06 23:44:26.501,227c3864-52e5-42a8-b9e9-80da64fb33d6,2602.83,2747,89000000,512000000,143.39
2025-12-06 23:44:26.479,d142153b-e802-4077-8f5f-0c68dcb68bd5,2662.01,2804,89000000,512000000,141.2
2025-12-06 23:44:26.474,195747cb-9de8-477d-8303-12f8594def4a,2620.82,2761,89000000,512000000,139.82
2025-12-06 23:44:26.474,c0eda97f-8ff8-4608-bb2f-4a2726cf7290,2582.07,2725,89000000,512000000,141.99
2025-12-06 23:44:26.472,9ec6894b-4d2a-4190-a59a-d1266639343b,2635.35,2780,89000000,512000000,144.22
2025-12-06 23:44:26.457,1578c6b6-96b9-43dc-9347-2ab5a8b3879e,2619.01,2767,89000000,512000000,147.97
2025-12-06 23:44:26.450,22822a55-2fe7-4449-99e5-e7e490c36589,2616.44,2754,91000000,512000000,137.01
2025-12-06 23:44:26.416,f87f6792-58d0-46a3-94e8-37ff619f17dd,2551.73,2688,89000000,512000000,136.19
2025-12-06 23:44:26.413,039d4fb1-c198-434c-bb7a-fac9225cdd71,2562.67,2702,89000000,512000000,139.32
2025-12-06 23:44:26.410,6fddeccb-7fc2-4532-8606-5dd1217da87a,2572.25,2718,89000000,512000000,144.77
2025-12-06 23:44:26.408,740a8b87-0927-49ad-a4c4-f56f63c7eba6,2594.33,2732,89000000,512000000,137.56
2025-12-06 23:44:26.408,ea2e4034-ea24-403b-89d7-ffd58f961bb9,2524.17,2675,89000000,512000000,150.57
2025-12-06 23:44:26.401,a13511c9-437a-4dd8-b41e-b7cf0ed3ade9,2517.73,2651,89000000,512000000,132.4
2025-12-06 23:44:26.400,f55fc22b-1e50-4090-8f0a-e7099ad07924,2528.96,2668,89000000,512000000,138.09
2025-12-06 23:44:26.386,b37f9cf2-126c-4e3d-b2f5-b6d65ea0aa6f,2526.74,2661,89000000,512000000,133.85
2025-12-06 23:44:26.385,88024f5d-9c87-4c11-a94d-0e3e70ae2078,2574.32,2716,89000000,512000000,140.9
2025-12-06 23:44:26.382,fd58acb1-12aa-4601-b967-f682af233889,2541.39,2682,89000000,512000000,140.03
2025-12-06 23:44:26.374,65a3e62f-e4a2-4e5e-8f0f-918a4f6815d7,2540.84,2677,89000000,512000000,135.35
2025-12-06 23:44:26.354,d8839d0b-dd83-4933-910f-85eb6dae7040,2540.3,2679,89000000,512000000,138.31
2025-12-06 23:44:26.353,868a36b5-84fd-4a95-a3cc-d034ba058ac5,2485.26,2618,89000000,512000000,131.9
2025-12-06 23:44:26.347,0f4ae577-767d-4a85-828b-b68a6fc9f2a7,2270.44,2480,92000000,512000000,209.14
2025-12-06 23:44:26.339,329bbfa0-3eb1-4d26-8382-dc39915d5666,2528.31,2663,89000000,512000000,134.12
2025-12-06 23:44:26.330,d3dd6a51-c3e6-444a-98a2-9f762900b340,2285.46,2505,89000000,512000000,219.1
2025-12-06 23:44:26.314,ae54bc9c-0a26-4185-aa9f-cb13ecf40b57,2320.94,2539,89000000,512000000,218.06
2025-12-06 23:44:26.312,203a81d9-3bdf-44c9-8f46-4333098c0590,2342.7,2556,89000000,512000000,212.33
2025-12-06 23:44:26.276,bfcb00fb-0164-4382-b9e8-b884bc7b6d97,2244.28,2458,90000000,512000000,212.96
2025-12-06 23:44:26.254,19748586-1691-4661-939d-119695e8e00b,2269.26,2467,89000000,512000000,197.62
2025-12-06 23:44:26.247,640e9a86-0a88-443f-98ca-e25793a77cb0,2206.07,2401,89000000,512000000,193.93
2025-12-06 23:44:26.240,22b35340-3201-4dd3-a609-6e6198dee622,2264.83,2479,91000000,512000000,213.54
2025-12-06 23:44:26.227,22a76f8a-d695-4c6b-bd42-24e4621a2bf9,2281.13,2488,89000000,512000000,206
2025-12-06 23:44:26.226,20347d8a-c4f4-45d4-a947-778f025cdada,2227.17,2439,89000000,512000000,211.48
2025-12-06 23:44:26.223,809e1e61-0a80-4fb5-a183-99d5bd5e233b,2264.81,2446,93000000,512000000,180.57
2025-12-06 23:44:26.201,9c89a8f0-b7b3-4fed-9789-0be2642e013a,2302.47,2487,89000000,512000000,183.88
2025-12-06 23:44:26.200,5df35ceb-637e-441a-925f-77af570c191f,2196.41,2389,89000000,512000000,192.3
2025-12-06 23:44:26.197,80bb91b9-3c34-4645-9c00-be38b15251c2,2290.16,2500,89000000,512000000,209.2
2025-12-06 23:44:26.195,c0bdc104-ef3b-4cfc-9d22-3457d95d6091,2275.62,2458,89000000,512000000,181.91
2025-12-06 23:44:26.195,6e8ad814-90de-49d9-93a8-fbc0237e677e,2194.12,2406,89000000,512000000,211.31
2025-12-06 23:44:26.188,5f36f030-fa2d-4799-a5a8-7220e3a489a4,2248.51,2460,91000000,512000000,211.23
2025-12-06 23:44:26.185,3a94fb96-c93a-43ce-ab2e-83efdb3c4ebd,2228.93,2435,89000000,512000000,205.91
2025-12-06 23:44:26.168,8956541e-1bbd-4952-a329-214decfc4fd4,2181.29,2370,89000000,512000000,188.67
2025-12-06 23:44:26.167,3884ffc3-b7b8-45bb-90f8-23ca6562aaf4,2255.8,2446,92000000,512000000,190
2025-12-06 23:44:26.167,c8c6952c-afc3-4920-a6ec-f3acdeb1b666,2342.2,2470,91000000,512000000,127.37
2025-12-06 23:44:26.163,21026d71-c8e2-408f-837e-c0a09dcad25d,2215.79,2415,89000000,512000000,199.11
2025-12-06 23:44:26.163,121e7d7b-10ba-40ec-83bd-de5327f8a376,2171.98,2368,89000000,512000000,195.71
2025-12-06 23:44:26.159,b2bdb037-a043-47de-bbd5-4b2cd348e208,2209.01,2432,89000000,512000000,222.68
2025-12-06 23:44:26.154,163dcb21-e4d4-4105-b7d0-3b0e3c8c8ef1,2246.3,2435,93000000,512000000,188.1
2025-12-06 23:44:26.148,b3c4293b-d521-4588-b75d-73e474f43357,2160.74,2367,91000000,512000000,205.55
2025-12-06 23:44:26.144,b7c490c8-14b6-435e-9f04-43d5ca01ad2b,2191.6,2420,89000000,512000000,227.95
2025-12-06 23:44:26.141,0f2c1896-e0d5-49d6-a069-b6c4f68530fd,2200.87,2404,89000000,512000000,202.65
2025-12-06 23:44:26.133,2d9c7321-9aed-4bb5-907f-2d615f113ce5,2156.76,2357,89000000,512000000,199.84
2025-12-06 23:44:26.132,609bf8ee-ed4e-47a1-b516-7f2d513fb918,2207.04,2398,89000000,512000000,189.98
2025-12-06 23:44:26.131,506f8dd7-c679-43bd-bf73-a675fc322ac0,2226.44,2412,92000000,512000000,185.34
2025-12-06 23:44:26.130,325b3371-5c16-4945-901e-161e64080da8,2260.32,2442,92000000,512000000,180.74
2025-12-06 23:44:26.127,c9fe160c-5e2e-4e46-9f9f-02377241966f,2207.6,2396,91000000,512000000,187.48
2025-12-06 23:44:26.127,b43977d3-1fbc-4333-8b0b-9953773f30ef,2219.57,2417,90000000,512000000,196.66
2025-12-06 23:44:26.123,1a02e648-906c-4702-ae99-b866c523bcc7,2224.02,2408,90000000,512000000,183.69
2025-12-06 23:44:26.109,eb842542-f7df-4e8e-b396-375fb032eb13,2178.32,2363,89000000,512000000,184.34
2025-12-06 23:44:26.101,66407371-74c4-490e-91a2-b78ece2264de,2171.4,2364,93000000,512000000,191.76
2025-12-06 23:44:26.101,be518c06-b4de-42ca-9bb0-b26f8b413fb5,2166.55,2357,90000000,512000000,189.72
2025-12-06 23:44:26.096,72daf219-bab5-434a-8036-d79aa89fd684,2157.56,2350,90000000,512000000,191.46
2025-12-06 23:44:26.093,7d255bb9-6a96-4a6c-8806-c7a0d83cddf7,2124.13,2317,89000000,512000000,192.79
2025-12-06 23:44:26.090,676b954d-0bbc-42d0-9034-6a38d5326eef,2107.89,2307,89000000,512000000,198.27
2025-12-06 23:44:26.087,2b9fceb8-1601-41d3-88da-2007c04655d9,2119.65,2334,89000000,512000000,214.26
2025-12-06 23:44:26.086,e4714d2c-c0ba-470f-bfe7-e8e5700a8995,2259.07,2390,89000000,512000000,130
2025-12-06 23:44:26.085,23b31114-8eb4-4cce-b228-694ce8fc70f6,2183.65,2366,89000000,512000000,181.96
2025-12-06 23:44:26.079,3641b622-dd4e-4726-82f8-52c9b8c0044a,2197.36,2368,90000000,512000000,169.86
2025-12-06 23:44:26.076,9f08c12b-cf4f-4fc1-9a92-b5c3fe0bacca,2170.32,2373,89000000,512000000,201.9
2025-12-06 23:44:26.075,4aa264f8-3141-4852-bc74-d31205e3690a,2163.1,2355,89000000,512000000,191.1
2025-12-06 23:44:26.072,3f2bf124-d53b-46c6-9c71-f560b2a6609e,2143.34,2328,90000000,512000000,184.66
2025-12-06 23:44:26.065,dc047d6b-6bf0-4a1f-b12a-db3a192e0884,2131.5,2314,89000000,512000000,181.69
2025-12-06 23:44:26.063,b225f2a2-c4f1-4d02-ab6d-769d30be72b5,2157.15,2335,89000000,512000000,177.76
2025-12-06 23:44:26.062,19058e1b-e7a4-4999-bdda-f97927a911f4,2128.68,2309,90000000,512000000,179.44
2025-12-06 23:44:26.054,81cf544c-c4e8-442c-a626-a481d3b86c2e,2116.12,2305,89000000,512000000,187.98
2025-12-06 23:44:26.052,971d7797-7a49-46e8-ae64-e307629cda1b,2146.15,2337,89000000,512000000,190.36
2025-12-06 23:44:26.046,b43b12ce-6fe8-48f3-922a-61b51b34b131,2163.36,2335,93000000,512000000,171.32
2025-12-06 23:44:26.045,f3ca5a01-3f2b-44d1-9ca8-e9ccab0acb8e,2113.31,2295,89000000,512000000,181.21
2025-12-06 23:44:26.041,8462f3df-dcc0-436c-9346-71b9d4c2c681,2127.71,2310,90000000,512000000,181.8
2025-12-06 23:44:26.039,c8bc5587-8762-481d-8859-ca3ce513907a,2124.32,2308,90000000,512000000,183.36
2025-12-06 23:44:26.038,7e562140-b074-4dbd-913a-5c4af25c71de,2132.65,2309,89000000,512000000,175.78
2025-12-06 23:44:26.036,47c00916-6246-4a7c-b92c-115646069e41,2065.34,2253,90000000,512000000,187.59
2025-12-06 23:44:26.035,07f8444b-ea4d-489e-91cd-6ba65fe4f868,2153.94,2344,90000000,512000000,189.41
2025-12-06 23:44:26.025,93480598-ffab-46ea-935e-eac642d20aad,2116.84,2314,90000000,512000000,197.09
2025-12-06 23:44:26.024,23d15db6-be72-4bf4-9dc0-a49f68bcb853,2112.73,2309,89000000,512000000,195.3
2025-12-06 23:44:26.019,f26829aa-3adf-44e5-ab37-3b8401d161a8,2081.12,2262,89000000,512000000,180.6
2025-12-06 23:44:26.014,08bd3c01-e0fc-4b23-b87e-cd62d5513f24,2141.82,2318,90000000,512000000,175.96
2025-12-06 23:44:26.012,296000ea-2556-4bd8-9ef2-fc70f1fa3a3c,2116.99,2314,89000000,512000000,196.41
2025-12-06 23:44:26.011,89df2218-f800-43de-a3a8-5bb83d91d8b9,2079.78,2246,90000000,512000000,165.29
2025-12-06 23:44:26.009,38992ab1-9808-4816-afc8-04657baaab9c,2131.94,2307,90000000,512000000,174.92
2025-12-06 23:44:26.006,a4f522be-1f2b-4c6f-be90-f711784b042c,2197.74,2323,89000000,512000000,124.85
2025-12-06 23:44:26.003,2446b672-0561-4aaa-a4d0-cacef1687dfd,2067.14,2236,90000000,512000000,168.16
2025-12-06 23:44:26.003,720740af-095a-4b00-8863-bb4fa7901488,2090.07,2284,89000000,512000000,193.57
2025-12-06 23:44:25.999,5f0a2fb9-52bf-490a-9074-d587917ec9ec,2086.68,2246,91000000,512000000,158.85
2025-12-06 23:44:25.995,dd099704-d7f9-4651-a324-a3fb49ad5b16,2116.73,2305,90000000,512000000,187.78
2025-12-06 23:44:25.988,42a30c73-13ee-4799-90d4-6c9a7a59868f,2084.95,2269,90000000,512000000,183.68
2025-12-06 23:44:25.987,2ffe78bf-732d-4c90-94f5-e656b3002c9a,2110.34,2294,89000000,512000000,183.23
2025-12-06 23:44:25.984,ca35e8ae-86a8-4e13-8bf4-3753d750f478,2106.94,2261,93000000,512000000,153.68
2025-12-06 23:44:25.982,a46897ee-d48c-48ea-803f-59973f41833e,2090.64,2274,90000000,512000000,183.12
2025-12-06 23:44:25.977,ecbbbfae-8342-45a9-9eb2-302d89b52b9b,2072.58,2255,89000000,512000000,181.67
2025-12-06 23:44:25.969,044eb250-0502-450a-bc14-d536cec579e1,2052.85,2240,89000000,512000000,187.08
2025-12-06 23:44:25.969,bc128027-5a66-4458-82ce-e99ad212bdd3,2091.55,2278,89000000,512000000,185.9
2025-12-06 23:44:25.966,0abe82a1-d3fb-459e-a2b9-5807993c4564,2073.08,2260,89000000,512000000,186.67
2025-12-06 23:44:25.963,1ba48d08-884b-40de-bcfe-ebfc03081eb6,2073.88,2250,89000000,512000000,175.84
2025-12-06 23:44:25.945,f1ad14b4-4631-4622-a055-d2ee58a319be,2047.24,2231,89000000,512000000,183.3
2025-12-06 23:44:25.928,4d25fd62-8c14-4e35-aad5-d62469532bf5,2052.72,2208,91000000,512000000,155.13
2025-12-06 23:44:25.921,f7158c2d-4426-4b0f-acc8-0a715a42196c,2035.9,2187,91000000,512000000,150.37
2025-12-06 23:44:25.916,a814398f-81b8-485a-ad0a-2d9c77037788,2004.25,2150,91000000,512000000,145.05
2025-12-06 23:44:25.856,b657ca03-069a-4fcf-a03b-7ba7ac8c70d1,1952.33,2097,91000000,512000000,143.96
2025-12-06 23:44:25.695,522bc0bb-7312-4448-8d32-0a0c3fcff316,1841.77,1997,89000000,512000000,154.5
2025-12-06 18:02:26.385,07011f35-2c9c-4b03-9090-8ed9e3d14c93,3561.83,3562,98000000,512000000,
2025-12-06 18:02:26.144,4ce02c0f-05b8-4297-a726-cd0dc09f30d1,3302.14,3303,97000000,512000000,
2025-12-06 18:02:26.143,37ac7556-b26f-420f-ad03-b62489eea840,3300.9,3301,97000000,512000000,
2025-12-06 18:02:26.126,7a9b16b2-4f01-4d38-b683-2ba4ff467a0f,3298.52,3299,98000000,512000000,
2025-12-06 18:02:26.126,f76146e9-ca1d-4e01-b605-8bee9d993090,3326.82,3327,104000000,512000000,
2025-12-06 18:02:26.116,f20c130e-1ed7-4606-8e78-87ccf084f9ba,3302.18,3303,97000000,512000000,
2025-12-06 18:02:26.112,48585601-1f35-4160-8093-3148a0c2c901,3303.17,3304,98000000,512000000,
2025-12-06 18:02:26.084,66e58d80-a5b3-49d6-95ac-fcbe90eb7955,3270.9,3271,97000000,512000000,
2025-12-06 18:02:26.083,6dd5cf43-58fe-4c96-8967-7583930e7d35,3255.99,3256,98000000,512000000,
2025-12-06 18:02:26.075,52793c89-c259-476b-b92a-efedbced65bf,3271.24,3272,104000000,512000000,
2025-12-06 18:02:26.063,3660bd9a-94ad-4602-b5c5-8fa4edc6d956,3222.56,3223,98000000,512000000,
2025-12-06 18:02:26.062,8f9d905e-3351-407d-bd15-1c80943ae4e9,3247.74,3248,98000000,512000000,
2025-12-06 18:02:26.055,7ec153d1-f683-4d46-9911-195312913ceb,3243,3243,98000000,512000000,
2025-12-06 18:02:26.046,1febf560-0b48-4e4b-aed9-bf17c5d794af,3238.49,3239,100000000,512000000,
2025-12-06 18:02:26.025,3c852f3b-e9b3-45ad-b780-d31b9b609316,3203.16,3204,97000000,512000000,
2025-12-06 18:02:26.024,8bf1a2b1-5227-4e82-a827-c4e36c3821ce,3201.78,3202,97000000,512000000,
2025-12-06 18:02:26.022,c1828389-54cb-4670-acb5-556d13922359,3205.88,3206,97000000,512000000,
2025-12-06 18:02:26.020,11261903-1085-4d52-ab98-e7e78e8fda45,3196.45,3197,98000000,512000000,
2025-12-06 18:02:25.991,e9db7497-6bb4-47b6-9fec-761576ad3c39,3182.45,3183,90000000,512000000,
2025-12-06 18:02:25.990,81dfce1d-6a2a-4e13-9fb7-87f3293a6bc7,3167.54,3168,98000000,512000000,
2025-12-06 18:02:25.989,4dd33dac-2eb8-44fa-b491-b107058b5185,3155.06,3156,97000000,512000000,
2025-12-06 18:02:25.957,78530574-da24-43a0-b666-c7741ad1a059,3115.85,3116,97000000,512000000,
2025-12-06 18:02:25.955,451ca65d-73ef-4352-b9fb-66a30fd028a2,3110.65,3111,97000000,512000000,
2025-12-06 18:02:25.949,98380956-3213-4fe3-b432-ec6ebbd7c1d7,3110.87,3111,98000000,512000000,
2025-12-06 18:02:25.948,7480ff02-1b6c-4b9f-bbe8-10777996825b,3106.41,3107,97000000,512000000,
2025-12-06 18:02:25.940,c494096f-7fa0-4aab-9be7-e340da0e181b,3113.43,3114,98000000,512000000,
2025-12-06 18:02:25.928,8c48ab19-b0e3-4955-88b7-48467ca66a07,3089.93,3090,97000000,512000000,
2025-12-06 18:02:25.928,a109c159-71e0-4137-8685-20713e2b9250,3090.42,3091,97000000,512000000,
2025-12-06 18:02:25.927,fe8a85ab-79f4-4b1d-9f50-8ffd27a81ef7,3114.95,3115,98000000,512000000,
2025-12-06 18:02:25.926,186903f3-c653-4bfb-bc55-6310ef7d0fb8,3079.95,3080,97000000,512000000,
2025-12-06 18:02:25.907,c8fc7e70-0ce3-45e0-80ed-fc556e5fc359,3075.12,3076,98000000,512000000,
2025-12-06 18:02:25.905,5e6cddea-07c9-4e00-8026-237265526567,3075.99,3076,97000000,512000000,
2025-12-06 18:02:25.902,5f742e0a-bf69-412f-899e-c928dabe2b8b,3063.45,3064,97000000,512000000,
2025-12-06 18:02:25.864,f1cd00b3-5791-4169-b975-bc6e9df5ba16,3040.12,3041,97000000,512000000,
2025-12-06 18:02:25.840,ca5e54d0-eaad-40a0-9c57-9b3904914c98,3001.29,3002,97000000,512000000,
2025-12-06 18:02:25.839,2caa6017-7e5b-4a74-9bb3-bbd17def54e9,2993.09,2994,99000000,512000000,
2025-12-06 18:02:25.825,47e64414-814c-4ae0-a196-a6bbf891485b,2987.14,2988,98000000,512000000,
2025-12-06 18:02:25.812,21ad889f-718a-482d-a873-3594d41fc94e,2968.25,2969,98000000,512000000,
2025-12-06 18:02:25.809,7003d8c9-7688-420c-a8ed-9788520105c0,2987.18,2988,97000000,512000000,
2025-12-06 18:02:25.794,a040a26d-1881-43ae-b47a-61dd15559572,2973.77,2974,99000000,512000000,
2025-12-06 18:02:25.789,a81d30cc-dce1-4832-a80b-2b6874b939eb,2983.65,2984,100000000,512000000,
2025-12-06 18:02:25.753,e241fb79-4459-429d-92c2-d27f51568779,2916.1,2917,97000000,512000000,
2025-12-06 18:02:25.746,7a287507-e9b9-47ac-8a49-76fcaed3981c,2910.99,2911,97000000,512000000,
2025-12-06 18:02:25.700,d9b30367-6eb3-4037-a248-a4744df90bc3,2889.02,2890,102000000,512000000,
2025-12-06 18:02:25.570,a94eaaa8-413d-46a1-9ab2-b4111b73ca72,2746.67,2747,100000000,512000000,
2025-12-06 18:02:24.662,b6125ba8-1351-458a-9d76-34e322cf9756,1837.48,1838,98000000,512000000,
2025-12-06 18:02:16.473,96145a35-75c0-4221-89ce-a1947ce60c0f,3501.89,3502,100000000,512000000,
2025-12-06 18:02:16.055,bc8f9b97-7c92-40e1-9e72-fb943320e9a9,3100.89,3101,104000000,512000000,
2025-12-06 18:02:14.394,d23977a8-a1ee-47b7-9d49-84878ebfcf34,3411.56,3412,100000000,512000000,
2025-12-06 18:02:13.278,75de88b1-ae69-4c98-a0c8-7a5fe2df666b,3318.1,3319,99000000,512000000,
2025-12-06 18:02:13.265,c205846b-875d-4a3a-91bc-fd70608bdeb2,3304.44,3305,98000000,512000000,
2025-12-06 18:02:12.555,c7a81fba-8b1d-45d4-bc88-a62e0cf418d1,3312.28,3313,99000000,512000000,
2025-12-06 18:02:11.637,fefb040d-cc48-4f1d-a441-82b79ed12351,3631.12,3632,97000000,512000000,
2025-12-06 18:02:11.619,0eb09faa-d1f0-4edc-ac31-2fe141f50f66,3753.95,3754,97000000,512000000,
2025-12-06 18:02:11.420,6e661d3e-35b6-4522-a9a4-4f2015ef143e,3090.47,3091,100000000,512000000,
2025-12-06 18:02:11.365,7c5a2c33-bbbd-4e1d-803e-aa116386ba4a,3359.74,3360,97000000,512000000,
2025-12-06 18:02:11.256,5c2175bd-19a9-4375-a0b3-1564d7f612bb,3273.36,3274,97000000,512000000,
2025-12-06 18:02:11.250,0a5d5ca8-3fa4-4d81-aac4-1f3f93ea3d5b,3423.6,3424,98000000,512000000,
2025-12-06 18:02:11.246,11460249-969c-4e4c-b166-8d24c4ff00d4,3432.5,3433,97000000,512000000,
2025-12-06 18:02:11.241,9f4d1fad-7ec7-427a-9c02-c45a16f6c828,3405.23,3406,97000000,512000000,
2025-12-06 18:02:11.139,daa2de2b-12e5-456b-b022-d28eb5d7495a,3312.46,3313,97000000,512000000,
2025-12-06 18:02:11.125,0db9d201-3076-4949-a5bf-4cf7feb0dee1,3469.08,3470,98000000,512000000,
2025-12-06 18:02:10.952,18c8e4d3-5e50-48f6-a54d-7a756d2488fd,3373.42,3374,97000000,512000000,
2025-12-06 18:02:10.942,394105f6-5824-40c5-96bc-c4c0c9cfecf4,1958.85,1959,97000000,512000000,
2025-12-06 18:02:10.876,36489a5e-2130-41b4-b763-8292a5e3e91d,3293.22,3294,98000000,512000000,
2025-12-06 18:02:10.862,e0e124bb-df60-45a4-94f9-9273d896c6a2,3290.56,3291,97000000,512000000,
2025-12-06 18:02:10.831,f86b2f68-43c7-4367-987f-8377b8f51c27,3249.25,3250,97000000,512000000,
2025-12-06 18:02:10.824,012e22db-2606-4dff-90d2-95112af2b0b4,3499.51,3500,97000000,512000000,
2025-12-06 18:02:10.791,2402f35d-de6d-4b3d-8c81-c760a1904d64,3366.42,3367,97000000,512000000,
2025-12-06 18:02:10.689,ff8d6d26-49bc-4e85-9f6f-df40ed22dbe0,2943.93,2944,99000000,512000000,
2025-12-06 18:02:10.667,ac1f820d-f4eb-4688-be2a-f56233fbb160,3316.7,3317,97000000,512000000,
2025-12-06 18:02:10.666,3f950d96-a48b-4f35-b71c-1446ec3007fe,3108.07,3109,98000000,512000000,
2025-12-06 18:02:10.659,9e3f0922-66b9-4a50-bee0-4720e8655c39,3234.02,3235,97000000,512000000,
2025-12-06 18:02:10.652,aed6e70f-7516-4d81-9a01-949208671b6b,3448.82,3449,97000000,512000000,
2025-12-06 18:02:10.646,f04eb1f5-5840-427d-8c28-24c18004cccf,3442.73,3443,97000000,512000000,
2025-12-06 18:02:10.603,e93641ab-e5b5-44fb-96f4-9be01090c45a,3242.51,3243,97000000,512000000,
2025-12-06 18:02:10.585,b4c8cf48-ce72-49a4-981e-221af34312b3,3382.14,3383,97000000,512000000,
2025-12-06 18:02:10.571,b90ab701-0903-4522-a7c1-c414dde0276c,3217.79,3218,97000000,512000000,
2025-12-06 18:02:10.548,b40e7304-a07a-4b2e-8dfb-98de18e08c13,3188.07,3189,97000000,512000000,
2025-12-06 18:02:10.529,6536b7f6-2dab-4876-ab0d-be241f8a4657,3326.53,3327,97000000,512000000,
2025-12-06 18:02:10.525,a0733832-b1f2-4a3f-b230-cf2482c73434,3320.13,3321,97000000,512000000,
2025-12-06 18:02:10.509,1b200501-9e03-4867-abcf-590cadd6de4c,3298.16,3299,97000000,512000000,
2025-12-06 18:02:10.505,c11994f7-7f5f-4dd5-9efb-85df4fe14c99,3299.26,3300,97000000,512000000,
2025-12-06 18:02:10.479,699a973c-1953-4bd5-b52a-bb8b47359e79,3270.02,3271,97000000,512000000,
2025-12-06 18:02:10.446,46594d02-7cd9-4507-a166-1886a73a8d49,3243.06,3244,97000000,512000000,
2025-12-06 18:02:10.446,6ee97221-31b5-4092-8053-776164ad6ec5,3244.76,3245,97000000,512000000,
2025-12-06 18:02:10.440,9ab0b3a5-72a2-44f6-81ee-b23342c53129,3234.83,3235,97000000,512000000,
2025-12-06 18:02:10.439,a4e19626-d158-41dc-82b3-39c8594f4ed5,3230.59,3231,97000000,512000000,
2025-12-06 18:02:10.408,f142dbc1-9f4f-4fd5-9153-3a68a1cd8f54,3420.78,3421,97000000,512000000,
2025-12-06 18:02:10.385,02dd176d-a200-4d62-9066-4dbda7e124ce,3177.82,3178,97000000,512000000,
2025-12-06 18:02:10.364,4d1dcef7-d66b-4fae-a837-597ea77f1a37,3163.88,3164,97000000,512000000,
2025-12-06 18:02:10.357,4c7498d6-2498-4284-baff-cf1f0f979efc,3153.39,3154,97000000,512000000,
2025-12-06 18:02:10.356,c1f18317-65b5-4526-88cc-e715e0e779a5,3410.65,3411,97000000,512000000,
2025-12-06 18:02:10.344,a0571552-587f-45a5-8da9-9a415d32a5bd,3331.68,3332,97000000,512000000,
2025-12-06 18:02:10.343,f2441816-7aa4-439c-bea5-7b7ebd44d5dd,3133.35,3134,97000000,512000000,
2025-12-06 18:02:10.319,88e0e79a-7e8d-40c6-abad-d3847c1cc8e6,3119.43,3120,98000000,512000000,
2025-12-06 18:02:10.307,64237b0f-bbe3-442b-a52e-7f4c77f81182,3354.45,3355,98000000,512000000,
2025-12-06 18:02:10.305,c5359bf8-b0bd-4843-ada4-8ab0fb5e679b,3235.15,3236,97000000,512000000,
2025-12-06 18:02:10.304,30a29cc3-7d84-4a89-b327-0b23b18d8db3,3432.37,3433,97000000,512000000,
2025-12-06 18:02:10.295,b361a7dd-5f98-4edf-a524-742c285eef6c,3357.43,3358,97000000,512000000,
2025-12-06 18:02:10.281,e0248d08-2188-460c-982f-d1261abfc879,3352.5,3353,97000000,512000000,
2025-12-06 18:02:10.279,c885257f-a22e-48f4-a559-4d67ea6e1a4c,3332.46,3333,98000000,512000000,
2025-12-06 18:02:10.274,5576be75-ad0d-4cea-910f-2fc31d4e60a8,3415.12,3416,97000000,512000000,
2025-12-06 18:02:10.248,56eb839a-6f4c-48d8-a7e4-a27768b903d1,3025,3026,99000000,512000000,
2025-12-06 18:02:10.236,a1a07020-6b00-4523-9224-4f697d859e3f,3295.5,3296,98000000,512000000,
2025-12-06 18:02:10.196,dc6a338e-5cdb-4cc3-9899-ac2dce79113f,3274.39,3275,97000000,512000000,
2025-12-06 18:02:10.166,b1698bf2-619d-4922-9737-82afb4707aad,3226.29,3227,97000000,512000000,
2025-12-06 18:02:10.153,81f042a0-fc8c-4659-8138-c651371259d0,3271.99,3272,98000000,512000000,
2025-12-06 18:02:10.133,43a824cc-ce8b-46bc-a890-eac978614161,3124.68,3125,97000000,512000000,
2025-12-06 18:02:10.129,fb0b249e-1a46-4bfa-bc8d-186368ff8fff,3332.73,3333,97000000,512000000,
2025-12-06 18:02:10.124,4adc34ea-b5e4-4651-ac10-4146111877e3,3061.18,3062,98000000,512000000,
2025-12-06 18:02:10.120,0dff4b3b-5c3e-44b2-92fe-b76d7dfccb2b,3161.21,3162,97000000,512000000,
2025-12-06 18:02:10.111,3bbbf313-d866-4684-883c-b1a2af277fdf,3081.36,3082,97000000,512000000,
2025-12-06 18:02:10.090,4e02b027-86aa-4a65-aaf1-83d72d164b8e,3169.53,3170,97000000,512000000,
2025-12-06 18:02:10.079,3dab751a-5f8f-4ac0-b398-38d5128ec885,3120.22,3121,98000000,512000000,
2025-12-06 18:02:10.069,ecb5daae-25d0-4d80-8d10-e663c2c812af,3228.09,3229,97000000,512000000,
2025-12-06 18:02:10.055,f8974c41-7dc1-4dfa-b3a2-97a322e5e203,3300.79,3301,98000000,512000000,
2025-12-06 18:02:10.052,383a02c2-b07f-4b22-9ff5-23830c2bfbaf,3143.01,3144,97000000,512000000,
2025-12-06 18:02:10.050,41461a5e-5582-47a8-a843-7bdd8a7a76b3,3364.53,3365,97000000,512000000,
2025-12-06 18:02:10.049,ef9834be-527b-4437-98d5-7cf12cbb810d,3409.52,3410,97000000,512000000,
2025-12-06 18:02:10.048,b5ed4fd2-ac58-4593-990c-51cd0599faba,3071.9,3072,97000000,512000000,
2025-12-06 18:02:10.019,88117ead-01bb-4ab0-a0ee-c179193743d8,3169.89,3170,97000000,512000000,
2025-12-06 18:02:10.012,67d0bf05-bd78-4353-9306-34eb560df467,2806.12,2807,100000000,512000000,
2025-12-06 18:02:10.012,5276763b-af44-4653-b08e-e8849f9ceb3a,3098.6,3099,97000000,512000000,
2025-12-06 18:02:10.011,bfaa0d85-ac7f-4b65-a59e-f17aef424a83,2772.3,2773,100000000,512000000,
2025-12-06 18:02:09.997,0dbd573c-7437-4ea9-9e80-eb945b9146e7,3290.31,3291,97000000,512000000,
2025-12-06 18:02:09.996,06ffdfbb-b9eb-4da3-a1e7-22be4610ccfc,3191.98,3192,98000000,512000000,
2025-12-06 18:02:09.996,5052f14e-9cba-4f8f-afd3-6242a1ac280d,3470.21,3471,97000000,512000000,
2025-12-06 18:02:09.987,b97d3390-24fe-4d47-a57a-91dc8d8d1ce5,3272.17,3273,97000000,512000000,
2025-12-06 18:02:09.980,f5a41e6f-1735-4912-ad92-f4ed7044c9a3,1995.78,1996,97000000,512000000,
2025-12-06 18:02:09.977,c2a297fd-49de-4d02-866a-d014a2958dd2,3177.45,3178,97000000,512000000,
2025-12-06 18:02:09.972,2509164c-544d-4308-a02b-02bda1abb847,3217.97,3218,97000000,512000000,
2025-12-06 18:02:09.972,4b91e7ec-97aa-40c5-9d19-58943c583f05,3198.18,3199,97000000,512000000,
2025-12-06 18:02:09.970,0354d7ea-6935-4714-b961-2daf13b118a2,3114.61,3115,97000000,512000000,
2025-12-06 18:02:09.960,d0c7ff24-70fd-4516-91db-505442f104b0,3250.95,3251,97000000,512000000,
2025-12-06 18:02:09.949,4d357f1f-539c-4cc0-a5b3-1ab80990ddc4,3250.86,3251,97000000,512000000,
2025-12-06 18:02:09.947,3d562115-545b-4a28-9df6-d3c069ec7d2e,3301.85,3302,97000000,512000000,
2025-12-06 18:02:09.943,0a55845b-3c70-4266-a732-29d922c2c27c,3216.41,3217,97000000,512000000,
2025-12-06 18:02:09.940,4dda6604-d840-408a-a993-bfd707cac3f4,3190.17,3191,97000000,512000000,
2025-12-06 18:02:09.925,bc2dd058-3366-4a79-99c8-d824a42646a7,3208.8,3209,97000000,512000000,
2025-12-06 18:02:09.905,c99fb450-aca1-4fe5-b239-fa00f8ec6fea,3502.15,3503,97000000,512000000,
2025-12-06 18:02:09.902,4b6688e5-f178-4861-a550-fc3e4978640f,3117.7,3118,98000000,512000000,
2025-12-06 18:02:09.887,05baa72e-1a15-4d0d-9372-36a65fbadaba,3315.97,3316,98000000,512000000,
2025-12-06 18:02:09.881,04ae432b-b33d-4d09-ab10-074db3882a5f,3155.11,3156,98000000,512000000,
2025-12-06 18:02:09.880,3e710059-671b-4379-93f2-2c22215cc380,3383.76,3384,97000000,512000000,
2025-12-06 18:02:09.872,88f88cc7-7083-4336-98e7-a82b55553a5d,3176.63,3177,98000000,512000000,
2025-12-06 18:02:09.868,8cfb7853-1928-4ac9-b23e-f48f3c8ff997,3085.88,3086,97000000,512000000,
2025-12-06 18:02:09.868,77a8ed4c-9282-48d1-a8fc-c9f6902555fe,3194.5,3195,98000000,512000000,
2025-12-06 18:02:09.868,fe2a4b98-a70f-46f9-b39a-c7116ca97b03,3258.04,3259,97000000,512000000,
2025-12-06 18:02:09.845,b4c7a2fb-7c43-45e5-b722-e5ca8f9e5050,3133.78,3134,97000000,512000000,
2025-12-06 18:02:09.841,fc92fd66-8558-412b-869f-484295024657,3239.55,3240,97000000,512000000,
2025-12-06 18:02:09.836,55fd0fe5-8139-405e-986b-cd8956227156,3266.54,3267,98000000,512000000,
2025-12-06 18:02:09.835,bad20741-857e-4353-bb0f-21b41de0380b,3110.11,3111,97000000,512000000,
2025-12-06 18:02:09.821,8318cd88-64dc-4ef2-953c-8b8e950c38f8,3183.39,3184,97000000,512000000,
2025-12-06 18:02:09.818,4b4a32ec-0b97-4a1e-aabc-06be098bda9a,3310.12,3311,97000000,512000000,
2025-12-06 18:02:09.813,1af99a7f-e44a-4b92-9b80-71cbacc28404,3380.15,3381,98000000,512000000,
2025-12-06 18:02:09.805,914887d6-7ef3-4175-9562-235b01264a8d,2819.78,2820,100000000,512000000,
2025-12-06 18:02:09.792,c4e43f60-b838-4755-af3e-1de845d99ce2,3079.56,3080,97000000,512000000,
2025-12-06 18:02:09.790,08bc5be8-970c-4ec0-8a8c-e1fdd374ba57,3123.88,3124,97000000,512000000,
2025-12-06 18:02:09.781,e6ffcf76-3e27-4829-bbe4-e798bf55798c,3137.22,3138,98000000,512000000,
2025-12-06 18:02:09.781,1ee6bf1f-0b92-4a63-bee5-329200a60611,3291.75,3292,97000000,512000000,
2025-12-06 18:02:09.773,794c5b94-946b-41c0-8468-488ddee914fe,3104.35,3105,97000000,512000000,
2025-12-06 18:02:09.772,a98300eb-22c3-4876-87a4-bdf629a599ef,3136.03,3137,97000000,512000000,
2025-12-06 18:02:09.767,9407a03b-d0b1-4f1e-a003-d571d65c6db5,3295.97,3296,97000000,512000000,
2025-12-06 18:02:09.766,22af560b-3deb-47c4-b24c-474c4d1fdd0d,3257.41,3258,97000000,512000000,
2025-12-06 18:02:09.763,30395015-779c-4be4-b2ee-6c52b85f6865,1899.39,1900,97000000,512000000,
2025-12-06 18:02:09.756,36f22dac-f845-4402-9793-ef911c072c65,2773.99,2774,101000000,512000000,
2025-12-06 18:02:09.755,2ea3ad57-175e-4b70-b0b7-1db86a34dccf,3133.33,3134,97000000,512000000,
2025-12-06 18:02:09.754,d18c7fea-5621-4a0d-93df-fef31c3c5ab3,3190.16,3191,97000000,512000000,
2025-12-06 18:02:09.753,2c706fc6-9785-48a0-bbeb-76d99d666b3e,1883.46,1884,97000000,512000000,
2025-12-06 18:02:09.750,3258d4b4-61c7-4a5a-8b9f-aa64b2429cd0,3137.78,3138,97000000,512000000,
2025-12-06 18:02:09.750,65633e79-20b2-4c19-9a27-8a3401c680ec,1876.03,1877,97000000,512000000,
2025-12-06 18:02:09.748,b0deddbb-8337-412e-bf8b-b05249b06984,3237.2,3238,97000000,512000000,
2025-12-06 18:02:09.745,28a70215-ac26-46e0-9545-2eff49da1e08,3072.63,3073,97000000,512000000,
2025-12-06 18:02:09.741,cd2244e7-ab70-466b-bc8d-7375aa45b75e,3234.14,3235,97000000,512000000,
2025-12-06 18:02:09.739,e6169641-6f37-4532-9641-27ed2aa11e95,3091.61,3092,98000000,512000000,
2025-12-06 18:02:09.723,ec0f7214-b100-45bf-9091-526d98f829e5,3196.89,3197,97000000,512000000,
2025-12-06 18:02:09.720,51fef8da-52f2-4dcc-b9a7-88c3def2a784,3089.52,3090,97000000,512000000,
2025-12-06 18:02:09.718,9312c702-0e8a-43de-91f8-0e41dbc8e53a,1855.33,1856,97000000,512000000,
2025-12-06 18:02:09.713,efadf38a-78c8-4264-82fc-76c7fb24a4b2,3191.41,3192,97000000,512000000,
2025-12-06 18:02:09.709,931e46a9-95d9-415f-ad6c-a5a10e5df085,2496.27,2497,101000000,512000000,
2025-12-06 18:02:09.708,05e5835c-2cb0-4346-9a78-3a5fc7638c1e,3223.07,3224,97000000,512000000,
2025-12-06 18:02:09.695,bad8b9e1-8c5f-4e83-8379-a4dd89c885f0,3295.52,3296,97000000,512000000,
2025-12-06 18:02:09.693,a4f0030f-6413-403b-87aa-25af4fb1bead,3058.23,3059,98000000,512000000,
2025-12-06 18:02:09.692,b79c236f-d7c3-4289-81d5-88b16b1d8df9,3034.56,3035,97000000,512000000,
2025-12-06 18:02:09.691,3c1bd2ca-0e29-491c-bed9-fb8f4657c088,3091.93,3092,97000000,512000000,
2025-12-06 18:02:09.682,2a2ade17-ae26-41b2-acc5-b3d412368f94,3214.3,3215,97000000,512000000,
2025-12-06 18:02:09.674,566b905e-11b4-4ed4-859d-85946ea63bfe,3232.48,3233,97000000,512000000,
2025-12-06 18:02:09.673,d742a745-e5d1-43c2-89c5-80840867bc96,3086.38,3087,97000000,512000000,
2025-12-06 18:02:09.669,5a9d077d-fec9-4e69-b3ef-db6a668d0c9b,3161.54,3162,97000000,512000000,
2025-12-06 18:02:09.657,a270f850-7fd8-4c58-a557-d1ecbe535169,3108.14,3109,98000000,512000000,
2025-12-06 18:02:09.641,1d2d1b35-397c-467b-9717-bc474c70b320,3232.06,3233,97000000,512000000,
2025-12-06 18:02:09.638,afafb437-3eaa-41ef-a773-a6b99a6abaff,3033.91,3034,97000000,512000000,
2025-12-06 18:02:09.636,d74181fc-c17c-40c8-a75d-92c30fd77ebb,3162.45,3163,97000000,512000000,
2025-12-06 18:02:09.626,88fbf11d-6d52-46ce-9507-10b70523de17,3179.18,3180,97000000,512000000,
2025-12-06 18:02:09.617,7eaabac3-9bc8-4053-8a42-d679bab26d70,3495.05,3496,97000000,512000000,
2025-12-06 18:02:09.614,b6988b8f-7f43-4a64-93a8-027e8b415e1c,3169.49,3170,97000000,512000000,
2025-12-06 18:02:09.611,4140bb3b-8192-4d12-b3a6-e4cd5a6ac8cb,3045.55,3046,98000000,512000000,
2025-12-06 18:02:09.600,be786c01-e4f5-4d38-afb5-49145d554e74,1790.5,1791,97000000,512000000,
2025-12-06 18:02:09.585,413a9a6c-6129-43bb-baa0-8d7569dccacd,3257.65,3258,97000000,512000000,
2025-12-06 18:02:09.582,91419efd-bc95-4b7f-bbb3-1e95c631083e,3049.47,3050,98000000,512000000,
2025-12-06 18:02:09.582,9a7177c9-7dce-496c-a2af-734fb2c9a61f,3171.51,3172,97000000,512000000,
2025-12-06 18:02:09.577,5be29b50-ae8d-4130-a31c-2900879c7cda,3075.03,3076,97000000,512000000,
2025-12-06 18:02:09.560,4ed31dc3-736d-404d-bc19-74b602ce8529,2873.05,2874,101000000,512000000,
2025-12-06 18:02:09.534,e1f5a536-a592-41ad-b7ec-654535461c12,3313.32,3314,98000000,512000000,
2025-12-06 18:02:09.528,8b897273-4dc0-4915-8acb-c01c821d3beb,2617.03,2618,100000000,512000000,
2025-12-06 18:02:09.527,86e72bc6-1d3a-483a-9359-8c485f192231,3102.16,3103,97000000,512000000,
2025-12-06 18:02:09.526,adfed25d-8e73-4b01-9f70-ebe818f10e41,3041.66,3042,97000000,512000000,
2025-12-06 18:02:09.524,5f180812-f7e5-4741-a25e-6d1e48c2ae74,3040.44,3041,97000000,512000000,
2025-12-06 18:02:09.508,92d4e9e0-e265-4dc4-94d2-35142feea72d,3069.97,3070,97000000,512000000,
2025-12-06 18:02:09.508,127a8f14-ee55-4a47-a8f6-252a573906c1,3081.59,3082,97000000,512000000,
2025-12-06 18:02:09.507,1a274c49-1512-4e6a-a8dd-d5972e55ee49,3135.24,3136,98000000,512000000,
2025-12-06 18:02:09.495,dba2ee41-1291-4fbe-9e92-21e1030a77c6,3323.56,3324,97000000,512000000,
2025-12-06 18:02:09.491,51f91ac9-f260-4fc6-bac4-02b947af4629,3132.66,3133,97000000,512000000,
2025-12-06 18:02:09.486,7dd67c3b-dfa2-4082-898c-1ef5609a380c,3081.06,3082,97000000,512000000,
2025-12-06 18:02:09.484,addbaee9-dfe6-400b-a272-11f40e90fe99,3089.05,3090,97000000,512000000,
2025-12-06 18:02:09.477,466447a2-02f0-495d-830d-2a73409e2f8f,3194.63,3195,97000000,512000000,
2025-12-06 18:02:09.474,5741f733-ab7e-473c-8f9f-7cb9c17eb820,3079.65,3080,98000000,512000000,
2025-12-06 18:02:09.469,a0e627f3-559d-4d99-8a54-e067b418e6a8,3117.84,3118,98000000,512000000,
2025-12-06 18:02:09.451,6876ed00-4602-48ff-b185-34133d22622e,3170.85,3171,97000000,512000000,
2025-12-06 18:02:09.443,b65bdc66-5737-413d-a58d-b0295fc42b62,2881.93,2882,100000000,512000000,
2025-12-06 18:02:09.440,446e795a-6eed-4f80-8f8f-b706da3f0d11,3161.24,3162,97000000,512000000,
2025-12-06 18:02:09.439,502e60a7-912d-41f8-b349-9ac8d509535c,3176.75,3177,97000000,512000000,
2025-12-06 18:02:09.430,e9190ac5-f1fc-48d0-94e2-978b9ea59679,3154.24,3155,97000000,512000000,
2025-12-06 18:02:09.427,8037fb58-5151-4679-91d8-1c7f462ad5ab,3101.33,3102,97000000,512000000,
2025-12-06 18:02:09.422,e7efc400-fddc-4b2d-b176-9aaafc9108c1,3113.68,3114,97000000,512000000,
2025-12-06 18:02:09.419,27be9515-fc0d-44e5-979c-99c94b54a77b,3122.64,3123,97000000,512000000,
2025-12-06 18:02:09.415,eeed0def-95b1-47cb-8cf9-9abf7dc7aa9e,3040.59,3041,97000000,512000000,
2025-12-06 18:02:09.415,d808eec4-d7ef-4caa-b7ad-981adae0cf55,3291.36,3292,97000000,512000000,
2025-12-06 18:02:09.413,792f8db4-d16b-41a2-9698-3eab59690f98,3048.03,3049,97000000,512000000,
2025-12-06 18:02:09.410,324dfd0d-25b9-488e-941d-6e2083876694,3021.61,3022,97000000,512000000,
2025-12-06 18:02:09.394,40d7543c-46ad-43d8-a336-57613df91fcb,3017.66,3018,97000000,512000000,
2025-12-06 18:02:09.388,efe71eec-a0b7-44ef-8915-56a8f265a670,2773.11,2774,100000000,512000000,
2025-12-06 18:02:09.384,0b51cf08-0b1d-4726-adaa-168c4e988db6,3110.5,3111,97000000,512000000,
2025-12-06 18:02:09.373,0910f3b5-b58d-4775-8f81-55883732411e,3170.89,3171,97000000,512000000,
2025-12-06 18:02:09.371,2cd3a904-e085-4202-a340-6f0138dcdcc9,3169.28,3170,97000000,512000000,
2025-12-06 18:02:09.370,728bd222-2842-4246-9d44-76146c8ef53d,3209.01,3210,97000000,512000000,
2025-12-06 18:02:09.367,c3f4fe87-904a-434f-8b49-9eac00f80da6,3013.15,3014,97000000,512000000,
2025-12-06 18:02:09.364,01602f2f-d44c-4d17-89bc-89ffe0367101,3034.64,3035,97000000,512000000,
2025-12-06 18:02:09.358,92d623b5-334b-4f03-89cd-386c5548071a,3231.71,3232,97000000,512000000,
2025-12-06 18:02:09.350,389ec196-d262-471e-91bc-988dcc15ac32,3109.55,3110,97000000,512000000,
2025-12-06 18:02:09.337,54179cad-4126-4a9f-81c9-94f3daa4b5ca,2973.23,2974,97000000,512000000,
2025-12-06 18:02:09.335,90286cc9-f893-4896-997b-44f58c0a30b4,2947.93,2948,97000000,512000000,
2025-12-06 18:02:09.334,11147868-d5b1-43d8-bd01-214ac0143703,3004.93,3005,97000000,512000000,
2025-12-06 18:02:09.329,20e40c87-f087-4025-b02c-6f8b7410f4c1,3128.3,3129,97000000,512000000,
2025-12-06 18:02:09.305,35b962ca-bdf1-4dab-992d-003c50eb6af4,3061.41,3062,98000000,512000000,
2025-12-06 18:02:09.296,d312ed51-3684-4d49-acea-4dfc894edbe6,3108.32,3109,97000000,512000000,
2025-12-06 18:02:09.295,e4808adc-ee7a-4b6b-b30e-d985e66a6bc4,3301.96,3302,98000000,512000000,
2025-12-06 18:02:09.295,bf3a1877-f34e-4e8d-97b8-f222c463b92e,3099.98,3100,97000000,512000000,
2025-12-06 18:02:09.286,d59ccba9-a54a-4541-a48a-b248afc06095,3127.34,3128,98000000,512000000,
2025-12-06 18:02:09.284,ace27120-f3ab-4c5a-b21e-00563f58d69b,2948.79,2949,97000000,512000000,
2025-12-06 18:02:09.281,8bb901e1-5fb7-4c6b-9865-18b9ff6d034f,3051.59,3052,97000000,512000000,
2025-12-06 18:02:09.274,503b912e-b3f4-4c9b-bea8-a831fe8732fa,3167.36,3168,97000000,512000000,
2025-12-06 18:02:09.264,02fa3b73-5915-4e62-ab68-1f46a741f6aa,3209.09,3210,98000000,512000000,
2025-12-06 18:02:09.264,5e9db158-8fb0-4db5-9ab0-4ee351413bb7,3114.79,3115,97000000,512000000,
2025-12-06 18:02:09.257,017ea9e0-65c9-4b32-addf-9f5d69326e28,3314.47,3315,97000000,512000000,
2025-12-06 18:02:09.249,4d247916-dc2f-4ebf-b973-cabae2306046,3136.58,3137,97000000,512000000,
2025-12-06 18:02:09.246,ef36c4b8-b853-472e-869e-09062ca9de97,3162.04,3163,97000000,512000000,
2025-12-06 18:02:09.245,5567fab5-7270-49fa-8c7a-da687bb082eb,3112.44,3113,97000000,512000000,
2025-12-06 18:02:09.237,9ca28489-3bec-4cb5-9178-9f9f703b422e,2990.71,2991,97000000,512000000,
2025-12-06 18:02:09.237,03729dfc-cd6c-48d6-b8bc-bc9f2136a578,2985.73,2986,97000000,512000000,
2025-12-06 18:02:09.235,37883f3d-41ad-4a81-b477-6b4377b00d2e,3503.54,3504,97000000,512000000,
2025-12-06 18:02:09.232,b285ceff-c0a2-4aa1-a150-be6f6e61eb67,3072.12,3073,98000000,512000000,
2025-12-06 18:02:09.231,50762de7-2166-4926-97d2-2e90437359c3,2996.89,2997,97000000,512000000,
2025-12-06 18:02:09.228,fdb74af5-c04b-4d5c-8c5d-449dc3edeca0,3148.58,3149,97000000,512000000,
2025-12-06 18:02:09.222,faf4cf40-8a9f-4586-b208-184305cd6039,3022.36,3023,98000000,512000000,
2025-12-06 18:02:09.207,f15ac12c-43e3-4ef2-a3b5-a1c98bbda1c9,3072.78,3073,97000000,512000000,
2025-12-06 18:02:09.207,99009192-188a-4319-9dfc-9654f889995f,3102.73,3103,97000000,512000000,
2025-12-06 18:02:09.201,a552c953-9907-4ead-825a-07894be2cc48,3150.34,3151,97000000,512000000,
2025-12-06 18:02:09.196,19c81396-6af9-44f6-93a0-193e5c6e129a,2991.26,2992,97000000,512000000,
2025-12-06 18:02:09.194,17485876-29e7-4e45-946c-c7be15a32f4b,3075.62,3076,97000000,512000000,
2025-12-06 18:02:09.192,b821198e-746b-4252-a93c-2bba6d67412a,3085.86,3086,98000000,512000000,
2025-12-06 18:02:09.185,ac3e9bb6-afb1-4440-afc2-fbb3a6ac836f,3045.84,3046,97000000,512000000,
2025-12-06 18:02:09.181,13a85f40-6f96-4116-9bc9-e65b514c5a44,3056.02,3057,97000000,512000000,
2025-12-06 18:02:09.170,a2b061f9-7f73-40c4-8ef7-cdd9fe8a5bb6,2646.07,2647,101000000,512000000,
2025-12-06 18:02:09.161,1dd48587-1ee2-4f9c-a5f5-2ecf4a308b2e,3215.94,3216,97000000,512000000,
2025-12-06 18:02:09.141,9ae2aa9a-026e-440a-884d-d9529db77fb2,3261.91,3262,97000000,512000000,
2025-12-06 18:02:09.141,d2d3c7c8-108a-4109-9161-75bde793dbd7,2125.51,2126,89000000,512000000,
2025-12-06 18:02:09.134,c5e3876e-fd25-4e09-a0c1-09c248bb3fc5,3114.78,3115,97000000,512000000,
2025-12-06 18:02:09.133,aec15188-d7c4-4a07-86f7-4a77b119eaeb,2907.78,2908,97000000,512000000,
2025-12-06 18:02:09.126,ab619100-dcbc-4fa0-a155-0266b75c70c5,2948.34,2949,97000000,512000000,
2025-12-06 18:02:09.124,dec1683c-d298-4fc6-8fa3-807a7d254a68,3009.48,3010,97000000,512000000,
2025-12-06 18:02:09.118,ec2090dd-a49b-4df4-9ead-1284702d017b,3109.36,3110,97000000,512000000,
2025-12-06 18:02:09.104,0615f0b2-ae0a-4b58-a923-ee4061dd011c,3193.68,3194,97000000,512000000,
2025-12-06 18:02:09.102,f3e22926-5f59-4f35-97ed-7973e5419568,3052.97,3053,97000000,512000000,
2025-12-06 18:02:09.096,274b811f-f49c-4840-8342-6c75c6fe244d,3068.03,3069,97000000,512000000,
2025-12-06 18:02:09.094,74289a91-8004-406c-8757-0cbfc64c0dae,3120.42,3121,97000000,512000000,
2025-12-06 18:02:09.093,dfeea82a-a8fc-40c6-abe6-d3417e6cad2d,3062.83,3063,97000000,512000000,
2025-12-06 18:02:09.082,6a32e8d5-1369-46e1-8536-c3c79dc5f1ba,2952.51,2953,97000000,512000000,
2025-12-06 18:02:09.075,472de7aa-acea-4e3f-98fe-dacdc6bb65ed,3074.89,3075,97000000,512000000,
2025-12-06 18:02:09.066,651a64ab-053f-4a6d-a3f8-22bdeb18cccc,3277.84,3278,97000000,512000000,
2025-12-06 18:02:09.043,ec347103-6d65-45f3-9839-1e2e85eaee5f,3170.03,3171,98000000,512000000,
2025-12-06 18:02:09.040,e036a2b5-b81f-4c5a-b7c9-a788cf9eb4a5,3033.82,3034,97000000,512000000,
2025-12-06 18:02:09.039,c69ae520-0c0d-46af-9c83-e0a0144de5bf,3115.97,3116,97000000,512000000,
2025-12-06 18:02:09.037,3c2baf24-2dac-4052-aeda-1075a69ebf34,3007.63,3008,98000000,512000000,
2025-12-06 18:02:09.027,dc04ea3f-b2da-44ab-85dc-ab4752c38a21,3162.05,3163,97000000,512000000,
2025-12-06 18:02:09.011,df77d246-4be8-4faf-a684-19f4d1fc3d4b,3078.17,3079,97000000,512000000,
2025-12-06 18:02:09.010,230d6541-f14d-477e-8a16-f6092d452203,3177.61,3178,98000000,512000000,
2025-12-06 18:02:08.999,92410864-afd7-46d1-a5b0-18d6d959b353,3059.76,3060,97000000,512000000,
2025-12-06 18:02:08.998,39aba4e0-350d-4125-b83d-490ced64948f,3029.93,3030,97000000,512000000,
2025-12-06 18:02:08.997,b261a4fd-56d7-4a6b-8499-ada82cd74250,3052.05,3053,97000000,512000000,
2025-12-06 18:02:08.997,a3873a13-af9b-42e3-8230-12bb96fd55b1,3019.77,3020,97000000,512000000,
2025-12-06 18:02:08.996,7285df67-77a9-4311-a6a6-02acc15d963b,3058.16,3059,97000000,512000000,
2025-12-06 18:02:08.984,d78ca6b0-f795-49d5-bef6-d4068a1962dc,3093.95,3094,97000000,512000000,
2025-12-06 18:02:08.984,b1ae7ea3-c714-4d33-b77a-a55f4527f5f8,3055.81,3056,97000000,512000000,
2025-12-06 18:02:08.979,c58cac6e-144c-46f8-bc46-c88102ce3bec,3129.16,3130,97000000,512000000,
2025-12-06 18:02:08.939,b57084c0-9148-496f-b7f4-52e961f0a83a,2129.92,2130,92000000,512000000,
2025-12-06 18:02:08.924,8788a0d6-0330-45e2-beae-1096c2105569,3025.89,3026,97000000,512000000,
2025-12-06 18:02:08.920,b994eb81-9440-443f-b64b-5e64563ac9d3,3055.05,3056,97000000,512000000,
2025-12-06 18:02:08.917,11a5b666-de7a-4fe9-b130-a872f6ad486a,3014.23,3015,97000000,512000000,
2025-12-06 18:02:08.912,1d7d9416-f433-4301-bae4-8dfee8031be3,3080.49,3081,97000000,512000000,
2025-12-06 18:02:08.911,5ee5f441-693b-4992-9e19-2d1a345a1535,2129.95,2130,90000000,512000000,
2025-12-06 18:02:08.906,8a5f2755-d67d-4c17-af6a-7d7c3c628c68,3020.96,3021,97000000,512000000,
2025-12-06 18:02:08.906,82778e94-6db8-4d67-a3d1-31917c4e5b9b,2965.77,2966,97000000,512000000,
2025-12-06 18:02:08.902,53cfc753-d3a7-4c42-93a5-ba896ae4d7a6,2949.61,2950,97000000,512000000,
2025-12-06 18:02:08.888,a77a7456-2775-4593-9138-6ea9195f0813,2567.99,2568,100000000,512000000,
2025-12-06 18:02:08.887,ee53c50c-1a92-44da-87b9-be65fc0cfd85,3162.72,3163,97000000,512000000,
2025-12-06 18:02:08.882,cac98bf0-7d85-4a09-8c38-12036c2382af,3120.91,3121,97000000,512000000,
2025-12-06 18:02:08.881,91d3caab-c85a-4ade-8424-2ab826de6d2c,2984.61,2985,98000000,512000000,
2025-12-06 18:02:08.880,06a0760b-5fad-4ab4-a967-b2b9b6e13470,2935.09,2936,97000000,512000000,
2025-12-06 18:02:08.873,3fa78428-1a9f-4c8a-93b2-c42fd32667f4,3127.34,3128,97000000,512000000,
2025-12-06 18:02:08.872,80d21540-5508-47a4-affb-b2bd9059aff8,2949.14,2950,97000000,512000000,
2025-12-06 18:02:08.869,a52cbff7-06fa-44a6-91b1-f0af44f93d99,3205.98,3206,97000000,512000000,
2025-12-06 18:02:08.864,8ad6c9e3-7518-465a-9cf5-766881b086b4,3050.42,3051,97000000,512000000,
2025-12-06 18:02:08.854,d47c5f6c-01d3-40d9-8576-95d429618f66,3043.32,3044,97000000,512000000,
2025-12-06 18:02:08.853,b6812ad3-e9cc-45f2-af50-f0509f3bafa6,2578.5,2579,101000000,512000000,
2025-12-06 18:02:08.846,7df2b8da-e6a5-4728-9f8e-96c5b8e65cdd,3032.98,3033,97000000,512000000,
2025-12-06 18:02:08.846,0c998d5d-f29a-459b-ab20-3a95a908e280,2947.65,2948,97000000,512000000,
2025-12-06 18:02:08.843,b299667c-22cd-40e2-8768-2528eb1de804,2913.32,2914,97000000,512000000,
2025-12-06 18:02:08.840,544fea55-37a7-4c0f-a450-a57fff5fcc55,3116.04,3117,97000000,512000000,
2025-12-06 18:02:08.834,fa4782d2-2e95-43df-b271-90ab1474755b,3128.07,3129,97000000,512000000,
2025-12-06 18:02:08.832,7d2da54f-37b8-435e-aef1-e6777d42b3cc,3165.48,3166,97000000,512000000,
2025-12-06 18:02:08.832,100831dc-731c-4d62-91e7-336e3c0f4620,2953.63,2954,97000000,512000000,
2025-12-06 18:02:08.819,b06c2d77-7a26-4712-9fe4-8df8c7a08b85,3054.7,3055,97000000,512000000,
2025-12-06 18:02:08.811,9422c18e-c267-4518-80bf-bfda7368508a,2913.57,2914,97000000,512000000,
2025-12-06 18:02:08.799,0f0d0528-ea27-40fa-ae90-714fcbf472e5,2228.53,2229,94000000,512000000,
2025-12-06 18:02:08.794,3d221f74-e59a-4057-af10-bfe033a935f4,2955.92,2956,97000000,512000000,
2025-12-06 18:02:08.791,79fc9a8d-e523-4327-90ae-b59ddce16f6e,3020.38,3021,97000000,512000000,
2025-12-06 18:02:08.789,b1a6a2c6-c370-4b8b-aa83-b8ea4991d8fe,2989.46,2990,97000000,512000000,
2025-12-06 18:02:08.781,c0c50d18-94a7-4bbe-8a97-ae0a376bad47,3332.98,3333,97000000,512000000,
2025-12-06 18:02:08.776,912eebc4-c6ae-40c2-9ec3-5dfca61cad85,3023,3024,97000000,512000000,
2025-12-06 18:02:08.773,8bce46d8-6eab-4d45-b405-d466b5e2325b,3095.71,3096,97000000,512000000,
2025-12-06 18:02:08.771,d878559f-a7f3-4493-b7fc-4d0d2fb512d4,3271.93,3272,97000000,512000000,
2025-12-06 18:02:08.766,0ee624cb-2939-469c-9325-a0222bd41ef2,2937.18,2938,98000000,512000000,
2025-12-06 18:02:08.756,6360493e-a74d-4542-869b-110617eea83d,2591.82,2592,101000000,512000000,
2025-12-06 18:02:08.753,4579b258-826e-4ce3-bd01-08d0ea66795e,3027.02,3028,97000000,512000000,
2025-12-06 18:02:08.745,be93254c-2eba-497e-b054-43c07482ada2,3270.51,3271,97000000,512000000,
2025-12-06 18:02:08.736,5970e940-36ae-474a-8fe9-ed8f7ac0403a,3014.18,3015,97000000,512000000,
2025-12-06 18:02:08.728,f0f12d8c-29a4-47bd-8817-49869bd5b297,3173.94,3174,97000000,512000000,
2025-12-06 18:02:08.713,30a92d1d-164a-4376-be59-c74d0a7f7e5e,3007.62,3008,97000000,512000000,
2025-12-06 18:02:08.710,2ef3f169-90d1-43b9-b773-0cbcc544fdcc,3202.53,3203,97000000,512000000,
2025-12-06 18:02:08.690,dd4fa454-c542-4a14-aa0d-8b30d4be3475,2079.43,2080,90000000,512000000,
2025-12-06 18:02:08.686,6d062f79-bcb6-4f45-9424-7fb03039f81a,3075.5,3076,97000000,512000000,
2025-12-06 18:02:08.686,5c471c1c-5fc2-4ac9-aae4-2a14181a5202,2644.01,2645,100000000,512000000,
2025-12-06 18:02:08.664,684b5376-7a56-4dae-b520-a2fa2d90f284,2957.34,2958,98000000,512000000,
2025-12-06 18:02:08.651,820a516c-b024-44a2-9809-a05f4c98ea34,3074.43,3075,97000000,512000000,
2025-12-06 18:02:08.641,54aa64a2-9171-43cb-a1e4-373a994dff99,3042.89,3043,98000000,512000000,
2025-12-06 18:02:08.627,8a1e3052-af9a-4576-a0f9-5d7309766319,3025.57,3026,97000000,512000000,
2025-12-06 18:02:08.626,589de544-3a84-4929-a1d5-30420949d08d,3076.6,3077,97000000,512000000,
2025-12-06 18:02:08.612,0aca8810-dbea-46c6-8718-aab072720bea,2989.6,2990,97000000,512000000,
2025-12-06 18:02:08.610,ccc3af46-9ecb-42db-b51c-0bfc1fb2b583,3115.07,3116,97000000,512000000,
2025-12-06 18:02:08.592,bbbff070-abb6-4c7e-8a09-7be3323d81ea,2935.2,2936,97000000,512000000,
2025-12-06 18:02:08.552,c3dd405f-0708-45b1-8ae3-f61158b92db0,2915.51,2916,97000000,512000000,
2025-12-06 18:02:08.543,4a0fa5c9-d606-4b15-9f39-f81990323996,2453.68,2454,99000000,512000000,
2025-12-06 18:02:08.534,532589ee-1d10-4c97-8a31-646c594f2106,2950.86,2951,98000000,512000000,
2025-12-06 18:02:08.534,b9df47ca-6983-4424-b4cb-7dea18937b05,3051.78,3052,97000000,512000000,
2025-12-06 18:02:08.525,7f3e5d27-c39f-4855-bd2d-55093bc6efde,3049.21,3050,97000000,512000000,
2025-12-06 18:02:08.521,301d46f8-4294-44ce-a2ef-e5442854c718,3042.52,3043,97000000,512000000,
2025-12-06 18:02:08.520,7a75efa9-ee4c-448d-b2a6-111bebc19851,2941.68,2942,97000000,512000000,
2025-12-06 18:02:08.519,854a9c90-a0b2-4d76-bb90-98cb1e206fd1,3073.29,3074,97000000,512000000,
2025-12-06 18:02:08.518,e282efa6-f08d-432c-ac03-a83388bcb56d,2033.98,2034,91000000,512000000,
2025-12-06 18:02:08.510,0870a69e-0bbe-43c9-8f07-a360cbe04770,3026.73,3027,98000000,512000000,
2025-12-06 18:02:08.503,aa7e5af2-3398-432d-a0b9-17cede695417,2988.28,2989,97000000,512000000,
2025-12-06 18:02:08.484,59f261d0-146e-4b2c-91b4-dba66ee2aece,3451.7,3452,90000000,512000000,
2025-12-06 18:02:08.484,cb4cc352-b172-4083-a469-7850fb199250,2187.19,2188,93000000,512000000,
2025-12-06 18:02:08.480,3c827ef1-9f9d-4b6f-9325-c058c6e559af,2414.21,2415,100000000,512000000,
2025-12-06 18:02:08.480,284e25c7-aebe-441b-a069-2e1fbedd09a4,3193.14,3194,97000000,512000000,
2025-12-06 18:02:08.476,4896049b-4964-4f89-bba9-e75809220c09,3666.13,3667,89000000,512000000,
2025-12-06 18:02:08.442,60ec956b-a569-4028-9669-280261393566,3064.59,3065,97000000,512000000,
2025-12-06 18:02:08.431,118e539c-34b3-4358-a6c0-d7222f17ac72,2991.65,2992,97000000,512000000,
2025-12-06 18:02:08.430,eb38f159-8ee7-417b-abe7-9f5cfd29ab4a,3085.11,3086,97000000,512000000,
2025-12-06 18:02:08.424,2f233656-2535-4f35-9e88-5c69515501b8,2982.31,2983,97000000,512000000,
2025-12-06 18:02:08.423,907ccc85-d813-4a09-be88-77ea477a5f8d,2856.43,2857,97000000,512000000,
2025-12-06 18:02:08.416,d20a5f19-6447-4c8c-98a8-40a4698e1635,2518.72,2519,100000000,512000000,
2025-12-06 18:02:08.414,0a8e0001-b5b7-4446-b8f9-db7b63b36ff9,3111.87,3112,98000000,512000000,
2025-12-06 18:02:08.371,8b248ccc-d259-4abc-8e33-a590781bc825,3450.1,3451,90000000,512000000,
2025-12-06 18:02:08.362,89574119-04c0-4a9f-a13e-087d8f38bd83,2976.97,2977,97000000,512000000,
2025-12-06 18:02:08.354,094354b7-e02b-44a3-aa27-0e89b66cf497,2177.4,2178,91000000,512000000,
2025-12-06 18:02:08.334,1175e402-caee-4bd1-b39c-837fae423b5f,3050.52,3051,97000000,512000000,
2025-12-06 18:02:08.317,04e92d26-8a99-424b-9bcb-04b27974d929,3075.28,3076,97000000,512000000,
2025-12-06 18:02:08.307,348b66f1-ffba-419b-8c81-0eff0ca84e76,2557.14,2558,100000000,512000000,
2025-12-06 18:02:08.284,1bf81088-7204-4076-8268-1eaf5d297d08,2960.02,2961,98000000,512000000,
2025-12-06 18:02:08.284,bfb07d1a-4248-496c-adcc-a52abc01509d,3094.42,3095,97000000,512000000,
2025-12-06 18:02:08.283,5c3b5a29-a504-4b99-9c2c-3d64dc7325c5,2986.13,2987,97000000,512000000,
2025-12-06 18:02:08.270,f91a902f-0bc4-4411-ba12-1be52d4f94fc,3674.48,3675,90000000,512000000,
2025-12-06 18:02:08.264,8dd4799f-24a2-45ce-9a39-756dfa8c0f2f,3405.27,3406,91000000,512000000,
2025-12-06 18:02:08.260,863857b8-2a13-4226-a35d-5889cd1e1f31,3015.56,3016,97000000,512000000,
2025-12-06 18:02:08.240,7a9e3a2e-6f08-49b8-ab87-3ffc9bfd4dbd,3023.56,3024,97000000,512000000,
2025-12-06 18:02:08.237,f4afa79d-d232-46e2-8e0b-ab6abfc0994b,3081.48,3082,97000000,512000000,
2025-12-06 18:02:08.231,20e88844-95b2-4afa-85cb-bfdfce9f02cf,2992.28,2993,98000000,512000000,
2025-12-06 18:02:08.229,60dd0d4a-2dd7-4f9f-9466-54f557ba1c41,3180.6,3181,97000000,512000000,
2025-12-06 18:02:08.227,026ff837-fea4-4f85-92c9-ccb850a3141c,2947.85,2948,97000000,512000000,
2025-12-06 18:02:08.215,90de9362-ebee-4b0e-a369-d1c44415ea44,2996.72,2997,97000000,512000000,
2025-12-06 18:02:08.199,f8245367-b155-42d8-8551-a9a26cbacee7,2972.49,2973,98000000,512000000,
2025-12-06 18:02:08.184,53ddd3b5-289a-4870-b54b-3a296a2d39b2,2870.56,2871,97000000,512000000,
2025-12-06 18:02:08.174,fb8220fe-cee6-47c8-a69f-0d9209143f91,3010.16,3011,97000000,512000000,
2025-12-06 18:02:08.164,183567f2-4afb-4f47-8584-bee209b1457e,2980.94,2981,97000000,512000000,
2025-12-06 18:02:08.162,ff50cf0f-29f7-4405-b25c-74f31da066eb,2808.34,2809,97000000,512000000,
2025-12-06 18:02:08.162,367d3da6-454e-4983-8908-04aba9c52a74,3556.8,3557,91000000,512000000,
2025-12-06 18:02:08.141,a14cfd96-0775-4a9a-ae37-577939ebcad0,2896.46,2897,97000000,512000000,
2025-12-06 18:02:08.139,5b792aa9-2260-4b12-88bf-a34fef37079d,3551.67,3552,90000000,512000000,
2025-12-06 18:02:08.136,e92b28cc-cd2c-44ea-aa59-dd6fcafeceed,2952.03,2953,97000000,512000000,
2025-12-06 18:02:08.132,753f4ada-c911-45c6-9c3d-12c2261d6a4c,3026.16,3027,97000000,512000000,
2025-12-06 18:02:08.121,d580e875-bf2c-4848-a4bb-b4d6bacb6c21,3010.54,3011,97000000,512000000,
2025-12-06 18:02:08.104,f5920014-8420-4847-b395-b2a8cb0809ea,3439.83,3440,90000000,512000000,
2025-12-06 18:02:08.103,39fddb4c-f26b-42fa-b586-fcef978f9680,3743.08,3744,91000000,512000000,
2025-12-06 18:02:08.076,001c6a5f-bb42-4776-a505-5e75cf160bda,2427.13,2428,100000000,512000000,
2025-12-06 18:02:08.067,2a9bb346-cb94-4885-a4d7-8bf0fec4dfd8,3402.81,3403,89000000,512000000,
2025-12-06 18:02:08.065,7aba7b19-f855-4b95-9a20-b5ff7961947e,2934.5,2935,97000000,512000000,
2025-12-06 18:02:08.061,7bbd5d68-3848-40f8-8728-0758c05d8152,2907.68,2908,97000000,512000000,
2025-12-06 18:02:08.040,57b0d618-983d-4a0c-99ab-c9721ea55676,3493.65,3494,90000000,512000000,
2025-12-06 18:02:08.006,24541147-9b74-4699-a691-217ced57199e,2066.64,2067,90000000,512000000,
2025-12-06 18:02:07.953,b9dcca52-5d77-4c1d-9c9e-d9f408edbeed,3420.88,3421,89000000,512000000,
2025-12-06 18:02:07.941,81e4ea9d-2189-456e-b13a-c91cadc825be,2131.34,2132,89000000,512000000,
2025-12-06 18:02:07.924,8ad21b01-c3d4-463a-812f-f878ac39d842,3439.86,3440,90000000,512000000,
2025-12-06 18:02:07.921,aef511b5-e6e3-4a80-a57f-34d6633067d1,3495.84,3496,91000000,512000000,
2025-12-06 18:02:07.851,8c5145d1-bbd8-47a6-a022-2bfc8f4fd81a,3524.3,3525,90000000,512000000,
2025-12-06 18:02:07.843,61b73b5e-7d75-4cbf-b9ec-7e95cdf1ecb2,1983.24,1984,90000000,512000000,
2025-12-06 18:02:07.837,ef129bd3-2e09-4f47-83a6-5c471a6731e5,2067.16,2068,92000000,512000000,
2025-12-06 18:02:07.832,584a0e74-4027-49a3-99fb-ce6d2ca6a15f,2086.77,2087,90000000,512000000,
2025-12-06 18:02:07.817,884d188f-14f7-467d-93bb-5d2279c3186d,3410.35,3411,90000000,512000000,
2025-12-06 18:02:07.806,eb319d75-b85b-4051-9fd7-d1e81fab655e,3466.03,3467,89000000,512000000,
2025-12-06 18:02:07.799,bc7ede68-70c7-4003-8f7c-f269a8e867ee,1999.21,2000,90000000,512000000,
2025-12-06 18:02:07.791,344ccf56-73a1-45aa-ba7d-3da6bfd6ab55,3668.73,3669,90000000,512000000,
2025-12-06 18:02:07.784,75d68030-b2ce-4472-8938-9063e0491b72,3566.77,3567,90000000,512000000,
2025-12-06 18:02:07.709,328f4642-267e-498e-b9a3-53492361d4c5,2995.16,2996,97000000,512000000,
2025-12-06 18:02:07.706,4159f5d4-8e6a-49f1-9f09-f2cd518c6dba,2032.13,2033,92000000,512000000,
2025-12-06 18:02:07.692,d4454bc0-5d5b-40d2-9fab-9f055750e68b,2016.66,2017,89000000,512000000,
2025-12-06 18:02:07.677,caa761c2-3029-4443-92ea-1f1827846096,1957.94,1958,91000000,512000000,
2025-12-06 18:02:07.671,1bcf5ca5-ac49-408f-a0e7-f0888c629f8c,1989.1,1990,90000000,512000000,
2025-12-06 18:02:07.662,08102fc2-f5c5-4d84-bf8b-aebfc5ef57d6,3459.74,3460,89000000,512000000,
2025-12-06 18:02:07.657,340dd519-57a8-4dac-9ed5-08c996827374,3520.56,3521,90000000,512000000,
2025-12-06 18:02:07.652,89d14785-dac8-4650-93ea-68409cefab28,3400.43,3401,89000000,512000000,
2025-12-06 18:02:07.651,bec91351-c54c-49f2-ab71-2c1f6e5288f7,3512.52,3513,89000000,512000000,
2025-12-06 18:02:07.641,2fb928ad-02ee-4e26-86d0-09b63e3817dd,3740.43,3741,90000000,512000000,
2025-12-06 18:02:07.629,21ace83a-8a43-45aa-9551-f4528af36239,3458.67,3459,90000000,512000000,
2025-12-06 18:02:07.620,9f97f80a-b5b1-421f-94cb-f75e4ee33b94,3506.05,3507,90000000,512000000,
2025-12-06 18:02:07.607,5716f3f9-ed0d-488a-90dc-c10b8b71a37b,1961.91,1962,91000000,512000000,
2025-12-06 18:02:07.520,9c16bab3-6864-40a7-9342-ea5a4c335554,3324.08,3325,90000000,512000000,
2025-12-06 18:02:07.500,58c1294f-641d-4626-9ba9-6a01e4f6001d,3452.25,3453,90000000,512000000,
2025-12-06 18:02:07.498,fa10644a-e7fe-481a-8b95-4e6ff146b831,3495.68,3496,91000000,512000000,
2025-12-06 18:02:07.491,5f8397e2-c07f-45b2-8482-1670c507a230,3438.91,3439,89000000,512000000,
2025-12-06 18:02:07.491,65852b60-073e-45ee-926b-70fd095363db,3486.85,3487,91000000,512000000,
2025-12-06 18:02:07.488,bfcd1d86-a288-4ce7-93df-4271a514e8bd,3583.94,3584,90000000,512000000,
2025-12-06 18:02:07.476,7503cd36-0070-46c3-9866-ef30d110d4d6,3483.16,3484,89000000,512000000,
2025-12-06 18:02:07.461,c196f702-30c2-4d45-8939-3d43c7727023,3404.58,3405,90000000,512000000,
2025-12-06 18:02:07.458,e09c1378-3a96-40d6-8b80-09489def6e70,3382.71,3383,91000000,512000000,
2025-12-06 18:02:07.457,8e33e15f-5c98-4aab-b044-ed84a0b170e4,3260.77,3261,90000000,512000000,
2025-12-06 18:02:07.452,08c50978-2efc-4245-8c22-36bd6f07289f,2711.83,2712,97000000,512000000,
2025-12-06 18:02:07.410,0cc8fb1b-ada0-405b-9c2c-e19ff5479986,3442.74,3443,92000000,512000000,
2025-12-06 18:02:07.405,e89e2984-d844-4ab3-987e-b0d40268ae7b,3529.45,3530,89000000,512000000,
2025-12-06 18:02:07.400,1d3db65c-20d9-42a0-be9c-9857c73bff66,3461.04,3462,90000000,512000000,
2025-12-06 18:02:07.398,1079023e-e35f-41a1-900d-0eccadb00dea,3493.7,3494,90000000,512000000,
2025-12-06 18:02:07.389,6cf706a9-2751-4615-859a-ceccc4c59606,3496.22,3497,89000000,512000000,
2025-12-06 18:02:07.385,963797af-54da-44bd-8fc4-dd2f5c690021,3296.6,3297,90000000,512000000,
2025-12-06 18:02:07.385,4eb20c40-062e-4fb2-9cfe-d1bfe5da6008,3538.98,3539,93000000,512000000,
2025-12-06 18:02:07.373,babc8ec9-e101-449a-9746-427e26c3e8fd,3573.11,3574,90000000,512000000,
2025-12-06 18:02:07.356,8db40a84-0f2f-46a5-92e7-0e4b097ee3d6,3548.45,3549,89000000,512000000,
2025-12-06 18:02:07.341,1f87fc7a-6526-4948-97ae-b1f80c094393,3408.16,3409,90000000,512000000,
2025-12-06 18:02:07.308,291cafe5-1f90-40ec-abb2-04b64cb5bdc0,3446.69,3447,89000000,512000000,
2025-12-06 18:02:07.289,9e3ba1f5-e43a-4564-b70c-522144be3bec,3437.5,3438,89000000,512000000,
2025-12-06 18:02:07.281,67fdee4f-6923-4c84-93df-b7b848b629cd,3365.91,3366,89000000,512000000,
2025-12-06 18:02:07.264,a07e4e1c-8881-4c7e-af68-673de6ed1f86,3371.35,3372,90000000,512000000,
2025-12-06 18:02:07.253,5b3ebed3-fb95-4c7a-aeaa-d2587167ecef,3243.02,3244,90000000,512000000,
2025-12-06 18:02:07.241,3872f578-74c8-4dcf-9684-2650769057ad,3376.03,3377,90000000,512000000,
2025-12-06 18:02:07.241,5a279a3d-8c56-4729-bada-88fd0504139d,3271.58,3272,89000000,512000000,
2025-12-06 18:02:07.232,3cb94103-0cdb-47d4-8606-ce8aab5fe1fb,2619.35,2620,97000000,512000000,
2025-12-06 18:02:07.229,4ba107a3-c9f3-41d5-b8ad-91f1f11a477b,3519.03,3520,90000000,512000000,
2025-12-06 18:02:07.223,7aceb74d-3cdc-4f8e-a934-a61f9f73326a,3589.41,3590,89000000,512000000,
2025-12-06 18:02:07.216,87f29b59-621d-48e3-94c4-1dda8c49d22c,3507.82,3508,90000000,512000000,
2025-12-06 18:02:07.209,b2b5ab29-198d-4717-bede-bde532f4f67e,3482.15,3483,90000000,512000000,
2025-12-06 18:02:07.204,ccd51612-393a-4823-9807-aa5620319092,2594.09,2595,98000000,512000000,
2025-12-06 18:02:07.161,b43e7cd3-01f5-4ece-a8b2-f3769c5236a1,3265.88,3266,90000000,512000000,
2025-12-06 18:02:07.144,ddd4b5aa-6ab6-4b42-aa51-4529b52d4c35,3344.46,3345,90000000,512000000,
2025-12-06 18:02:07.139,acdfb075-29dd-42e8-84e5-edc789e73607,3420.3,3421,89000000,512000000,
2025-12-06 18:02:07.136,5d906411-3126-4b4c-a903-ae0237e486eb,3289.99,3290,90000000,512000000,
2025-12-06 18:02:07.130,a11a9487-5edf-4bef-b92b-89c49f13f834,3588.71,3589,90000000,512000000,
2025-12-06 18:02:07.127,4fa2a573-ee78-46e4-a11d-2c5d146f9ba4,3414.07,3415,90000000,512000000,
2025-12-06 18:02:07.119,cb0057bd-1314-40ed-8f75-0b1b5c6e1d23,3270.29,3271,90000000,512000000,
2025-12-06 18:02:07.109,cb48a977-3d3c-467d-8cd8-bddbb4469bb1,3610.97,3611,91000000,512000000,
2025-12-06 18:02:07.107,4e5e91b8-04a8-4c2d-af2d-489352267a6e,3651.08,3652,90000000,512000000,
2025-12-06 18:02:07.100,f56ea317-276b-4891-ab31-27e5becacf33,3426.35,3427,90000000,512000000,
2025-12-06 18:02:07.088,97bc80c1-7926-4064-8965-1f7d96569057,3234.93,3235,90000000,512000000,
2025-12-06 18:02:07.085,07db0b3c-aff6-4095-bd92-66301640f315,3351.95,3352,89000000,512000000,
2025-12-06 18:02:07.083,07f5355e-80d6-4cdb-94a4-9e1f82069142,3301.24,3302,90000000,512000000,
2025-12-06 18:02:07.074,6a31ab34-6e26-453b-b935-641f93bd2f9d,2794.01,2795,97000000,512000000,
2025-12-06 18:02:07.065,0aedf0b1-c7a8-4d17-b0f1-6ddd9909e3d1,3400.47,3401,89000000,512000000,
2025-12-06 18:02:07.062,2a4f5a9c-ac0d-4ccf-af61-b518f000c97f,3420.36,3421,89000000,512000000,
2025-12-06 18:02:07.059,9e7840bc-4f72-402c-bbbc-5c4bd4402b51,3393.05,3394,89000000,512000000,
2025-12-06 18:02:07.045,73802b5c-2252-4489-9f5f-2b32e3668b5a,3398.51,3399,90000000,512000000,
2025-12-06 18:02:07.022,7143f8b9-cc8c-4a49-9567-2647b252b814,3339.64,3340,90000000,512000000,
2025-12-06 18:02:07.016,164a7ca4-126b-4c30-ac75-90ee9339317e,3371.66,3372,90000000,512000000,
2025-12-06 18:02:07.007,6068f288-d14f-4ff7-980a-316a74cc6f41,2868.42,2869,97000000,512000000,
2025-12-06 18:02:07.006,8e9fbd29-3004-49f1-a176-3d845e49518c,2218.9,2219,103000000,512000000,
2025-12-06 18:02:06.999,7bb88a5b-a7ee-4adb-9c5f-00bba38e0ffa,3473.49,3474,90000000,512000000,
2025-12-06 18:02:06.993,dfd7736a-234f-4cd0-a74d-058c18630b07,3238.84,3239,90000000,512000000,
2025-12-06 18:02:06.988,46550ada-1ed9-4745-a70b-140459db547f,3249.89,3250,90000000,512000000,
2025-12-06 18:02:06.987,d7b6f3a4-d128-453e-9677-6bcf9afeb04b,3243.55,3244,90000000,512000000,
2025-12-06 18:02:06.983,d34e5c08-2fa9-4e10-b3dc-1127d60dc3c8,3399.56,3400,89000000,512000000,
2025-12-06 18:02:06.975,f03be53a-cc06-4c97-97e1-38b1b4e9d301,2557.85,2558,97000000,512000000,
2025-12-06 18:02:06.968,dee0a7fc-cbf7-4d69-9c7b-60cdab5e144a,3709.97,3710,90000000,512000000,
2025-12-06 18:02:06.968,30272cc5-a618-43da-8105-08173628b930,3199.97,3200,91000000,512000000,
2025-12-06 18:02:06.965,94e51f5e-ca0b-451c-9a58-548f37650225,2803.99,2804,97000000,512000000,
2025-12-06 18:02:06.947,de0cfdb4-8fad-4359-8cda-2627ee4de86a,3315.45,3316,91000000,512000000,
2025-12-06 18:02:06.939,4f015b43-52e6-4e57-b779-8383bb088686,3413.28,3414,90000000,512000000,
2025-12-06 18:02:06.934,d6ae20c2-3756-4d36-a932-1ddda9235436,3272.42,3273,90000000,512000000,
2025-12-06 18:02:06.934,f7c8421b-f364-4343-b816-e6de14f0781d,3509.64,3510,90000000,512000000,
2025-12-06 18:02:06.933,6615c4ba-67aa-4b36-aa97-3d9ab46730a5,3431.7,3432,90000000,512000000,
2025-12-06 18:02:06.922,2f68b80e-2597-4e77-955d-dc2730cddd36,3314.62,3315,89000000,512000000,
2025-12-06 18:02:06.917,71ab6ebd-861f-4269-b8ad-fd6c9a86bfa4,3433.67,3434,89000000,512000000,
2025-12-06 18:02:06.915,28ea2268-f39c-4cb2-8517-04570251d44b,3371.2,3372,90000000,512000000,
2025-12-06 18:02:06.908,0d6f793e-11e1-480d-95a2-60917478a7c3,3324.09,3325,90000000,512000000,
2025-12-06 18:02:06.890,ca44e5ec-1b02-4548-8fa0-3184cae2b7e7,3358.97,3359,89000000,512000000,
2025-12-06 18:02:06.888,3b99fe97-3fd1-49f4-bdf8-b14d8382fae4,2528.88,2529,97000000,512000000,
2025-12-06 18:02:06.872,93632661-154e-463b-8257-e6ea52a053d2,3373.05,3374,93000000,512000000,
2025-12-06 18:02:06.870,070d420e-cb48-445e-939e-c81cf9f00841,3303.56,3304,89000000,512000000,
2025-12-06 18:02:06.865,025774ab-5ae8-42d1-a9ff-1bc85aef9fa6,3238.5,3239,90000000,512000000,
2025-12-06 18:02:06.865,581ce2c1-dfcd-43e3-a704-43dd87490e99,3419.31,3420,90000000,512000000,
2025-12-06 18:02:06.858,137b2877-efbf-49aa-9d03-2d939c3e25d4,3346.17,3347,90000000,512000000,
2025-12-06 18:02:06.853,35616a00-4777-4c6e-935d-5075ea80561c,3281.04,3282,90000000,512000000,
2025-12-06 18:02:06.847,535e7f59-3629-4d52-bd98-13d7211e12cd,3449.55,3450,89000000,512000000,
2025-12-06 18:02:06.829,7abb885e-2c48-4fad-828b-ca90f835836c,3268.82,3269,90000000,512000000,
2025-12-06 18:02:06.817,9d5396ab-2fd6-44d5-bbcd-12cf2d014754,3318.97,3319,90000000,512000000,
2025-12-06 18:02:06.795,9bb8d513-9883-46ec-8697-75fd1094f098,3246.48,3247,90000000,512000000,
2025-12-06 18:02:06.789,fbe91f22-a391-4f69-8e00-9e8d443bf74c,3474.06,3475,90000000,512000000,
2025-12-06 18:02:06.786,9c675d84-840b-4f89-bb8a-130ba7bb224e,2119.63,2120,103000000,512000000,
2025-12-06 18:02:06.775,a2b08bec-f201-4678-a7f5-02dcaf4b9dd8,1921.81,1922,105000000,512000000,
2025-12-06 18:02:06.751,801b952c-8a4d-4c63-9859-aec39457254b,3414.77,3415,90000000,512000000,
2025-12-06 18:02:06.748,165195e8-4008-4600-bc8c-ec388c1ee2c7,3279.69,3280,90000000,512000000,
2025-12-06 18:02:06.739,eea6fa3c-31f2-4a1a-a422-37670edd8a11,3242.02,3243,89000000,512000000,
2025-12-06 18:02:06.732,2c970810-b9f8-4a8f-9c96-4ec59d1bdebf,3456.03,3457,90000000,512000000,
2025-12-06 18:02:06.730,b6fb2ff6-5c0f-4662-97c8-e67b326a9423,3313.12,3314,90000000,512000000,
2025-12-06 18:02:06.721,8963770f-7ae4-427a-bad0-49660a87378f,3294.37,3295,90000000,512000000,
2025-12-06 18:02:06.719,eb5ebf9b-08bc-4b99-8974-c29c2537c00a,3334.63,3335,90000000,512000000,
2025-12-06 18:02:06.717,ee64834e-883f-40a9-9d03-3b1f9260dbcc,3325.76,3326,91000000,512000000,
2025-12-06 18:02:06.704,05a288ea-7ba3-4051-a78f-ca0210f8e724,3333.48,3334,90000000,512000000,
2025-12-06 18:02:06.696,add42edd-c1c0-4428-a1e8-4f2e3f954519,3387.85,3388,90000000,512000000,
2025-12-06 18:02:06.695,cfefa920-6638-4fdd-bf34-f3b02179d6d5,3399.62,3400,89000000,512000000,
2025-12-06 18:02:06.685,dcf8045a-77af-491d-b1bb-bc07acf768d8,3368.25,3369,89000000,512000000,
2025-12-06 18:02:06.678,7d6c4fa4-3341-41b2-a252-aa03d04b6fc9,3259,3259,92000000,512000000,
2025-12-06 18:02:06.677,e9855a28-2eed-40a5-abe9-a8e4f2605a69,2793.74,2794,98000000,512000000,
2025-12-06 18:02:06.671,57d68ec0-cb8b-4484-ac6e-fe298234072d,3216.81,3217,90000000,512000000,
2025-12-06 18:02:06.664,c4b66646-86d4-407a-9f35-df18ee587a96,3310,3311,91000000,512000000,
2025-12-06 18:02:06.664,d3368951-3de2-45fb-b3bf-b593c3ea81bc,3254.32,3255,89000000,512000000,
2025-12-06 18:02:06.653,48f67ae0-97d1-43d1-8cc2-4194e7efae4f,3270.72,3271,90000000,512000000,
2025-12-06 18:02:06.652,1b039b6b-2323-4b56-bc3b-0f9dc09fe849,3273.17,3274,92000000,512000000,
2025-12-06 18:02:06.647,4dbb9d71-88cb-4b5d-afec-462741c9e73d,3438.97,3439,90000000,512000000,
2025-12-06 18:02:06.647,9e913774-865e-4059-b271-69d226e25dac,3281.78,3282,90000000,512000000,
2025-12-06 18:02:06.646,2f5d8abd-b0c4-4602-9d01-6f9e208542b3,3408.49,3409,90000000,512000000,
2025-12-06 18:02:06.645,a8e4cfc4-3ec8-4d11-8286-47f622ee778d,3442.29,3443,90000000,512000000,
2025-12-06 18:02:06.643,4f8d1153-dedd-4183-8aef-f01978456f0d,3365.43,3366,90000000,512000000,
2025-12-06 18:02:06.639,2d2a1ecc-46f8-432b-a442-ef11cdea75eb,3299.53,3300,91000000,512000000,
2025-12-06 18:02:06.638,5cce07b7-b596-40c8-938e-e7f4794da596,3327.78,3328,91000000,512000000,
2025-12-06 18:02:06.638,c9bf92e2-a68b-4024-96bc-ca9282854607,3265.16,3266,90000000,512000000,
2025-12-06 18:02:06.619,30de5a8d-3dca-40e9-9578-3565ca2ac5e0,3206.33,3207,90000000,512000000,
2025-12-06 18:02:06.618,3180a86d-459f-4da1-996b-027dc7c987d6,3393.06,3394,89000000,512000000,
2025-12-06 18:02:06.609,88353c7d-3790-4c62-b079-fbddd7c25cc3,3198.85,3199,89000000,512000000,
2025-12-06 18:02:06.608,ba0af0ff-9ceb-45f5-b065-d527e3b1e1b8,2666.27,2667,97000000,512000000,
2025-12-06 18:02:06.607,86eb3752-2024-4dd3-94f6-700ca8161d39,3292.62,3293,90000000,512000000,
2025-12-06 18:02:06.596,7ee0f1e1-7e16-4706-a8f1-9681cc03744a,2021.9,2022,103000000,512000000,
2025-12-06 18:02:06.596,abe33faf-c42e-406c-9a66-020117bdf772,3282.3,3283,89000000,512000000,
2025-12-06 18:02:06.589,c03ddf7a-7eaf-4bb2-8293-e559f372c487,3181.95,3182,90000000,512000000,
2025-12-06 18:02:06.581,2c32229f-0440-4833-b045-e99c3fc7618b,3408.82,3409,90000000,512000000,
2025-12-06 18:02:06.572,1739be98-ea02-4b9c-aee2-aacbcb3b5259,3240.14,3241,90000000,512000000,
2025-12-06 18:02:06.567,996bf38b-6c40-461b-8371-ca12a70d140b,3311.63,3312,89000000,512000000,
2025-12-06 18:02:06.566,54ee2476-30d1-44b2-a285-2c0c094c1210,3208.86,3209,90000000,512000000,
2025-12-06 18:02:06.565,1a2f67ea-8205-4285-b48f-db18c2eec763,3366.88,3367,91000000,512000000,
2025-12-06 18:02:06.564,10391147-398e-4716-9e83-60f3e63bc9de,1880.15,1881,104000000,512000000,
2025-12-06 18:02:06.554,6e66df6c-62f5-41e0-8785-2fd6634b2e4c,3325.41,3326,90000000,512000000,
2025-12-06 18:02:06.552,debcee4a-4f9b-4aad-8d1d-4fbc96541f9d,2632.47,2633,97000000,512000000,
2025-12-06 18:02:06.552,27874a91-c693-4951-928d-3b7aed34ae19,3249.27,3250,91000000,512000000,
2025-12-06 18:02:06.549,ac57a42c-c086-43eb-9d6a-0487627e5d9e,3254.74,3255,90000000,512000000,
2025-12-06 18:02:06.548,dfa67c49-57e4-4eb0-9b84-efb4b0eeec26,3392.61,3393,89000000,512000000,
2025-12-06 18:02:06.548,84dad5db-2b8c-4a92-a004-b7912949cc86,3289.93,3290,90000000,512000000,
2025-12-06 18:02:06.546,2c1cd19b-1c4d-4168-9c07-2d7a48a345f1,3399.22,3400,90000000,512000000,
2025-12-06 18:02:06.523,66516e5c-d7f1-43bc-bbff-15df07db912d,3291,3291,91000000,512000000,
2025-12-06 18:02:06.521,a4ae4396-89a1-4389-96fc-344ff4079d6d,3349.43,3350,90000000,512000000,
2025-12-06 18:02:06.513,0f8e50da-97f9-4dfd-ad13-25a831f75fa8,3323.32,3324,91000000,512000000,
2025-12-06 18:02:06.509,0e66d726-072d-4f38-99db-db5ccef3e485,2762.65,2763,98000000,512000000,
2025-12-06 18:02:06.505,5c8c12d6-1704-4910-8d15-313a36856df2,3451.7,3452,90000000,512000000,
2025-12-06 18:02:06.499,d5d0af96-c490-4c50-9684-f0250b2dc728,3230.04,3231,90000000,512000000,
2025-12-06 18:02:06.496,a6ab5b60-89f9-4a80-b38e-7b4e8d0d0c6a,3217.39,3218,90000000,512000000,
2025-12-06 18:02:06.495,66ea9157-d7fd-4e7b-b5d7-1dc7ed6b0514,3243.78,3244,90000000,512000000,
2025-12-06 18:02:06.489,ac3d1e22-2f28-4928-bf1e-5403b169fa84,3189.71,3190,90000000,512000000,
2025-12-06 18:02:06.488,0beadb3a-542e-48b0-9314-0e4585418696,3209.91,3210,90000000,512000000,
2025-12-06 18:02:06.482,a4e9ba00-fb0e-4eb1-947e-3c955d23ca04,3266.99,3267,89000000,512000000,
2025-12-06 18:02:06.479,43296f42-e9b9-4a9b-baa4-4d8b9362f65d,3307.02,3308,93000000,512000000,
2025-12-06 18:02:06.464,aebbb414-2d1a-4829-8c0a-6b105542ef7d,3453.11,3454,89000000,512000000,
2025-12-06 18:02:06.460,f43156ed-4a27-4629-83b8-270770700d24,3285.68,3286,90000000,512000000,
2025-12-06 18:02:06.455,1c8dc40a-4619-4f7b-a865-ad94185e6a08,3276.45,3277,91000000,512000000,
2025-12-06 18:02:06.446,c84fbb69-e22e-4cd9-86d1-da7a7225c55e,3078.94,3079,89000000,512000000,
2025-12-06 18:02:06.445,d831ffbb-261f-47a0-9a88-eb484ec1b17b,3166.46,3167,90000000,512000000,
2025-12-06 18:02:06.444,f80c48e0-3e75-4d41-88fb-e1f1f10b4164,3254.75,3255,89000000,512000000,
2025-12-06 18:02:06.440,6ef4a828-63e9-4059-be35-848805e860db,1869.79,1870,104000000,512000000,
2025-12-06 18:02:06.432,df213f1f-e37a-433a-8be0-7e6c3ba0a822,3240.34,3241,90000000,512000000,
2025-12-06 18:02:06.431,beee713e-fabd-44cb-865e-d4425df2fd27,3363.22,3364,90000000,512000000,
2025-12-06 18:02:06.426,4c475829-673c-4f41-9a06-b8ba13c37edc,3190.69,3191,89000000,512000000,
2025-12-06 18:02:06.424,90f7221d-ad81-4d4b-9f90-6a1c447e9718,3316.27,3317,91000000,512000000,
2025-12-06 18:02:06.423,98b3d597-713e-48e7-b8c7-f9fc6c79efeb,3283.93,3284,90000000,512000000,
2025-12-06 18:02:06.410,a184a2ab-0e3c-4b63-8a5c-c0a754d40e59,3322.28,3323,90000000,512000000,
2025-12-06 18:02:06.409,a6ae7434-8a02-4226-aea2-eef6c6395020,3319.1,3320,90000000,512000000,
2025-12-06 18:02:06.405,6a2a997a-78ee-4e14-8bb3-9a1bd637cd94,3279.22,3280,90000000,512000000,
2025-12-06 18:02:06.403,5cbcad88-d19e-45f4-adf1-a3d5443e010f,3232.6,3233,89000000,512000000,
2025-12-06 18:02:06.401,4a7d1f24-ec20-4374-9ad3-c0860a208399,3298.36,3299,89000000,512000000,
2025-12-06 18:02:06.401,5bcc5cc1-0d57-4dac-b823-db197811715d,3200.78,3201,89000000,512000000,
2025-12-06 18:02:06.383,5af3fa6c-38c5-4094-bfc8-d13548929996,3275.22,3276,89000000,512000000,
2025-12-06 18:02:06.375,f2f80eaa-af0b-42bd-9dde-59119260ecf5,3206.79,3207,91000000,512000000,
2025-12-06 18:02:06.373,ca76dddd-2c08-4ca3-87c4-fc0ea2d1a1a5,3149.82,3150,89000000,512000000,
2025-12-06 18:02:06.372,3e63c16c-a972-4b9f-b6f6-d01937d6d8a2,3286.53,3287,89000000,512000000,
2025-12-06 18:02:06.370,56ca1c3d-8257-4004-88c5-b4c3680ba274,3179.88,3180,90000000,512000000,
2025-12-06 18:02:06.365,7ee4abec-78d4-4b11-94ad-c404b5bdc2b2,3227.48,3228,90000000,512000000,
2025-12-06 18:02:06.357,ced86744-7008-489a-9050-c9b4a621cbae,3372.9,3373,89000000,512000000,
2025-12-06 18:02:06.355,68eea9ae-52cf-4754-86fb-28144a1ad0d2,3169.42,3170,89000000,512000000,
2025-12-06 18:02:06.352,da8a2954-b56f-449b-a236-d2eb0853dbd3,3273.22,3274,90000000,512000000,
2025-12-06 18:02:06.352,a847cee0-7c9f-452a-8abf-1f1602feae14,3270.27,3271,89000000,512000000,
2025-12-06 18:02:06.349,d4555861-e1a0-415c-8adb-ac56b9f886d9,3371.66,3372,90000000,512000000,
2025-12-06 18:02:06.344,a7735729-5f45-466e-af48-340fa5b28307,3205.81,3206,90000000,512000000,
2025-12-06 18:02:06.343,e0fccb12-7121-4eb6-a8d8-f49e0e55f492,3208.53,3209,89000000,512000000,
2025-12-06 18:02:06.340,b7f43b15-25e5-4393-8cc8-4f38833a9d58,3260.15,3261,90000000,512000000,
2025-12-06 18:02:06.327,90250825-d763-4c3f-9205-fb9dceea21b8,3202.62,3203,90000000,512000000,
2025-12-06 18:02:06.322,574faf2f-42c6-4fab-bb97-dd6bb5bdf00a,3199.86,3200,89000000,512000000,
2025-12-06 18:02:06.307,51680f1b-254b-4531-86c6-00e102024c92,2506.4,2507,97000000,512000000,
2025-12-06 18:02:06.305,e19e1a95-553b-475b-9eed-71aa7a148bb0,3259.28,3260,90000000,512000000,
2025-12-06 18:02:06.304,f2ce21d8-cf2c-48df-9884-a873143dbccb,3454.41,3455,90000000,512000000,
2025-12-06 18:02:06.300,79df5ded-d5dc-4cb4-8cd1-0ab0f7fa0cfc,3192.03,3193,90000000,512000000,
2025-12-06 18:02:06.291,2bf6401e-b71d-4a68-8c84-52a90102339e,3142.84,3143,90000000,512000000,
2025-12-06 18:02:06.277,585c4688-c51a-4b89-a1e0-d181cfa1cca8,3242.42,3243,89000000,512000000,
2025-12-06 18:02:06.276,14d3cc49-dbe7-477d-885e-88b26ee09799,3277.23,3278,89000000,512000000,
2025-12-06 18:02:06.275,4a968125-26b3-49c2-8bd0-6c213678aca6,1889.88,1890,104000000,512000000,
2025-12-06 18:02:06.268,81c4057d-c442-46d3-92b0-887cf408263f,3353.02,3354,90000000,512000000,
2025-12-06 18:02:06.264,fba8f0c3-8a28-4bac-81f8-fa5869c0abd3,3171.81,3172,89000000,512000000,
2025-12-06 18:02:06.255,351acd45-153e-4a6c-84d8-66b998f71bd5,3228.77,3229,89000000,512000000,
2025-12-06 18:02:06.252,d91af3ae-933a-4947-9958-b667a15f163d,2661.76,2662,98000000,512000000,
2025-12-06 18:02:06.246,caf70b1a-4f90-4c68-b4bf-748e502e7952,3188.5,3189,90000000,512000000,
2025-12-06 18:02:06.237,4aa757c6-35a5-402a-9db7-9e83f65ed70c,3110.87,3111,90000000,512000000,
2025-12-06 18:02:06.236,ec564213-3816-41fe-bc3b-fe2449e2b265,3157.32,3158,89000000,512000000,
2025-12-06 18:02:06.227,ea37080f-2fa4-472b-9998-0d359c02b97c,3210.9,3211,90000000,512000000,
2025-12-06 18:02:06.223,19049766-f4ea-435c-8973-2d7dd72bd5dd,3270.3,3271,90000000,512000000,
2025-12-06 18:02:06.222,30293373-665e-413b-8486-c33606b57da9,3129.49,3130,90000000,512000000,
2025-12-06 18:02:06.219,01dafed9-4cc4-4f9e-a6c3-abdf29993a4f,3177.87,3178,90000000,512000000,
2025-12-06 18:02:06.218,be1c5188-783a-4fb3-b661-12cbd888005c,3147.11,3148,90000000,512000000,
2025-12-06 18:02:06.212,e81600fc-fbb9-4623-bd48-4093d4d7d89e,3166.94,3167,91000000,512000000,
2025-12-06 18:02:06.212,874d5f2e-3c75-49e5-9091-13f8a5b23fa2,3457.27,3458,90000000,512000000,
2025-12-06 18:02:06.211,2264ad6a-0373-4ae9-a3d8-8c074229622d,3167.5,3168,90000000,512000000,
2025-12-06 18:02:06.192,e2d5dd34-6f78-468c-81f7-331862dd725a,3244.81,3245,90000000,512000000,
2025-12-06 18:02:06.191,5a5f6d48-bb3d-4487-b0c1-2475f8200b26,3190.54,3191,90000000,512000000,
2025-12-06 18:02:06.187,dc296fd0-e399-4f29-811e-a349f2fe4f45,3209.75,3210,91000000,512000000,
2025-12-06 18:02:06.179,9ac90866-78e6-4f1a-9d5a-dfbf108aacc5,3164.36,3165,90000000,512000000,
2025-12-06 18:02:06.176,c7ca6496-5542-47bf-8a82-d2d5ea4b6a19,3290.09,3291,90000000,512000000,
2025-12-06 18:02:06.174,c17cc044-255e-45e8-b307-daa6806b15c7,3149.16,3150,89000000,512000000,
2025-12-06 18:02:06.164,0b3b0d2f-ec59-400a-baf3-595f52d1ccd3,1966.92,1967,105000000,512000000,
2025-12-06 18:02:06.154,f7220812-ac99-42b6-bf90-724e6c1bf041,3144.72,3145,90000000,512000000,
2025-12-06 18:02:06.147,02f9d30b-6f2e-453b-b14c-4a72006d71f1,3302.1,3303,90000000,512000000,
2025-12-06 18:02:06.143,9a865ef6-9d4f-4cda-b57d-a4ebd5edaf0d,3324.56,3325,90000000,512000000,
2025-12-06 18:02:06.143,0ebea01b-fe86-4e9a-b5ca-c0b8c157daf3,3252.71,3253,90000000,512000000,
2025-12-06 18:02:06.138,549d9f92-4d60-43ff-8c0f-8facc84df342,2574.36,2575,97000000,512000000,
2025-12-06 18:02:06.134,71896eda-9675-4be7-b2a9-7bd7e4984cf1,3176.82,3177,89000000,512000000,
2025-12-06 18:02:06.126,4b9e5cd2-4a89-49a7-83e1-a05160a743f9,3151.14,3152,90000000,512000000,
2025-12-06 18:02:06.126,020d67d7-627b-4460-95a2-9b356e94bb98,3248.06,3249,90000000,512000000,
2025-12-06 18:02:06.125,203d730f-cc9a-4f5f-9578-744fb8c24420,3205.56,3206,90000000,512000000,
2025-12-06 18:02:06.125,9490eb01-e44f-41cb-b636-663d13b7e4ce,3237.62,3238,90000000,512000000,
2025-12-06 18:02:06.119,a319ca0a-af2b-421f-920c-e3c470781a94,3160.79,3161,90000000,512000000,
2025-12-06 18:02:06.116,71cb9e21-5147-47fd-8755-70029642c46a,3349.66,3350,90000000,512000000,
2025-12-06 18:02:06.114,3c766ef1-5ab8-49c0-9d78-c66e40a7a002,3121.77,3122,90000000,512000000,
2025-12-06 18:02:06.106,bed7d44b-7baa-4e67-8778-1ba18d558f6c,3187.14,3188,91000000,512000000,
2025-12-06 18:02:06.088,a028e175-a6ea-41d1-ba4f-c68e3dec5bdf,3204.55,3205,89000000,512000000,
2025-12-06 18:02:06.086,4c720c75-0480-4331-b9ad-ba99c4b44993,3236.38,3237,91000000,512000000,
2025-12-06 18:02:06.078,6bde2965-2f95-40e7-bbd4-a402a6eede6b,2346.83,2347,97000000,512000000,
2025-12-06 18:02:06.074,346b16a6-adc8-40c6-bc02-256dbb71abf2,3074.87,3075,90000000,512000000,
2025-12-06 18:02:06.064,fcc87939-0ab5-44cb-9674-705aa84d71ac,3278.47,3279,90000000,512000000,
2025-12-06 18:02:06.061,07dec3a3-26b5-4dda-b82f-a4df92f2aef2,3235.45,3236,90000000,512000000,
2025-12-06 18:02:06.060,567982b9-754d-4258-8f8f-31db034699c6,2435.58,2436,97000000,512000000,
2025-12-06 18:02:06.060,7d4a29eb-03b9-4396-990a-79be50185e88,3199.61,3200,89000000,512000000,
2025-12-06 18:02:06.056,b86f4c86-366d-4fd5-8a05-1ce16741daec,3215.71,3216,90000000,512000000,
2025-12-06 18:02:06.054,33787ace-5083-4468-83ff-cc139d629fe1,3350.55,3351,90000000,512000000,
2025-12-06 18:02:06.043,b9b62d2d-926d-44da-affc-3ca6c87ef4af,3247.49,3248,90000000,512000000,
2025-12-06 18:02:06.042,aa5e72c0-c8ab-4df6-a151-c3dad6bcd9e5,3169.45,3170,89000000,512000000,
2025-12-06 18:02:06.041,f0ade4dc-d64b-484d-8c2b-1181021c5a1f,3159.76,3160,89000000,512000000,
2025-12-06 18:02:06.037,7f839ede-6e1b-4d1f-b95f-c657e66dcbec,3426.69,3427,89000000,512000000,
2025-12-06 18:02:06.024,b79d697c-30b6-4aea-8ae0-74e147e026cf,2649.64,2650,97000000,512000000,
2025-12-06 18:02:06.018,0d39b714-3e88-455a-9058-36696006bfba,3153.16,3154,91000000,512000000,
2025-12-06 18:02:06.015,ea3bb85c-09e6-410e-ad03-bd67f7c59615,3208.8,3209,90000000,512000000,
2025-12-06 18:02:06.011,c319fff2-4d6e-41e5-a5c8-ead31d46a7b3,3279.37,3280,90000000,512000000,
2025-12-06 18:02:06.006,9b4fb366-ade2-42d6-bbed-6af6bf3297f5,3104.7,3105,89000000,512000000,
2025-12-06 18:02:05.999,5fd9a44b-a298-4ece-a19f-45cc808a823b,3104.81,3105,89000000,512000000,
2025-12-06 18:02:05.996,2d6cf9a4-c3ec-4ff9-bffc-101434e298db,3103.74,3104,90000000,512000000,
2025-12-06 18:02:05.971,eccde835-0219-475f-9f1a-f572ee31ad90,3337.59,3338,90000000,512000000,
2025-12-06 18:02:05.958,ab5acd70-8e25-4ad8-8ef9-f9d80e87924f,3087.3,3088,89000000,512000000,
2025-12-06 18:02:05.957,707e103a-9678-491d-b3e3-ade09a0f1f27,3151.86,3152,91000000,512000000,
2025-12-06 18:02:05.951,a04e207e-4186-4668-890e-ad4f7fd23b43,3125.52,3126,90000000,512000000,
2025-12-06 18:02:05.939,64c1788c-84c8-48b6-8687-6990a772efb4,3309.21,3310,90000000,512000000,
2025-12-06 18:02:05.939,410efa20-4f0c-4e5b-9e33-f0d9f0f637b8,3232.65,3233,90000000,512000000,
2025-12-06 18:02:05.938,1b3e21de-37b1-49bb-b336-ad25d2971503,3188.28,3189,90000000,512000000,
2025-12-06 18:02:05.937,7c612429-b058-45d6-97d5-e67af2ff2b51,3203.08,3204,90000000,512000000,
2025-12-06 18:02:05.936,a926d389-4f6d-4dc1-9a78-463282226d9c,3108.3,3109,90000000,512000000,
2025-12-06 18:02:05.936,de36854f-e627-4917-8e84-5798472b8613,3242.09,3243,90000000,512000000,
2025-12-06 18:02:05.934,4deb32e6-74fa-4343-a07c-5e970e14c69f,3146.43,3147,91000000,512000000,
2025-12-06 18:02:05.930,d7bab11d-a8c2-4846-8f1e-2a1e24a6b5b7,1930.25,1931,103000000,512000000,
2025-12-06 18:02:05.925,e94f8f5b-0078-4a2d-9423-40283e009534,3159.14,3160,90000000,512000000,
2025-12-06 18:02:05.922,9c751a28-5aab-471e-9a38-b8a26581cfc7,3125.94,3126,90000000,512000000,
2025-12-06 18:02:05.919,6952436a-36d6-431e-b091-c54d8eae88e2,3174.35,3175,89000000,512000000,
2025-12-06 18:02:05.914,5a232322-9837-4c89-a399-e0f7f09eb2d7,3135.3,3136,90000000,512000000,
2025-12-06 18:02:05.900,1d788582-33a4-44f0-b792-c65d9c0a3206,3213.97,3214,90000000,512000000,
2025-12-06 18:02:05.895,e5b78584-642e-432e-84cb-26a74596bbba,3256.76,3257,90000000,512000000,
2025-12-06 18:02:05.895,f6306a26-1032-44e8-9ea0-81dd7344d2c8,3160.5,3161,90000000,512000000,
2025-12-06 18:02:05.893,502e42cc-95ec-4b44-a805-7da88eb2d71d,3236.78,3237,89000000,512000000,
2025-12-06 18:02:05.893,c2c72201-1369-4d45-afe9-7fed3083a9a2,3243.92,3244,89000000,512000000,
2025-12-06 18:02:05.882,4064d85e-6da5-43b5-90e8-99d5c6560366,3273.8,3274,90000000,512000000,
2025-12-06 18:02:05.880,fd429823-b95e-4f9e-87a6-d1bd5c2b3d37,3248.67,3249,90000000,512000000,
2025-12-06 18:02:05.869,27da4c41-2b5f-4045-a650-2f4f3aeb268e,3148.39,3149,89000000,512000000,
2025-12-06 18:02:05.862,984294d4-49e2-42a1-b3cb-ad11fec242c6,3304.99,3305,89000000,512000000,
2025-12-06 18:02:05.862,8da1d255-2500-42b9-b31c-4161b0480da4,3103.84,3104,90000000,512000000,
2025-12-06 18:02:05.858,4ee928e5-1bd1-46d2-a27e-fff45640d25b,3184.96,3185,90000000,512000000,
2025-12-06 18:02:05.848,d5eb6812-dd3f-4056-8518-b20dd4576226,1827.94,1828,104000000,512000000,
2025-12-06 18:02:05.846,bb6000a2-c5f0-4f18-82cb-82d1c6e1004a,3287.22,3288,89000000,512000000,
2025-12-06 18:02:05.845,caa65cda-ca7c-42fe-a8fc-c237aa2f9aa1,3086.64,3087,90000000,512000000,
2025-12-06 18:02:05.844,c435d7ba-a374-4736-85bb-4ad2f6ab782e,3161.81,3162,89000000,512000000,
2025-12-06 18:02:05.837,2ffabb2f-741f-44d6-bb0d-693e714652f7,2509.69,2510,97000000,512000000,
2025-12-06 18:02:05.837,69c87bc1-4924-4a2d-b1ea-171703155388,3257.94,3258,89000000,512000000,
2025-12-06 18:02:05.831,8760d52b-27df-46d2-864d-b508dcdda7c0,3133.7,3134,90000000,512000000,
2025-12-06 18:02:05.829,390d378e-9b02-4fc9-bf1e-e20493aa6ab9,3153.6,3154,90000000,512000000,
2025-12-06 18:02:05.828,f5ef896e-af93-4467-b1f6-7f6d2fc7ab6c,3130.24,3131,90000000,512000000,
2025-12-06 18:02:05.826,2f8731f3-5359-43b8-bc50-0952ff18f804,3110.22,3111,90000000,512000000,
2025-12-06 18:02:05.823,df10dd9e-c78a-4080-bf19-485487b1b782,3140.37,3141,90000000,512000000,
2025-12-06 18:02:05.818,84937bb1-150e-4756-ace4-2d7e023d6850,3220.18,3221,89000000,512000000,
2025-12-06 18:02:05.815,1a1c65dc-0deb-4b76-9b2a-3e177e7cae0d,3142.4,3143,90000000,512000000,
2025-12-06 18:02:05.792,6d77f3f1-7a79-490a-aa2a-32f484c42a0f,3207.09,3208,89000000,512000000,
2025-12-06 18:02:05.787,720d6ab6-90e9-492c-bd1e-e18feb27b203,3126.95,3127,90000000,512000000,
2025-12-06 18:02:05.787,4a6072e2-235d-407f-943f-37c3cc66ac8e,1877.34,1878,103000000,512000000,
2025-12-06 18:02:05.787,34d8b7c5-3f6f-4ce9-830d-1b335a562e5f,1908.96,1909,103000000,512000000,
2025-12-06 18:02:05.782,e77c9cbd-6bfa-4e50-9d54-8e2d7bf01357,3182.08,3183,90000000,512000000,
2025-12-06 18:02:05.760,e8334487-aa91-42ef-a930-24169a4f92aa,1896.59,1897,102000000,512000000,
2025-12-06 18:02:05.759,8874c2c3-e0ad-4437-b8c1-2c1d69eda5e2,3250.84,3251,90000000,512000000,
2025-12-06 18:02:05.748,da6bae8b-c747-44d1-a5b7-881eff7993c3,3230.25,3231,90000000,512000000,
2025-12-06 18:02:05.738,7c698a48-953f-417f-bbea-8eac61d401ce,1906.54,1907,104000000,512000000,
2025-12-06 18:02:05.737,64c8d192-80b2-4a47-87f0-da57b0b743e8,2536.54,2537,97000000,512000000,
2025-12-06 18:02:05.735,b7e3b388-e4f5-414f-80f5-d890df800e51,3169.83,3170,89000000,512000000,
2025-12-06 18:02:05.734,98f18981-5444-4de4-b5f4-4b5af8596712,3140.8,3141,89000000,512000000,
2025-12-06 18:02:05.729,f01808ce-390c-4476-b1e5-9e9158bd1630,3167.45,3168,90000000,512000000,
2025-12-06 18:02:05.729,c3189565-fade-41a1-b289-47742af36353,3282.76,3283,89000000,512000000,
2025-12-06 18:02:05.724,6fcb5f99-9481-4da2-bf9e-d8b080b4a484,3181.09,3182,90000000,512000000,
2025-12-06 18:02:05.718,605b9c79-a47f-4d69-9c9d-f7038b65a40e,3254.43,3255,90000000,512000000,
2025-12-06 18:02:05.715,34821801-4078-4a7e-a092-56caa852f1dd,3209.28,3210,89000000,512000000,
2025-12-06 18:02:05.713,0f7405dc-3932-4ebf-a8e0-b4ca5ce63bfc,3206.97,3207,89000000,512000000,
2025-12-06 18:02:05.701,07a568a4-674b-4c8e-a679-dadfb2fedfd8,3086.77,3087,90000000,512000000,
2025-12-06 18:02:05.694,cff79e95-b69a-490d-a77d-432d90072177,3252.05,3253,89000000,512000000,
2025-12-06 18:02:05.692,658ab9ed-1cd6-4494-ac2d-c46300d65989,3092.98,3093,90000000,512000000,
2025-12-06 18:02:05.682,824567ba-48bb-4d76-94e9-885ecaae3589,3200.31,3201,90000000,512000000,
2025-12-06 18:02:05.681,70814c18-237b-403b-b43c-57b2260fe50f,1771.95,1772,103000000,512000000,
2025-12-06 18:02:05.675,f4e2a2f0-d7c0-4217-8888-49622af8de83,1777.88,1778,104000000,512000000,
2025-12-06 18:02:05.657,a26af96b-cac6-4b44-beb9-1048f6a6ebec,1876.92,1877,105000000,512000000,
2025-12-06 18:02:05.651,b7501db0-46cc-472d-aede-bcf4552cf452,1895.6,1896,105000000,512000000,
2025-12-06 18:02:05.651,9f9f6619-59f7-4a9f-acb6-ea352481b1f1,3266.71,3267,90000000,512000000,
2025-12-06 18:02:05.650,665119a3-574b-467b-b0f4-629c4a53300c,3284.8,3285,90000000,512000000,
2025-12-06 18:02:05.650,ce405df3-d54a-4331-a4ba-5486c51eca7c,3190.37,3191,90000000,512000000,
2025-12-06 18:02:05.650,f53d3fe6-8b55-4fd5-88e3-3665745646a7,3074.23,3075,90000000,512000000,
2025-12-06 18:02:05.635,aca7ff80-da05-4682-ab34-902bf89dcb3d,2413.11,2414,97000000,512000000,
2025-12-06 18:02:05.621,06b86c04-ec03-4f43-a25b-7aeaad720804,3145.11,3146,89000000,512000000,
2025-12-06 18:02:05.610,c7db327f-cd01-4d1c-ab0c-56a0077ee7ee,3140.23,3141,90000000,512000000,
2025-12-06 18:02:05.591,f16a9702-a3ee-4d18-a6c1-99e198457dc1,1752.49,1753,105000000,512000000,
2025-12-06 18:02:05.589,3102b41f-3d35-4ca9-9b82-b6508167f4e9,3183.16,3184,91000000,512000000,
2025-12-06 18:02:05.585,1e8a0c7e-0ebf-42d0-b9d7-e84d7521af4b,3182.58,3183,90000000,512000000,
2025-12-06 18:02:05.584,27a07d90-fd36-4d38-8a18-23337680d041,3215.42,3216,90000000,512000000,
2025-12-06 18:02:05.572,c2842cbd-a89f-420e-978d-5d1c24f84275,3089.16,3090,90000000,512000000,
2025-12-06 18:02:05.565,5ca5713c-9096-48e9-825e-298e88d6bdeb,3179.36,3180,89000000,512000000,
2025-12-06 18:02:05.534,02187c6e-9faa-46a3-88da-c5958bffd4aa,3264.72,3265,90000000,512000000,
2025-12-06 18:02:05.529,39157fe5-d5b2-4f6f-b0a0-70824787d2e3,3168.78,3169,90000000,512000000,
2025-12-06 18:02:05.522,e851336e-3daf-49ba-ba9e-ff2642d9bcee,3062.76,3063,90000000,512000000,
2025-12-06 18:02:05.503,c1e3a20e-ac4b-4833-802b-ecb97fd78b40,3100.72,3101,89000000,512000000,
2025-12-06 18:02:05.502,780f3bd3-e56c-4e58-b5a1-1f0321e066da,3199.03,3200,90000000,512000000,
2025-12-06 18:02:05.497,0a0ed331-a1bc-498e-963e-ef5f0f334b85,3262.47,3263,89000000,512000000,
2025-12-06 18:02:05.490,6e466208-9eb2-4f24-93f9-28df620c3b70,3342.4,3343,90000000,512000000,
2025-12-06 18:02:05.487,b1ba905d-5c4c-4ed0-b826-33564c96bbc3,3158.34,3159,90000000,512000000,
2025-12-06 18:02:05.486,af2057ec-d73f-4738-a6fa-fc287ffd9d3e,3173.13,3174,89000000,512000000,
2025-12-06 18:02:05.469,5a1f25ef-8f57-4f30-9543-77284e913a3a,3142.76,3143,90000000,512000000,
2025-12-06 18:02:05.462,71e38a53-2195-4bb4-8a49-2fec01fde49d,3168,3169,90000000,512000000,
2025-12-06 18:02:05.461,ef3b98dd-05fa-43a8-9fe8-8d32e790625a,3116.5,3117,89000000,512000000,
2025-12-06 18:02:05.451,8aab82d4-3b48-4ee6-b7ae-d9ce703dc91d,3117.29,3118,90000000,512000000,
2025-12-06 18:02:05.448,385f4e75-9f35-4776-9a01-aee219d3b863,3165.44,3166,90000000,512000000,
2025-12-06 18:02:05.437,7fcbdc26-a727-4a53-94f3-14a96f797bbb,3119.85,3120,90000000,512000000,
2025-12-06 18:02:05.437,12456571-274a-4dee-b559-40de82c76ba9,3180.35,3181,89000000,512000000,
2025-12-06 18:02:05.406,8bbc9043-e989-42a5-b0bc-19d9d54781b4,3194.76,3195,89000000,512000000,
2025-12-06 18:02:05.381,47a32f1c-e1a8-42c1-be9b-5bb6e308ee36,3142.83,3143,89000000,512000000,
2025-12-06 18:02:05.361,b71626bc-8302-4088-9291-17ae0702498d,3114.84,3115,90000000,512000000,
2025-12-06 18:02:05.361,3140b687-0bd8-4a38-a396-7dd41f6a1eb8,3181.04,3182,89000000,512000000,
2025-12-06 18:02:05.339,867a247f-2cec-4f8c-bdd0-c3d5d494aec9,3004.55,3005,89000000,512000000,
2025-12-06 18:02:05.330,c4e21ccc-7c39-4e07-b851-df66d1089528,3124.06,3125,89000000,512000000,
2025-12-06 18:02:05.305,22d28f62-184e-426f-933b-b7e031b07e4f,3086.82,3087,90000000,512000000,
2025-12-06 18:02:05.304,d3d80e99-594b-4fca-9460-8261d63efc72,3189.89,3190,90000000,512000000,
2025-12-06 18:02:05.293,e7ed4367-81f8-4d00-b219-1373d6b31a6c,3206.63,3207,90000000,512000000,
2025-12-06 18:02:05.279,406f7301-8b11-4b84-be17-e24061100df8,3163.14,3164,89000000,512000000,
2025-12-06 18:02:05.272,83b6cce1-aff7-4386-8d73-79cf95cc1381,3134.27,3135,92000000,512000000,
2025-12-06 18:02:05.245,ac206cb4-fc98-4546-ba09-7649ea1b5c04,2919.23,2920,90000000,512000000,
2025-12-06 18:02:05.238,432d590e-7c22-4588-8401-10583cf82df9,3095.82,3096,91000000,512000000,
2025-12-06 18:02:05.237,802b4127-c3c9-4ec8-bb6a-bf0860f84c8a,3116.16,3117,90000000,512000000,
2025-12-06 18:02:05.235,9f781334-71f7-48e7-9f99-6d6bb6ec09fb,3139.35,3140,90000000,512000000,
2025-12-06 18:02:05.229,74a30394-3a57-4d76-89c8-9d64e9c6c2d2,3147.6,3148,90000000,512000000,
2025-12-06 18:02:05.222,08d9909e-6959-41fd-b766-88ea9901c730,3210.7,3211,89000000,512000000,
2025-12-06 18:02:05.216,c792b7b2-c9e2-476d-b8ce-6ab00717f6a4,3178.31,3179,90000000,512000000,
2025-12-06 18:02:05.199,11e82a04-c82e-4b05-9f1d-43a5f5ed9440,3129.55,3130,90000000,512000000,
2025-12-06 18:02:05.192,13e44017-1572-469b-a8a0-dc0f3200d572,3135.99,3136,90000000,512000000,
2025-12-06 18:02:05.173,2e81058b-cc96-4912-84f7-0e4192358e9f,3160.49,3161,90000000,512000000,
2025-12-06 18:02:05.166,76eb960b-a6ff-4e31-863b-b2bf72588776,3142.58,3143,89000000,512000000,
2025-12-06 18:02:05.163,99892904-b0d9-41b2-8862-fabad57dbb45,3122.38,3123,90000000,512000000,
2025-12-06 18:02:05.139,d2e9fe7b-cc13-46a4-af2d-ccbcb6e3f802,3221.89,3222,90000000,512000000,
2025-12-06 18:02:05.137,309ec893-ae8a-4d78-96fd-87df3f008c69,3096.13,3097,89000000,512000000,
2025-12-06 18:02:05.132,304c9caa-bb80-44a3-856d-a3c44a6328fd,3060.43,3061,89000000,512000000,
2025-12-06 18:02:05.102,abdc05e9-cf7b-4b4a-bb5c-62bd62a6bf56,3076.78,3077,90000000,512000000,
2025-12-06 18:02:05.049,5aba4206-45c7-43e1-9531-90d99b985c16,3099.16,3100,90000000,512000000,
2025-12-06 18:02:05.030,2121cba7-bfe8-44dd-9c6d-1678e2d9528b,3167.57,3168,90000000,512000000,
2025-12-06 18:02:04.969,2c80e274-cbbc-4095-baab-07d60e713888,3372.72,3373,104000000,512000000,
2025-12-06 18:02:04.943,2d0125ed-7369-4946-806d-c10de5eb85e0,2986.37,2987,90000000,512000000,
2025-12-06 18:02:04.879,b9ac7c83-146e-4653-8a38-adff339fdee3,3180.25,3181,103000000,512000000,
2025-12-06 18:02:04.833,7beb3afb-57a5-46d6-85eb-d2bb1f6ec4ae,1815.72,1816,101000000,512000000,
2025-12-06 18:02:04.831,16bbb2db-2639-4630-8976-4d2f0bb08002,3510.76,3511,105000000,512000000,
2025-12-06 18:02:04.762,04bb6459-b7c2-4def-85aa-58df9efc66b6,1911.63,1912,101000000,512000000,
2025-12-06 18:02:04.730,0e2666a8-bdc1-4de7-8ad3-f0fc4c4f70fa,2851.08,2852,89000000,512000000,
2025-12-06 18:02:04.727,aa58caed-06e3-493e-9844-d5ee8e36fb58,3476.09,3477,103000000,512000000,
2025-12-06 18:02:04.707,f1bc3d10-a5e9-4c8a-b87f-886ad3020906,2989.04,2990,89000000,512000000,
2025-12-06 18:02:04.662,075dfe8f-7e88-4983-9c3f-2632188420e1,1811.38,1812,100000000,512000000,
2025-12-06 18:02:04.648,da211cef-07b6-4634-a848-201e9e80a1a1,3595.64,3596,102000000,512000000,
2025-12-06 18:02:04.648,bd2bede2-567e-42cc-b326-cef7e225cc57,3271.81,3272,104000000,512000000,
2025-12-06 18:02:04.642,06015d20-d09a-47fd-929b-0af5ab5971cc,1874.59,1875,98000000,512000000,
2025-12-06 18:02:04.585,4ded26f8-c606-4b08-a241-cbc849692b8c,3669.33,3670,103000000,512000000,
2025-12-06 18:02:04.584,3969b8e6-7870-422c-b07d-7a4d8a1e653c,2748.95,2749,93000000,512000000,
2025-12-06 18:02:04.574,5126f857-95ec-42ae-9535-56bc5821fc42,3494.31,3495,104000000,512000000,
2025-12-06 18:02:04.562,18528e48-4216-4b80-8812-5ea5cd0379ec,1797.99,1798,100000000,512000000,
2025-12-06 18:02:04.552,d6414f40-cdd1-4d0e-8bcd-a1bf568ca5eb,1811.32,1812,99000000,512000000,
2025-12-06 18:02:04.526,b1ff9685-64c7-47f3-8cc3-793bc72f53d2,3302.43,3303,104000000,512000000,
2025-12-06 18:02:04.478,ca85bada-350c-46fa-aef8-b73f042c7db9,3432.72,3433,104000000,512000000,
2025-12-06 18:02:04.469,84b6367c-b049-43f4-b515-3b686742720a,3416.7,3417,102000000,512000000,
2025-12-06 18:02:04.453,cb708d3a-3b1d-48c1-b882-8403aa5dab03,3393.03,3394,104000000,512000000,
2025-12-06 18:02:04.430,c8b8a6a4-5fa1-4af6-84c7-8b52048e4619,2989.54,2990,91000000,512000000,
2025-12-06 18:02:04.366,ac82cd31-fa0d-4d41-a38e-067e187e7b34,1844.66,1845,100000000,512000000,
2025-12-06 18:02:04.360,37458c3c-9054-46f4-bd68-bacba525add9,3443.8,3444,103000000,512000000,
2025-12-06 18:02:04.347,4745d005-cde0-449d-ae90-2216a0bb27d1,3217.71,3218,104000000,512000000,
2025-12-06 18:02:04.328,48a8303e-ea8d-4865-bee3-653160b217de,3287.11,3288,103000000,512000000,
2025-12-06 18:02:04.326,f2915900-2ba2-49e5-a85a-6409a2ce6406,2769.68,2770,90000000,512000000,
2025-12-06 18:02:04.321,331e6795-0ea3-4e7d-96fb-d1cfd16c1e4b,3255.56,3256,104000000,512000000,
2025-12-06 18:02:04.316,601b9085-7113-492a-9622-91ba5a7c2015,3600.63,3601,104000000,512000000,
2025-12-06 18:02:04.313,5709d359-33b0-4de1-aec3-1e19582373be,2764.18,2765,90000000,512000000,
2025-12-06 18:02:04.205,92a76b1a-8487-42fe-8cff-a2758f346a0e,3203.73,3204,104000000,512000000,
2025-12-06 18:02:04.197,4c08b480-5b47-4af0-a6cf-9e6ba8a3171a,3338.29,3339,104000000,512000000,
2025-12-06 18:02:04.192,9e8c0905-5515-485a-a543-45be70e51770,3351.07,3352,104000000,512000000,
2025-12-06 18:02:04.185,b165753a-c1d2-4d7a-9128-9ab0f417cd9e,3084.3,3085,104000000,512000000,
2025-12-06 18:02:04.183,586a05e1-4a8a-470a-9ac8-d92bccef6c07,3228.1,3229,105000000,512000000,
2025-12-06 18:02:04.179,14ac0d70-c77b-402d-858d-2901a54effad,1886.08,1887,100000000,512000000,
2025-12-06 18:02:04.171,730d5c99-b7c9-42b5-b752-fb25b86eaf6f,2801.26,2802,89000000,512000000,
2025-12-06 18:02:04.153,90fca848-c299-45f9-b208-e71a9e5d7ca6,3303.25,3304,103000000,512000000,
2025-12-06 18:02:04.105,3aace075-a53f-4ec7-959c-73cfbf693570,3267.63,3268,104000000,512000000,
2025-12-06 18:02:04.095,b7c005ee-f8c0-43b5-b3e7-3ab35840693f,3194.5,3195,103000000,512000000,
2025-12-06 18:02:04.087,3d58fb1b-4cc6-481a-8694-ffa83baf4061,2871.99,2872,89000000,512000000,
2025-12-06 18:02:04.084,dcfa61fa-ed9c-4c5a-a49f-5bbbf794bcca,3301.2,3302,104000000,512000000,
2025-12-06 18:02:04.083,589e6e9a-dad7-4109-82b7-550d97ce5ba6,2836.21,2837,90000000,512000000,
2025-12-06 18:02:04.082,997a87d4-339a-4763-aadc-2ad313b57a33,3261.77,3262,104000000,512000000,
2025-12-06 18:02:04.044,6d31993d-7cf6-4165-8233-df2998bcec8c,3146.4,3147,103000000,512000000,
2025-12-06 18:02:04.038,124e83db-a5e9-4b7a-b96b-df8c6571dba8,3209.86,3210,104000000,512000000,
2025-12-06 18:02:04.028,cadc269d-b9f6-4e3a-89ec-eda82daa3061,3335.37,3336,104000000,512000000,
2025-12-06 18:02:04.027,fc3f9987-6174-4c3a-9174-a79816d0801c,3189.26,3190,104000000,512000000,
2025-12-06 18:02:04.015,68249393-29a9-4cf9-aee4-084ca0258098,3208.03,3209,104000000,512000000,
2025-12-06 18:02:03.988,52b607c2-bac8-4b0f-bf82-3b7c20c706ef,1840.56,1841,99000000,512000000,
2025-12-06 18:02:03.986,ece1f5b2-4da1-4684-ae27-138ce6afa1b7,3377.22,3378,104000000,512000000,
2025-12-06 18:02:03.980,d2032ec8-0106-433b-89c7-f15ce00f9d25,3199.26,3200,103000000,512000000,
2025-12-06 18:02:03.978,52497725-46e9-42b5-b9c4-be922379b12d,3341.8,3342,104000000,512000000,
2025-12-06 18:02:03.956,f18b89f9-a850-4fb5-af86-b5fdc1635c6e,3272.87,3273,104000000,512000000,
2025-12-06 18:02:03.945,89e14f2d-beaa-484c-87a4-8fb1e59797ff,3075.18,3076,104000000,512000000,
2025-12-06 18:02:03.944,e51b2e94-671e-4420-8d87-6e1ea4c3fe5b,3112.59,3113,104000000,512000000,
2025-12-06 18:02:03.943,c66cefe8-0273-4823-a1f9-2b0085f7ba70,1773.45,1774,99000000,512000000,
2025-12-06 18:02:03.928,ee0abc47-9c91-412f-8c91-dde0680d060b,2757.81,2758,90000000,512000000,
2025-12-06 18:02:03.926,2c5b4725-70b4-47dc-a527-2a8c66ba79e3,3289.43,3290,104000000,512000000,
2025-12-06 18:02:03.923,a36dc33f-882b-42f8-8c64-43215dd89fef,3484.81,3485,104000000,512000000,
2025-12-06 18:02:03.906,2f07451c-2d6a-40a9-b652-fca5c7ceb768,3448.41,3449,104000000,512000000,
2025-12-06 18:02:03.902,23f746fd-01e7-488a-a188-b317eba0e446,2734.81,2735,92000000,512000000,
2025-12-06 18:02:03.899,1b1e28a2-0369-4967-89be-18da10401cf5,1842.18,1843,100000000,512000000,
2025-12-06 18:02:03.898,3688690c-ae89-4570-a656-e940ccde9a3e,1762.88,1763,101000000,512000000,
2025-12-06 18:02:03.895,6a2a55fc-e48f-4c20-b336-a48a6b543500,3377.15,3378,104000000,512000000,
2025-12-06 18:02:03.893,f2877eaa-c634-491b-b6ff-186b442666f6,3421.91,3422,104000000,512000000,
2025-12-06 18:02:03.891,8e226bb4-3513-4009-b3c7-140cb1c19e8b,1741.92,1742,100000000,512000000,
2025-12-06 18:02:03.886,442b00b5-18f1-408d-8fe3-4c1ea1ac38b3,3380.75,3381,102000000,512000000,
2025-12-06 18:02:03.877,14ccef89-3cf6-43a5-aede-ddb07d1c1839,3411.25,3412,102000000,512000000,
2025-12-06 18:02:03.875,1528855d-6fdb-44cb-87a8-93c38dab9b8f,2807.29,2808,90000000,512000000,
2025-12-06 18:02:03.869,51a389d6-2d4a-4cc1-9a7a-ecae2d321a58,3362.29,3363,104000000,512000000,
2025-12-06 18:02:03.862,dbd1681a-2b11-4d78-bab0-b128d83a9ee7,1831.21,1832,101000000,512000000,
2025-12-06 18:02:03.849,5a3e209d-94ad-45cf-a0b5-590603a49d2f,3285.64,3286,104000000,512000000,
2025-12-06 18:02:03.840,1beb3857-3b76-48af-8a90-d52c0e99f4ec,3316.47,3317,103000000,512000000,
2025-12-06 18:02:03.834,7781e613-68a8-47f1-8831-8b429ffd320e,3051.79,3052,103000000,512000000,
2025-12-06 18:02:03.830,50c44a03-b94d-425a-84af-5aeaba681c3e,1726.84,1727,100000000,512000000,
2025-12-06 18:02:03.816,af473380-0413-4a06-a239-60acd38b55a5,1798.18,1799,100000000,512000000,
2025-12-06 18:02:03.808,e5ba2164-aa2d-4c94-a183-970860319501,3259.75,3260,104000000,512000000,
2025-12-06 18:02:03.804,910cf58e-4e5c-4649-9d0c-99986e771df3,3216.27,3217,103000000,512000000,
2025-12-06 18:02:03.788,c75829cf-4144-4afa-bf50-b9956ccb8dfe,3328.89,3329,104000000,512000000,
2025-12-06 18:02:03.783,b2818a10-fbf2-4ba5-aba9-0066ee7efe9b,3354.45,3355,104000000,512000000,
2025-12-06 18:02:03.772,9b3aaf05-4fea-4f38-a51b-c1cbacc0819b,1832.29,1833,101000000,512000000,
2025-12-06 18:02:03.769,957ef3c9-9998-436c-909f-9a43879cb084,3269.7,3270,102000000,512000000,
2025-12-06 18:02:03.768,91a6d508-b0d3-49b7-9c90-7e7b25ceb592,3236.94,3237,104000000,512000000,
2025-12-06 18:02:03.766,4574d572-725b-4ce4-bfda-11a6923974ca,2621.93,2622,90000000,512000000,
2025-12-06 18:02:03.757,87b0bb7c-ad2c-4b58-9138-10b6fec2a966,3055.67,3056,104000000,512000000,
2025-12-06 18:02:03.757,2ae3bdc0-0f50-4419-b516-bacd880b291d,3140.84,3141,103000000,512000000,
2025-12-06 18:02:03.755,4108901b-4dc5-46e6-8daa-05a696308f26,3046.81,3047,104000000,512000000,
2025-12-06 18:02:03.750,16930e68-0c10-439c-a622-07bf1b415069,1817.85,1818,101000000,512000000,
2025-12-06 18:02:03.743,b7fce2e6-e878-4143-babb-106d1869f95e,3281.86,3282,102000000,512000000,
2025-12-06 18:02:03.737,e16a6613-d840-45e2-9219-cec505085431,1874.27,1875,99000000,512000000,
2025-12-06 18:02:03.726,94a16936-ffc8-492a-9274-f000eb26d35d,3190.69,3191,99000000,512000000,
2025-12-06 18:02:03.703,35668396-08bb-4efb-83cf-fc84221f4635,3378.2,3379,104000000,512000000,
2025-12-06 18:02:03.700,8d939f32-837e-4ffa-8f09-367b8802a2b6,3357.86,3358,104000000,512000000,
2025-12-06 18:02:03.691,55077d9b-4f58-47ce-b218-163e6ce7c242,3306.61,3307,104000000,512000000,
2025-12-06 18:02:03.688,c22d348b-75d8-4a26-94b6-6d9951aa1de8,3355.55,3356,102000000,512000000,
2025-12-06 18:02:03.680,3fbc3ae3-0c7b-4fdc-b75d-3320c5a1f8bb,3043.94,3044,103000000,512000000,
2025-12-06 18:02:03.678,e0fdbe06-3223-4278-b2e8-48089782198c,3134.26,3135,104000000,512000000,
2025-12-06 18:02:03.676,0965f953-ce25-4178-a6d7-0302cb3b6376,2644.59,2645,90000000,512000000,
2025-12-06 18:02:03.672,ef567b28-31ba-4f78-a576-f0aba2147123,3070.95,3071,103000000,512000000,
2025-12-06 18:02:03.670,fd6a9c21-19d7-4512-8c87-9e07f058b3ec,2956.99,2957,104000000,512000000,
2025-12-06 18:02:03.666,12743e1d-0cc6-491a-870f-ad77a94a47ad,2753.49,2754,90000000,512000000,
2025-12-06 18:02:03.665,d1a260a2-45b3-495d-b568-3b2547ee2a07,3097.9,3098,104000000,512000000,
2025-12-06 18:02:03.665,aacd6669-7b21-430c-9697-102defe3ca2a,3234.91,3235,105000000,512000000,
2025-12-06 18:02:03.659,b7538a21-993e-4dc0-8222-ab946f9296fb,3560.33,3561,104000000,512000000,
2025-12-06 18:02:03.648,e7e42882-f409-4533-882e-4ddd9acacb9e,3366.71,3367,104000000,512000000,
2025-12-06 18:02:03.647,89dfebff-3eea-4f86-8c0a-e110737e3cfd,3149.05,3150,105000000,512000000,
2025-12-06 18:02:03.640,e5cff980-636f-4b99-881b-f41897450c86,3326.27,3327,102000000,512000000,
2025-12-06 18:02:03.639,75f4aa06-f989-41d5-b564-e821c5242f74,3381.66,3382,104000000,512000000,
2025-12-06 18:02:03.630,32aac0f9-5eec-4718-a486-e1ac52a82e50,3252.75,3253,104000000,512000000,
2025-12-06 18:02:03.628,7e430779-0b65-410d-a81c-8f7ec24d1ede,3344.16,3345,104000000,512000000,
2025-12-06 18:02:03.624,b8e92bf5-ef1a-4402-9804-ea32cad1c6eb,3216.15,3217,104000000,512000000,
2025-12-06 18:02:03.618,bc66be4c-f721-47fd-870e-7ef1b44ff0de,2649.49,2650,90000000,512000000,
2025-12-06 18:02:03.608,5ca89a05-bd1f-4b6c-9816-f78df0c663d7,3290.26,3291,104000000,512000000,
2025-12-06 18:02:03.606,271cd64e-0360-4404-a201-f6da4168648c,3477.21,3478,104000000,512000000,
2025-12-06 18:02:03.600,5598ae9c-50c7-4a22-a8cf-f607d2e45ff1,3306.59,3307,104000000,512000000,
2025-12-06 18:02:03.572,66074f87-21b1-43d5-a7ec-8afbec24c141,3273.69,3274,104000000,512000000,
2025-12-06 18:02:03.570,fedee137-6df9-4ab2-93b0-a8094dc8c382,2882.7,2883,90000000,512000000,
2025-12-06 18:02:03.567,d6a30e85-ab32-449c-9ff9-b62e36601bdf,3238.51,3239,103000000,512000000,
2025-12-06 18:02:03.556,1075d21c-94a1-4826-ab5e-7b4edba91182,3179.58,3180,104000000,512000000,
2025-12-06 18:02:03.555,0c6c0551-599f-4367-9dc9-30727172c39a,2737.26,2738,90000000,512000000,
2025-12-06 18:02:03.540,c940aefb-0887-4634-9066-5a2a69a8968d,3097.7,3098,105000000,512000000,
2025-12-06 18:02:03.537,60711349-a9db-4334-ad1f-04dcbfd6f4e6,3203.86,3204,104000000,512000000,
2025-12-06 18:02:03.535,bc9df4e7-6a2c-4a13-a48d-ed6fd8cb741f,3132.03,3133,105000000,512000000,
2025-12-06 18:02:03.520,506dbf03-9878-46d5-8aae-efb8d638c2fd,3176.33,3177,104000000,512000000,
2025-12-06 18:02:03.516,8db56f6c-62af-4572-82ef-8511710d671a,3446.32,3447,104000000,512000000,
2025-12-06 18:02:03.515,c8a60cd7-c112-4548-80cd-50e4792178c4,3285.75,3286,104000000,512000000,
2025-12-06 18:02:03.506,79978a2f-5161-45f0-b16f-512e9151d889,3319.75,3320,103000000,512000000,
2025-12-06 18:02:03.476,4b14ebef-9277-4428-b2bd-ffebc0fa7893,3263.81,3264,103000000,512000000,
2025-12-06 18:02:03.452,7433aac7-e72d-40ff-84a2-2481d30d0e4f,3185.47,3186,104000000,512000000,
2025-12-06 18:02:03.440,a47bf191-4b79-43c3-98fd-b7efac7c34ad,3467.47,3468,102000000,512000000,
2025-12-06 18:02:03.438,bb260902-9d76-43d3-8f19-ba7b3eafc920,3112.78,3113,104000000,512000000,
2025-12-06 18:02:03.429,d0f7b9b3-5a24-46d1-85de-cc2590846b63,3134.91,3135,104000000,512000000,
2025-12-06 18:02:03.425,c5de18d3-fd78-493a-925f-5b39bab6cab0,3369.28,3370,104000000,512000000,
2025-12-06 18:02:03.423,a0cd2000-6c83-4779-a012-57ac053d89ab,3313.07,3314,104000000,512000000,
2025-12-06 18:02:03.422,773bbd4b-9fbe-4f2e-b4cf-7d8a964d509c,3371.69,3372,104000000,512000000,
2025-12-06 18:02:03.420,cb12eea7-959e-49a2-ae8c-572a690ab337,3208.97,3209,104000000,512000000,
2025-12-06 18:02:03.419,f6011a8d-5154-47b1-aef2-1e533ec26fa7,3224.65,3225,105000000,512000000,
2025-12-06 18:02:03.410,1d612c8d-60e4-4992-b9c0-46510fc00755,3116.29,3117,105000000,512000000,
2025-12-06 18:02:03.397,84e32328-4041-4ab4-94d3-05da07020e35,3079.74,3080,104000000,512000000,
2025-12-06 18:02:03.396,157dfbe7-3b7c-4d27-af88-b8d30e9ee5af,3085.99,3086,104000000,512000000,
2025-12-06 18:02:03.391,9f9460aa-3a26-4ee0-b967-132b8d744f85,3105.02,3106,104000000,512000000,
2025-12-06 18:02:03.387,eb574219-4e62-452c-855a-72a0a47c4638,3022.21,3023,103000000,512000000,
2025-12-06 18:02:03.380,8bcab2f2-5d49-4709-9611-3f492374a340,3165.86,3166,104000000,512000000,
2025-12-06 18:02:03.376,8072cd12-0567-47c8-a9e5-56fdd252e0ec,3216.79,3217,104000000,512000000,
2025-12-06 18:02:03.372,352be049-9281-49fa-874e-7b8a13c1559a,3252.31,3253,104000000,512000000,
2025-12-06 18:02:03.368,eb8610a4-4cee-401d-b6e5-8c57993670db,3023.09,3024,104000000,512000000,
2025-12-06 18:02:03.363,fe798d18-fd86-4edb-ad5f-17a63ea33a9a,3052.44,3053,103000000,512000000,
2025-12-06 18:02:03.362,8c9c366c-4c5a-432b-b796-05c76f5b5448,3026.9,3027,103000000,512000000,
2025-12-06 18:02:03.354,1ab18854-f35b-4131-9520-3a2bdb1f50ff,3154.4,3155,104000000,512000000,
2025-12-06 18:02:03.352,1447faba-c9be-457a-89b3-ce434d9125a1,3066.28,3067,104000000,512000000,
2025-12-06 18:02:03.350,96be108c-5571-4502-a1d7-a56bfb7d200c,3035.56,3036,104000000,512000000,
2025-12-06 18:02:03.349,592a6c34-aeab-49e9-a7a1-4bb3c6eb0f3f,3184.55,3185,104000000,512000000,
2025-12-06 18:02:03.345,ca623e3c-a03b-4203-92ff-b1b721a3779d,2712.3,2713,90000000,512000000,
2025-12-06 18:02:03.342,b73e75a2-d12b-48ff-be26-e3f2d900a8d5,3007.76,3008,105000000,512000000,
2025-12-06 18:02:03.339,bf737dac-9cd1-42ed-8d74-ec9fc12d7615,3316.79,3317,104000000,512000000,
2025-12-06 18:02:03.338,7ef97c93-3f55-4a31-8eb0-f4e1857a9084,3377.31,3378,104000000,512000000,
2025-12-06 18:02:03.338,bc495922-2e71-4859-8f60-745045cd065b,3048.86,3049,103000000,512000000,
2025-12-06 18:02:03.336,12d77f9f-1c32-47a6-a6b6-f739259ea301,3411.76,3412,104000000,512000000,
2025-12-06 18:02:03.333,6b6e7f0a-04fd-4b19-bcf4-2d120928cda0,3144.16,3145,104000000,512000000,
2025-12-06 18:02:03.326,75fdbd64-0ab2-4dfc-8a03-2bb94b7f9987,3283.52,3284,104000000,512000000,
2025-12-06 18:02:03.323,c9d197a3-321e-4176-bb94-e68d6b49a465,3130.71,3131,104000000,512000000,
2025-12-06 18:02:03.317,528cb2af-a5d3-4f2e-a373-6fc8650e99db,2671.96,2672,89000000,512000000,
2025-12-06 18:02:03.309,2ee4b3db-d1c1-45f6-8d3c-9ef62f31e24e,3091.42,3092,104000000,512000000,
2025-12-06 18:02:03.300,46e1f25c-cc9d-4d2c-914f-8f36ff3927ef,3037.73,3038,103000000,512000000,
2025-12-06 18:02:03.291,785b2f1f-3d6f-4719-9fd9-317509a33cdd,3173.94,3174,104000000,512000000,
2025-12-06 18:02:03.279,932e7970-9e84-47fd-9bdf-faf10611df19,3181.03,3182,104000000,512000000,
2025-12-06 18:02:03.278,0b5639f3-b893-4bd0-a469-2d954d2bf30a,3093.55,3094,104000000,512000000,
2025-12-06 18:02:03.278,a0efa472-5b45-41dc-9fc0-1a5e455b1c61,3173.43,3174,104000000,512000000,
2025-12-06 18:02:03.278,342d3e47-2b10-404c-a0df-fe77de3f064c,3289.08,3290,104000000,512000000,
2025-12-06 18:02:03.273,2dcaef4d-eb2c-44d1-a37f-d833a0ae9397,2991.46,2992,103000000,512000000,
2025-12-06 18:02:03.270,2a412cad-95ee-42ae-a357-c3ce0372871c,3354.26,3355,104000000,512000000,
2025-12-06 18:02:03.256,31509e0f-c6ef-490c-ad05-f6c6cd0c32da,3277.31,3278,104000000,512000000,
2025-12-06 18:02:03.256,fbfc29ce-9448-4844-b0c0-0d47800ef6c2,3106.68,3107,104000000,512000000,
2025-12-06 18:02:03.245,76d5476b-839b-4ae3-afb5-755dbf28e406,3133.84,3134,104000000,512000000,
2025-12-06 18:02:03.243,58f84fe8-32c2-4182-acbc-1f7558ab59f8,3319.07,3320,104000000,512000000,
2025-12-06 18:02:03.237,8bd9e0d0-8bb5-4534-845f-a3883b759982,3176.82,3177,104000000,512000000,
2025-12-06 18:02:03.233,34b454b0-5ae7-4372-8933-9d60e3f0249e,3069.09,3070,104000000,512000000,
2025-12-06 18:02:03.233,c4b61e54-e5cb-4824-b11f-f240e098e755,3134.17,3135,104000000,512000000,
2025-12-06 18:02:03.230,209103f4-2db2-4df3-a726-7e0aea6ca498,3061.96,3062,104000000,512000000,
2025-12-06 18:02:03.226,f0e83408-c6c5-444a-ba2b-85937ac5e693,2880.36,2881,104000000,512000000,
2025-12-06 18:02:03.225,e67302f2-5c84-450f-b0f1-5e63c79afb15,2996.35,2997,103000000,512000000,
2025-12-06 18:02:03.224,7d770f7b-0104-440c-9cdf-f38603a5efb5,3033.59,3034,103000000,512000000,
2025-12-06 18:02:03.220,4c707cb2-32ca-4c73-8106-2057dfa07f6a,3034.7,3035,104000000,512000000,
2025-12-06 18:02:03.217,920197f3-a4d3-4cf3-8093-577f06e064d1,2998.66,2999,104000000,512000000,
2025-12-06 18:02:03.217,50dfa491-cb1a-450b-981f-e59f9747cf56,3160.19,3161,103000000,512000000,
2025-12-06 18:02:03.213,f9c402c1-d558-4951-8f01-23e603a6263a,2605.17,2606,90000000,512000000,
2025-12-06 18:02:03.206,1d2fe3e7-3e4a-4143-b49c-60f8be3b2a89,3191.85,3192,104000000,512000000,
2025-12-06 18:02:03.205,2bb5632a-77d2-4b08-b689-34b3f08e47af,3113.07,3114,104000000,512000000,
2025-12-06 18:02:03.205,7cd57090-da90-41bf-b0a0-c53bcdeca5d3,3149.17,3150,104000000,512000000,
2025-12-06 18:02:03.202,13271634-a783-44f2-ae60-b6c05f6ab7eb,3005.5,3006,104000000,512000000,
2025-12-06 18:02:03.201,433a90af-67ca-48be-8de5-7609efb36a3a,3108.28,3109,104000000,512000000,
2025-12-06 18:02:03.201,ab74e13c-9fe4-4998-adc3-90e0fd8e18d5,3048.92,3049,104000000,512000000,
2025-12-06 18:02:03.195,c0c798f3-7b56-478c-ad8e-6f2e80cd1367,2651.12,2652,89000000,512000000,
2025-12-06 18:02:03.191,4f822971-f7db-4cc4-b127-0567b45f7909,3120.97,3121,104000000,512000000,
2025-12-06 18:02:03.191,396d0d0f-9a65-445c-9aff-156266474fc6,3298.51,3299,104000000,512000000,
2025-12-06 18:02:03.189,ee578c26-47ef-4d61-9f57-4ece3b6ab941,3140.86,3141,104000000,512000000,
2025-12-06 18:02:03.179,4ddbb789-0d4f-4a9d-95c2-663670b9ef3b,3125.29,3126,104000000,512000000,
2025-12-06 18:02:03.178,8484c579-a9a2-48c5-864e-d930c169f4b4,3158.34,3159,105000000,512000000,
2025-12-06 18:02:03.174,09efdae2-7a9c-4cd2-8d1d-85b1050e7bc5,3027.76,3028,104000000,512000000,
2025-12-06 18:02:03.172,c06b6f1a-0207-4be0-afb7-63e9d84bb19b,3019.34,3020,104000000,512000000,
2025-12-06 18:02:03.171,140c8591-4788-4ba2-8e10-a965a17f9c51,3102.17,3103,104000000,512000000,
2025-12-06 18:02:03.171,24f4713a-c964-4f4d-8bc2-d847a1322071,3141.48,3142,104000000,512000000,
2025-12-06 18:02:03.166,4b6339fe-39b4-44e8-ab50-fc01caec47fa,3197.03,3198,104000000,512000000,
2025-12-06 18:02:03.164,a054ecc0-11bb-45d2-9eb5-c853a7615be8,3211.29,3212,104000000,512000000,
2025-12-06 18:02:03.162,6a75c74f-679a-4031-ad4d-6ac72418bbdf,3153.06,3154,104000000,512000000,
2025-12-06 18:02:03.147,ef7f956e-6f3a-4355-9370-64729b6828b4,3018.51,3019,104000000,512000000,
2025-12-06 18:02:03.144,9db1240a-4aa7-47fd-93b3-5611bde19135,3338.21,3339,104000000,512000000,
2025-12-06 18:02:03.143,9fd7d023-fa43-4cbd-996a-421c366f36fd,3148.53,3149,104000000,512000000,
2025-12-06 18:02:03.141,8610f66d-1622-406f-95bc-f875678f5d35,3213.1,3214,104000000,512000000,
2025-12-06 18:02:03.137,b7dd01d2-8730-4f57-bf08-9c4f9de9160f,3164.07,3165,104000000,512000000,
2025-12-06 18:02:03.134,12589191-5665-424d-b635-4da3f8dbf476,3040.62,3041,104000000,512000000,
2025-12-06 18:02:03.131,dadb361a-b32f-4789-965a-4c73740b4443,3054.2,3055,104000000,512000000,
2025-12-06 18:02:03.130,7e1d04e9-5d05-4f48-ae0d-8fe7c5645da4,2951.93,2952,103000000,512000000,
2025-12-06 18:02:03.128,8fce74fc-c468-4218-b5e2-612390eeb6c0,3037.38,3038,104000000,512000000,
2025-12-06 18:02:03.127,99e52450-37fb-4031-9ea4-d81c58d320e0,3054.75,3055,104000000,512000000,
2025-12-06 18:02:03.114,1303d270-2765-4884-899e-aebc691f54bb,3242.58,3243,104000000,512000000,
2025-12-06 18:02:03.090,61129ad6-f436-4be6-a2d9-4f88a693335b,3120.78,3121,104000000,512000000,
2025-12-06 18:02:03.089,79704c35-0445-4e66-a0fd-67626f33da7e,3179.75,3180,104000000,512000000,
2025-12-06 18:02:03.087,5503135b-997b-49f4-b633-fe89f7f6dbc5,3008.76,3009,104000000,512000000,
2025-12-06 18:02:03.086,cb873534-32c2-49ea-972f-06a42cc17869,3094.24,3095,104000000,512000000,
2025-12-06 18:02:03.083,61185f22-9b1c-40bb-a296-1acb8c15fcd4,3090.71,3091,104000000,512000000,
2025-12-06 18:02:03.081,35806213-8533-4350-9f7a-b49aff8dfed3,2958.53,2959,103000000,512000000,
2025-12-06 18:02:03.076,f4075fa5-d2a6-4732-9281-027f70a59458,2935.8,2936,103000000,512000000,
2025-12-06 18:02:03.075,5f554bae-13b1-486f-83d6-7683485677fb,3125.37,3126,104000000,512000000,
2025-12-06 18:02:03.070,bb53f831-c317-4c68-af78-6eed1d5f2189,3104.45,3105,104000000,512000000,
2025-12-06 18:02:03.063,4db164b3-9996-494a-ae29-d6d2d5acc60f,3009.64,3010,104000000,512000000,
2025-12-06 18:02:03.057,20dbe092-67f9-479c-ad34-7f0eea5b07e1,3009.58,3010,103000000,512000000,
2025-12-06 18:02:03.056,69997b4a-11e4-4a22-823e-498e6de2a3d8,3165.56,3166,104000000,512000000,
2025-12-06 18:02:03.049,f887b60b-c24d-4ca4-9b6d-2ae985af388a,3015.51,3016,103000000,512000000,
2025-12-06 18:02:03.043,c7ba8951-d253-4255-92a6-d8c7ffec29da,3055.07,3056,103000000,512000000,
2025-12-06 18:02:03.042,db585969-b9bf-4242-b7f1-2c92bf0019a7,3096.2,3097,104000000,512000000,
2025-12-06 18:02:03.040,fb021743-d1c3-486b-9845-b54a6d53498e,3181.72,3182,102000000,512000000,
2025-12-06 18:02:03.040,2a37101e-b1bb-4849-ba2b-6fbefbcd3142,3107.47,3108,104000000,512000000,
2025-12-06 18:02:03.025,002efe1c-e49f-4d9b-b669-d25d8b080af6,2976.25,2977,103000000,512000000,
2025-12-06 18:02:03.023,c8f0a3d7-46d0-4aca-92c9-f81788779ac5,2946.28,2947,103000000,512000000,
2025-12-06 18:02:02.999,0bce1773-b078-4375-9c79-688cc8212f4f,3000.37,3001,103000000,512000000,
2025-12-06 18:02:02.978,dfdb6cc0-0217-4cbb-bdd0-bc6a1d34cdc9,2958.25,2959,103000000,512000000,
2025-12-06 18:02:02.968,36e51ed7-6aac-4052-af32-8cb0bdfb3b92,3034.54,3035,104000000,512000000,
2025-12-06 18:02:02.962,fb7c39af-6d24-4302-8db6-c22fd60cd9c5,2999.02,3000,104000000,512000000,
2025-12-06 18:02:02.955,ac58d815-cb1d-4ec9-ac7c-4acfdfd58dd1,3083.26,3084,104000000,512000000,
2025-12-06 18:02:02.946,2e4df346-810e-4e32-aecd-41106e462586,3093.73,3094,104000000,512000000,
2025-12-06 18:02:02.944,48d54539-e775-4e43-a05e-95f83bd87f51,3093.65,3094,104000000,512000000,
2025-12-06 18:02:02.943,b1aa4503-c609-4ae9-8d79-e68f7a269e44,2959.49,2960,104000000,512000000,
2025-12-06 18:02:02.942,eb69bb04-fd7b-4715-a347-6f6d734fcf0b,3039.07,3040,104000000,512000000,
2025-12-06 18:02:02.941,22c7f651-fe58-4ff2-b7aa-d14559aac602,3059.54,3060,104000000,512000000,
2025-12-06 18:02:02.941,7a1f62b4-e456-4976-b971-44c67580e79b,2946.17,2947,104000000,512000000,
2025-12-06 18:02:02.937,9af396c7-6654-4c3a-bbef-f062d0cfe667,3264.92,3265,104000000,512000000,
2025-12-06 18:02:02.932,cb97b542-1ce8-4e38-a909-8b4c91e598d5,1932.66,1933,98000000,512000000,
2025-12-06 18:02:02.932,6a39c909-d6b5-4e76-be95-cb1bbcd49350,3256.77,3257,104000000,512000000,
2025-12-06 18:02:02.932,8d73aeb4-f1c1-4bb4-ab0c-681e705f1935,3036.8,3037,104000000,512000000,
2025-12-06 18:02:02.926,86ad3f13-2d13-400a-acc4-ebbdda922a5a,3033.18,3034,103000000,512000000,
2025-12-06 18:02:02.920,c1803d0b-f3a0-4203-9c9c-53d8bb0f5929,3176.08,3177,104000000,512000000,
2025-12-06 18:02:02.919,950a213d-8d90-44fc-afb9-ad52a2d4365c,3080.72,3081,104000000,512000000,
2025-12-06 18:02:02.919,c264cd2e-f26b-4b63-bdc5-de951eb6e186,3078.83,3079,104000000,512000000,
2025-12-06 18:02:02.916,7ffc6943-fcb0-4c3a-a958-754f5212c343,3065.49,3066,104000000,512000000,
2025-12-06 18:02:02.915,c81f36df-759f-488e-b75e-c408645bc6cd,3062.56,3063,104000000,512000000,
2025-12-06 18:02:02.914,0da2ae5d-3f2f-4dda-bc42-c0e7923c7485,3069.69,3070,103000000,512000000,
2025-12-06 18:02:02.912,c50e7da8-8e03-47eb-bffb-f669054768b5,3075.01,3076,104000000,512000000,
2025-12-06 18:02:02.911,91a62203-04e7-4859-98d4-5f2efe647e6f,2935.34,2936,104000000,512000000,
2025-12-06 18:02:02.907,57bd33b6-a16c-46f8-87ce-2d484c26c5cc,3092.76,3093,104000000,512000000,
2025-12-06 18:02:02.906,2820736c-3262-4e1d-851a-96f30cd53b3c,3144.54,3145,104000000,512000000,
2025-12-06 18:02:02.905,a058e79c-8ca8-40c9-b153-17cdaf991d28,3104.82,3105,104000000,512000000,
2025-12-06 18:02:02.904,fca8ef77-511c-45c4-a87a-4bd4267c45cc,3015.47,3016,104000000,512000000,
2025-12-06 18:02:02.892,64e205a7-31e2-49ad-a20f-ab52b823b938,3017.93,3018,104000000,512000000,
2025-12-06 18:02:02.883,53a1e64f-5926-4bf9-b2bc-9f44d3c3d55e,3075.01,3076,104000000,512000000,
2025-12-06 18:02:02.882,ec77beec-a729-4627-96c4-579429b94dd8,3038.25,3039,104000000,512000000,
2025-12-06 18:02:02.882,7a43d1f4-ddd5-460f-afcb-9d865eb55aab,3057.86,3058,105000000,512000000,
2025-12-06 18:02:02.871,9eca1b52-a0e3-48aa-8ddf-9e7cdebf5070,3098.57,3099,105000000,512000000,
2025-12-06 18:02:02.867,05c757d0-67b2-4a0c-87e6-a209904b918e,2975.7,2976,104000000,512000000,
2025-12-06 18:02:02.864,d6d1c9bc-db1d-4d73-b101-7d06d965b225,2926.27,2927,105000000,512000000,
2025-12-06 18:02:02.861,8c528365-5cad-46b3-8263-996a6dd2aba2,2871.62,2872,103000000,512000000,
2025-12-06 18:02:02.858,b0175e74-4133-4db8-9b05-ea69e422529e,3072.27,3073,103000000,512000000,
2025-12-06 18:02:02.853,d1c2150a-d967-49cd-8e64-24ed0b8236fc,3292.99,3293,104000000,512000000,
2025-12-06 18:02:02.849,597a6cc0-4604-4f5d-8e44-391d8c975ddd,3093.06,3094,104000000,512000000,
2025-12-06 18:02:02.848,e28b4024-ff02-4a19-a68f-ed3befd68b07,3073.46,3074,105000000,512000000,
2025-12-06 18:02:02.834,0c0c0779-38bd-4dd3-89b8-9aee651c2220,3098.53,3099,103000000,512000000,
2025-12-06 18:02:02.832,bc7f3e5d-ab55-4a16-886a-6d65863a4890,2981.58,2982,104000000,512000000,
2025-12-06 18:02:02.831,8a15bbcf-f3ab-40a8-91f1-310b7e1451de,3176.11,3177,102000000,512000000,
2025-12-06 18:02:02.830,62f45f6a-376a-4cfb-b104-eedce73aecc0,3061.72,3062,103000000,512000000,
2025-12-06 18:02:02.825,e4173d55-c99e-4889-92cd-d3a8ce8771ad,1929.58,1930,97000000,512000000,
2025-12-06 18:02:02.822,9d105cbe-d38e-4e15-bae2-33abc1a0d43c,2087.28,2088,97000000,512000000,
2025-12-06 18:02:02.822,fd2779f8-08dd-4b14-a5db-66f6750661cc,2951.96,2952,104000000,512000000,
2025-12-06 18:02:02.817,f7665735-f69f-48c1-aa7f-7b1a7fd2479e,3009.42,3010,104000000,512000000,
2025-12-06 18:02:02.812,612f349a-ade0-4a59-8030-4c2b041d20b0,3006.22,3007,104000000,512000000,
2025-12-06 18:02:02.805,56beed63-da09-4852-9654-64ee7e99551a,3148.92,3149,104000000,512000000,
2025-12-06 18:02:02.802,5b370805-8a17-44a1-bd81-3846596f2bf7,3004.44,3005,104000000,512000000,
2025-12-06 18:02:02.787,fdc1f886-631a-4563-90d2-d4a4a24628bf,3214.25,3215,104000000,512000000,
2025-12-06 18:02:02.786,c042be3d-2f5e-468a-8665-32a27bf9dce1,2978.69,2979,104000000,512000000,
2025-12-06 18:02:02.785,4ec6c99c-ba36-4de8-8f85-a85ee21d7b20,2945.99,2946,105000000,512000000,
2025-12-06 18:02:02.783,8d0794f3-3593-40dd-8c19-7d3297aa8c96,3186.46,3187,104000000,512000000,
2025-12-06 18:02:02.780,35596435-42d9-4af6-ba9b-0a54e3bf3a41,3015.03,3016,104000000,512000000,
2025-12-06 18:02:02.772,b3b53733-9e2e-46a9-9e6a-a9bc22861866,3016,3016,104000000,512000000,
2025-12-06 18:02:02.770,6e8bd9ce-0917-4b36-8624-d9f341328656,3102.31,3103,104000000,512000000,
2025-12-06 18:02:02.760,2bcc9e78-dcea-496e-ab43-f2a487b3480e,1892.3,1893,97000000,512000000,
2025-12-06 18:02:02.754,34702116-66ec-494b-bf42-57650706f3f0,3001.57,3002,104000000,512000000,
2025-12-06 18:02:02.750,38a339ee-2125-452b-ab14-b135d85b3609,3207.08,3208,104000000,512000000,
2025-12-06 18:02:02.746,81d06fb3-8f31-4c3b-8c35-ee0f757daaa7,2995.22,2996,104000000,512000000,
2025-12-06 18:02:02.742,7f109add-61af-4a44-89ac-a269e3f73a6c,3051.93,3052,103000000,512000000,
2025-12-06 18:02:02.731,49dd2c75-ec6d-44ce-b7fd-b9d51e493db1,3086.49,3087,104000000,512000000,
2025-12-06 18:02:02.731,d027d83f-f417-42d9-946c-e833389a72a7,1951.78,1952,97000000,512000000,
2025-12-06 18:02:02.728,725c3ad4-094d-462d-bfa0-4c28ded3e2da,2915.47,2916,104000000,512000000,
2025-12-06 18:02:02.726,0f5dffee-1708-4535-ab0a-d5bcd55cde48,2901.02,2902,103000000,512000000,
2025-12-06 18:02:02.720,af0a6557-b79e-4c34-84c1-b8c66a6143b3,3095.43,3096,104000000,512000000,
2025-12-06 18:02:02.714,be67edec-2a72-43ba-8719-d303b50f48c4,3091.18,3092,104000000,512000000,
2025-12-06 18:02:02.713,25b73dcf-d63d-41b1-9b3e-7210426f6aba,2938.09,2939,104000000,512000000,
2025-12-06 18:02:02.709,c6a8120e-4018-4d28-a700-8ada38519a21,3000.53,3001,104000000,512000000,
2025-12-06 18:02:02.697,6431bd52-55b3-4c69-97ed-163d7bbe8f0d,3258.05,3259,104000000,512000000,
2025-12-06 18:02:02.692,6bd39679-f74c-476c-afb3-ae56f1c5a1d1,2890.69,2891,103000000,512000000,
2025-12-06 18:02:02.690,1d0ff6b6-9f7d-42e9-90eb-ac70472704a2,2889.22,2890,103000000,512000000,
2025-12-06 18:02:02.686,106827d7-4044-4fe5-a1b9-8a13be69fc76,2943.32,2944,104000000,512000000,
2025-12-06 18:02:02.684,d97f19be-f880-4e4e-854d-68b799c230d2,3138.32,3139,103000000,512000000,
2025-12-06 18:02:02.682,65f80825-49f6-496d-8ed5-29883f16a339,2002.35,2003,97000000,512000000,
2025-12-06 18:02:02.682,b98837fc-2a49-4306-9d75-6cb48ca33608,3239.4,3240,104000000,512000000,
2025-12-06 18:02:02.672,0b676077-b1f9-4fd5-bd9e-1bc6f8b4691d,3139.28,3140,102000000,512000000,
2025-12-06 18:02:02.657,9aac3008-5cf9-4a36-a71a-e1d4509873e9,2903.72,2904,104000000,512000000,
2025-12-06 18:02:02.657,e0540905-6cd4-4f31-8638-53a7ab55269a,2853.18,2854,103000000,512000000,
2025-12-06 18:02:02.656,88b443d5-00a5-4f75-8dc4-bfc6a6fb0907,2974.2,2975,104000000,512000000,
2025-12-06 18:02:02.652,a2659686-e6c6-4915-baac-9b4e5654591e,3036.51,3037,104000000,512000000,
2025-12-06 18:02:02.651,5b32e944-a917-4aad-b481-6e2156820ad0,3008.91,3009,104000000,512000000,
2025-12-06 18:02:02.646,2597fc3c-fe6f-46c3-af5c-7c6496aa8879,3102.58,3103,104000000,512000000,
2025-12-06 18:02:02.645,e1bbf549-34dc-4a43-b1d8-acc3c2b19d22,3077.99,3078,104000000,512000000,
2025-12-06 18:02:02.638,0a7313ce-50d8-4e36-9e57-de0502e421d5,3094.45,3095,104000000,512000000,
2025-12-06 18:02:02.624,311785d6-7b10-4004-ad6e-c65015f5e6e7,3057.53,3058,104000000,512000000,
2025-12-06 18:02:02.622,b237f97b-4055-46bd-bd5c-8525db352043,2979.67,2980,103000000,512000000,
2025-12-06 18:02:02.613,4a88ed6e-063a-48d7-af3d-be64a21c094a,3067.45,3068,104000000,512000000,
2025-12-06 18:02:02.606,afe0e6b2-3a4d-42fc-bf1d-d67325c27ca5,2862.64,2863,103000000,512000000,
2025-12-06 18:02:02.604,0077f973-01f4-4418-aea3-f6acd5f072d7,3143.05,3144,104000000,512000000,
2025-12-06 18:02:02.601,ba3d11a7-fc87-4c1a-acb4-7ff7f0654675,3077.89,3078,104000000,512000000,
2025-12-06 18:02:02.585,c13dc862-ad05-422e-aaa5-b82f5ec60f40,2977.2,2978,104000000,512000000,
2025-12-06 18:02:02.582,09d0fe48-8e1e-4f79-91b4-86a1ca641a42,3022.51,3023,104000000,512000000,
2025-12-06 18:02:02.581,e7b74deb-ebf0-4920-a428-08096a5d777a,2961.27,2962,103000000,512000000,
2025-12-06 18:02:02.569,5c7711dc-74cf-4ada-96e0-9e316d26776c,2942.58,2943,104000000,512000000,
2025-12-06 18:02:02.562,763deddd-58c9-453c-8b10-8f03d718737f,2954.36,2955,104000000,512000000,
2025-12-06 18:02:02.556,c9edb623-d251-4949-a58a-06e654feede7,3034.83,3035,104000000,512000000,
2025-12-06 18:02:02.553,35cc2fe5-b087-4469-9836-61485f4f92e5,2932.33,2933,104000000,512000000,
2025-12-06 18:02:02.532,4444184d-f70b-4a46-aa74-e30b58b9486f,2872.95,2873,104000000,512000000,
2025-12-06 18:02:02.531,b1b1d72f-1618-4200-8e34-2915a52e6439,3169.85,3170,104000000,512000000,
2025-12-06 18:02:02.531,33c9ffc1-3707-40a0-a7c8-b22f214f4d08,3158.55,3159,104000000,512000000,
2025-12-06 18:02:02.520,1be68cee-5745-49d2-8832-d86bedbe69d4,3021.15,3022,103000000,512000000,
2025-12-06 18:02:02.520,3b2edfd2-bfc8-48f0-b024-70fc54bdf5b5,3185.41,3186,104000000,512000000,
2025-12-06 18:02:02.520,1130e694-fae4-48a2-be09-aeded9bdafec,3107.11,3108,104000000,512000000,
2025-12-06 18:02:02.508,027c5bfd-14eb-458b-8b3f-03446ee44a50,2941.31,2942,104000000,512000000,
2025-12-06 18:02:02.503,2c61602f-7643-4880-aa86-9f2ad64fe1c3,3133.57,3134,105000000,512000000,
2025-12-06 18:02:02.499,a5c08c8f-8bf9-4a24-9eba-67e351aa1556,3084.99,3085,104000000,512000000,
2025-12-06 18:02:02.494,f9bd724d-137e-4548-8a0d-7449884d7932,2988.72,2989,103000000,512000000,
2025-12-06 18:02:02.485,81165abd-7055-4c25-9b2c-b6213e58224a,1978.86,1979,97000000,512000000,
2025-12-06 18:02:02.477,6de46214-d6e7-4726-9f21-53c52eda8206,2983.76,2984,104000000,512000000,
2025-12-06 18:02:02.471,7dabde36-ac55-4732-9a39-babaee224bf6,2937.98,2938,103000000,512000000,
2025-12-06 18:02:02.446,bd016bd8-daac-4ebe-aaea-bd4a6954b318,2902.32,2903,104000000,512000000,
2025-12-06 18:02:02.433,2936aa66-f2b5-4174-a08f-82859657b832,3163.45,3164,102000000,512000000,
2025-12-06 18:02:02.433,19716899-41e4-4897-b20e-7487d46029d9,2980.2,2981,103000000,512000000,
2025-12-06 18:02:02.415,afacd5ab-43a4-4e97-9d94-a9e1c4bc72e3,3028.71,3029,104000000,512000000,
2025-12-06 18:02:02.407,6eba8ee1-93f4-44c1-b08a-cd400d988e75,3002.25,3003,105000000,512000000,
2025-12-06 18:02:02.395,1af4d573-70ee-4602-891a-c8b9c11034d1,2916.04,2917,104000000,512000000,
2025-12-06 18:02:02.393,244b60b8-330c-4153-8359-ab5484e095f2,3057.04,3058,104000000,512000000,
2025-12-06 18:02:02.391,7cf204c0-0867-4f40-99a1-270d30409586,2768.1,2769,103000000,512000000,
2025-12-06 18:02:02.391,cd9700dd-5e86-4976-ba3c-905888d1fe78,3087.12,3088,104000000,512000000,
2025-12-06 18:02:02.385,9192ac76-3c8b-47b1-96ba-ce0f5a6e998a,2996.16,2997,104000000,512000000,
2025-12-06 18:02:02.376,6b0766c8-349d-43a7-8b66-a17dad7a697b,3086.87,3087,104000000,512000000,
2025-12-06 18:02:02.369,b1bcea27-cf2f-4792-932d-4c9fa1b5145c,3106.8,3107,104000000,512000000,
2025-12-06 18:02:02.359,27861fb9-c240-449b-8504-c97463631489,2941.58,2942,103000000,512000000,
2025-12-06 18:02:02.354,eb53aa66-378a-470e-9750-9c9203505962,2978.08,2979,104000000,512000000,
2025-12-06 18:02:02.353,7bf7caac-c79b-491b-921f-a683197d22ce,3158.69,3159,103000000,512000000,
2025-12-06 18:02:02.325,035aaec3-0aa6-45c9-902b-64ed1c554feb,2900.6,2901,103000000,512000000,
2025-12-06 18:02:02.317,5959586b-d51d-483c-92c6-73ed09a2fc63,3085.36,3086,104000000,512000000,
2025-12-06 18:02:02.308,4c4dd661-f9ec-4cb4-95c6-41d4e4a255b8,2748.64,2749,103000000,512000000,
2025-12-06 18:02:02.304,5cbee415-563f-4251-9ee0-0765a8d0650c,3032.88,3033,104000000,512000000,
2025-12-06 18:02:02.289,2e6ad995-d396-4666-b792-0f5139f0bcbf,3219.15,3220,102000000,512000000,
2025-12-06 18:02:02.277,03c3d1f7-4df6-4612-a688-14af64c78e0b,1964.67,1965,97000000,512000000,
2025-12-06 18:02:02.273,2eb2e003-7180-4ce7-b4af-574b762f37a5,2923.66,2924,104000000,512000000,
2025-12-06 18:02:02.266,06faa3ec-f19e-49a1-9486-f879506bc971,3017.56,3018,104000000,512000000,
2025-12-06 18:02:02.259,e014e890-11dc-476a-b1bb-fbb465f61323,3096.71,3097,104000000,512000000,
2025-12-06 18:02:02.245,fd5f27b1-2141-49c7-b83d-6b3b122703e0,2955.75,2956,104000000,512000000,
2025-12-06 18:02:02.243,3483b640-5125-4d4d-beea-4a865d9644b9,2989.24,2990,104000000,512000000,
2025-12-06 18:02:02.239,0311b971-0eb9-4b9c-830b-215549742cc3,2959.18,2960,104000000,512000000,
2025-12-06 18:02:02.230,94f512bf-3a1a-4adf-9a5b-e967d192d9e7,3195.62,3196,102000000,512000000,
2025-12-06 18:02:02.223,f5605ff8-15b4-4e5b-92f2-7f3ae0937e27,3045.37,3046,104000000,512000000,
2025-12-06 18:02:02.220,79584315-d9d9-4110-9a83-b15e5603fb31,3106.06,3107,104000000,512000000,
2025-12-06 18:02:02.207,4966b5c8-f72f-4909-ad20-96ae13baf6b1,2906.37,2907,104000000,512000000,
2025-12-06 18:02:02.193,7578bf19-89d0-4864-940b-cf36538fe5e5,3098.28,3099,104000000,512000000,
2025-12-06 18:02:02.189,3a27c385-7fa1-45c5-a141-d80b69c30308,3033.65,3034,104000000,512000000,
2025-12-06 18:02:02.188,437f6345-e1b0-45a8-870f-4075bdafb1e3,2714.56,2715,104000000,512000000,
2025-12-06 18:02:02.177,c5c5c4a4-028a-4195-8f6a-880d649fab92,3066.91,3067,104000000,512000000,
2025-12-06 18:02:02.167,b29e7d79-7a14-40ae-be2d-713dba5f9278,2951.01,2952,103000000,512000000,
2025-12-06 18:02:02.144,2e811c3e-90e4-42dd-89c0-ab996cdcdb3c,1924.23,1925,97000000,512000000,
2025-12-06 18:02:02.120,8a27b1b7-e00f-4be7-869a-862a2739c394,2940.21,2941,103000000,512000000,
2025-12-06 18:02:02.119,acfe5be2-5de7-4791-849c-07b572b0e715,1953.78,1954,97000000,512000000,
2025-12-06 18:02:02.118,9f08d535-5046-47de-b43b-85e7a92ba209,2996.43,2997,104000000,512000000,
2025-12-06 18:02:02.107,534769b1-99e1-4284-b26d-9f616a402481,3035.13,3036,104000000,512000000,
2025-12-06 18:02:02.104,39384a3d-646b-4473-ae04-f6bf4434ba57,2978.41,2979,104000000,512000000,
2025-12-06 18:02:02.101,6ea072ee-50bc-46e3-830f-c46e01b55960,2913.35,2914,104000000,512000000,
2025-12-06 18:02:02.101,34bc0928-511d-4bbe-8939-ce3ecac0bea8,2984.04,2985,104000000,512000000,
2025-12-06 18:02:02.093,880c3b68-50be-4ae4-ad57-570cfac75f7b,1833.95,1834,97000000,512000000,
2025-12-06 18:02:02.084,babd5272-499d-4a14-8a97-96b60f0ecc5d,2859.32,2860,103000000,512000000,
2025-12-06 18:02:02.078,94c656d3-f88b-4fdb-85e9-43793831be6c,3011.44,3012,104000000,512000000,
2025-12-06 18:02:02.072,102ce28e-b66e-4bb1-b8b0-5bdcc3664538,2895.57,2896,104000000,512000000,
2025-12-06 18:02:02.071,64a94f04-bf18-41e0-89e7-51d7ff49940b,1787.52,1788,97000000,512000000,
2025-12-06 18:02:02.068,b6ff490e-5397-4af8-9d8c-1009be7f405c,1856.38,1857,97000000,512000000,
2025-12-06 18:02:02.062,c2c8d21c-7d75-4895-88e3-29f3f41c73cd,2998.33,2999,104000000,512000000,
2025-12-06 18:02:02.060,ceac4ce7-4355-4bdb-8f80-eab359c95849,3010.5,3011,104000000,512000000,
2025-12-06 18:02:02.042,828e9b4b-967b-4ea6-af19-05b64b74424d,2920.2,2921,104000000,512000000,
2025-12-06 18:02:02.041,39b4defd-b022-4583-b5d3-fdebd99134d4,1822.77,1823,97000000,512000000,
2025-12-06 18:02:02.025,c0fb49d6-0637-4afb-b818-c94aa8ef1ecc,2898.29,2899,104000000,512000000,
2025-12-06 18:02:02.021,67c514bb-06a7-445c-855f-d592f489bb4c,1932.98,1933,97000000,512000000,
2025-12-06 18:02:02.018,6af271d6-869b-4e77-bfe1-cef86bda6d88,2851.99,2852,103000000,512000000,
2025-12-06 18:02:02.006,7e942b93-199b-4e38-9a33-d2bf52cccef4,3063.18,3064,104000000,512000000,
2025-12-06 18:02:02.000,d18d352b-7623-43fc-b643-842573dcbee9,2940.28,2941,104000000,512000000,
2025-12-06 18:02:01.994,5e1235e3-7f25-49b5-a688-8fe0174665fc,1974.06,1975,97000000,512000000,
2025-12-06 18:02:01.980,bc91a9c1-7f68-43a5-a8d3-d40276065fba,2824.53,2825,104000000,512000000,
2025-12-06 18:02:01.967,dcc0809e-e891-4e60-9913-ac425062bcec,2807.04,2808,103000000,512000000,
2025-12-06 18:02:01.964,887d9ae6-5c49-4335-b88d-02aeb4019db6,2822.57,2823,103000000,512000000,
2025-12-06 18:02:01.937,a1a1022e-6433-4ce6-a2f7-d88d717a17f7,2848.93,2849,103000000,512000000,
2025-12-06 18:02:01.934,26283e00-3b81-4b65-9331-1604c5793774,1915.09,1916,98000000,512000000,
2025-12-06 18:02:01.909,7d99e2db-8ea4-44b3-93e2-6f97e560fab5,1941.86,1942,98000000,512000000,
2025-12-06 18:02:01.905,abaaa30a-30eb-44fe-9ec4-76453bdf3b59,2982.26,2983,102000000,512000000,
2025-12-06 18:02:01.890,0d3792fe-5903-45a5-8b55-b4a604f2d7db,2751.81,2752,105000000,512000000,
2025-12-06 18:02:01.853,c5a177c8-7869-4910-a57a-2b4e0dc113e0,2994.99,2995,104000000,512000000,
2025-12-06 18:02:01.838,7a2d4c38-a470-4794-bd66-a7dd3fb369e9,1875.31,1876,97000000,512000000,
2025-12-06 18:02:01.792,c38f948b-eaa1-487a-98ab-c8559fc67b16,2779.93,2780,103000000,512000000,
2025-12-06 18:02:01.737,1e80263e-a835-4552-9ff3-265440a484d0,2662.06,2663,104000000,512000000,
2025-12-06 18:02:01.674,08bb47a7-c6a4-4595-9fe3-b4c23284cd58,3386.48,3387,98000000,512000000,
2025-12-06 18:02:01.614,7810c21c-44dc-4999-9539-693a55199327,2809.89,2810,104000000,512000000,
2025-12-06 18:02:01.556,ec682555-0054-4ae7-a7db-c1c5f88fba2f,3473.3,3474,100000000,512000000,
2025-12-06 18:02:01.488,8561bff9-efab-4678-bde2-11ea9495e969,2751.03,2752,103000000,512000000,
2025-12-06 18:02:01.477,12a673e9-6f9e-4862-957d-bbfd2714f352,2674.27,2675,104000000,512000000,
2025-12-06 18:02:01.415,ce726878-ddc0-4f30-8dbb-895436a3cac3,2657.82,2658,104000000,512000000,
2025-12-06 18:02:01.336,ecdd255c-fc7b-434a-a5d1-853969182d90,2755.99,2756,104000000,512000000,
2025-12-06 18:02:01.324,10223c31-1c46-4a00-8b45-dace3f4d89bf,3238.75,3239,99000000,512000000,
2025-12-06 18:02:01.307,4d88364d-ccb9-4810-9842-c044fe7041a7,3311.14,3312,100000000,512000000,
2025-12-06 18:02:01.234,256aa9cf-5619-4076-8efe-a2930325c988,3576.43,3577,99000000,512000000,
2025-12-06 18:02:01.230,2db1bb43-dba6-44ad-9051-7cb0699670de,2575.71,2576,103000000,512000000,
2025-12-06 18:02:01.206,a7e71bf5-f2cf-4024-a2d9-e1eb552bf1a2,3207.26,3208,100000000,512000000,
2025-12-06 18:02:01.192,0ef7f05f-4858-4973-bef0-81f363370278,2634.93,2635,103000000,512000000,
2025-12-06 18:02:01.130,aee5e845-e3b2-45b9-bbe0-a0814f740eb1,2649.8,2650,104000000,512000000,
2025-12-06 18:02:01.123,3b57b4d5-d98a-4987-972f-5137eb53e888,3391.1,3392,99000000,512000000,
2025-12-06 18:02:01.103,f0b26034-2cc6-4027-9c1d-b48652e81882,2705.48,2706,104000000,512000000,
2025-12-06 18:02:01.095,5230e640-5de8-4ac0-9f3f-6c43df028fa5,3172.45,3173,98000000,512000000,
2025-12-06 18:02:01.093,c120668a-09f4-4859-91bb-5b3926ad0649,2799.38,2800,104000000,512000000,
2025-12-06 18:02:01.069,a9d3ad8b-d10b-4305-a8aa-55d96e01b6ef,3545.92,3546,98000000,512000000,
2025-12-06 18:02:01.057,f37e2b50-6a6a-4a6d-8b1f-29eeb812f83e,3242.87,3243,98000000,512000000,
2025-12-06 18:02:01.045,ef2e739d-9f63-4d9f-90e7-69fe364fa986,3472.88,3473,98000000,512000000,
2025-12-06 18:02:01.045,f155d8fb-a57f-45c7-9f43-288c94c8a9b8,3500.72,3501,98000000,512000000,
2025-12-06 18:02:01.039,8edf160c-6880-4c91-b9bf-7c35317f80de,3354.04,3355,100000000,512000000,
2025-12-06 18:02:01.038,172e942b-a6f1-4c16-8106-1ee1807c99e5,3392.72,3393,99000000,512000000,
2025-12-06 18:02:01.027,010c1405-16b7-4f89-aacc-24a06827f059,3218.43,3219,99000000,512000000,
2025-12-06 18:02:01.019,ff2bd832-4e02-41b7-84b4-0cd6bb4b22d9,2578.95,2579,104000000,512000000,
2025-12-06 18:02:01.000,a841801c-1894-48e8-b087-003b268294ea,2778.22,2779,104000000,512000000,
2025-12-06 18:02:00.982,defdfdb8-ea86-42b5-90b6-9e8f71ceae2d,3375.96,3376,99000000,512000000,
2025-12-06 18:02:00.941,781c1bab-394c-4870-821f-5d65ff9eec37,2619.84,2620,104000000,512000000,
2025-12-06 18:02:00.940,867ae977-7a8d-4c72-8b57-a52a9448f19f,3275.43,3276,99000000,512000000,
2025-12-06 18:02:00.930,598c4c27-0d77-4c26-8ce0-384dfb469400,2147.94,2148,92000000,512000000,
2025-12-06 18:02:00.900,5638ccdc-ed90-448b-8293-bfef6a39bf42,3355.34,3356,99000000,512000000,
2025-12-06 18:02:00.893,6b545353-d723-4d54-adfe-c00611dcf314,2573.2,2574,104000000,512000000,
2025-12-06 18:02:00.881,f3188192-4d67-415b-92de-e2342d2379fb,2137.64,2138,92000000,512000000,
2025-12-06 18:02:00.880,ce23538e-e808-4fb5-a50d-a47b70269383,3330.5,3331,98000000,512000000,
2025-12-06 18:02:00.874,c8a26b6d-bcef-4cdd-93a5-5d16bb9c2c5f,3308.8,3309,98000000,512000000,
2025-12-06 18:02:00.863,de598c95-4aaa-44d7-b67b-d21b24bec58c,3431.15,3432,100000000,512000000,
2025-12-06 18:02:00.860,c06ee385-291d-40f8-864f-1abbe15a4db0,2102.74,2103,89000000,512000000,
2025-12-06 18:02:00.833,f16f9444-dccf-4301-a8ca-f0357df84fe5,3376.61,3377,99000000,512000000,
2025-12-06 18:02:00.831,3804058b-9867-42c9-96f2-1755ad640c57,3227.09,3228,100000000,512000000,
2025-12-06 18:02:00.827,27dbbe8f-455f-4e8c-9515-887925d38487,3193.1,3194,99000000,512000000,
2025-12-06 18:02:00.823,95455bfa-d66c-45a6-9c29-a9870066a1db,3345.72,3346,100000000,512000000,
2025-12-06 18:02:00.816,f5eff6cc-e461-4b93-b7a0-7d200be068a9,3059.12,3060,99000000,512000000,
2025-12-06 18:02:00.812,dbbb69aa-4b25-4eae-b0ec-0109441efce6,3314.24,3315,99000000,512000000,
2025-12-06 18:02:00.776,831c0b9a-2751-4280-a643-6bf64a72c23b,3252.03,3253,100000000,512000000,
2025-12-06 18:02:00.769,96684c99-e010-4c35-a394-0cec5d922067,2102.27,2103,90000000,512000000,
2025-12-06 18:02:00.758,87298372-0d3f-4128-83d7-eaa5fb61a413,3119.22,3120,99000000,512000000,
2025-12-06 18:02:00.757,22fc7538-bfd3-4b30-8f8e-657eb85f7202,3313.17,3314,98000000,512000000,
2025-12-06 18:02:00.729,d1853429-095d-41ec-a7fc-e08316fa7915,3127.86,3128,99000000,512000000,
2025-12-06 18:02:00.719,4e63b991-8a46-472b-9b5d-d1d9ab192e1b,2120.57,2121,90000000,512000000,
2025-12-06 18:02:00.714,a4fa0d12-277b-43b8-80df-ff154c25a31f,2698.51,2699,104000000,512000000,
2025-12-06 18:02:00.711,0cbed98b-5cfd-4d3b-8014-6206bbcb54db,3119.28,3120,100000000,512000000,
2025-12-06 18:02:00.711,3c4973a9-382c-413e-894f-5d7e96ff10ff,3453.38,3454,99000000,512000000,
2025-12-06 18:02:00.709,6efe5f88-91b6-4b31-bc31-9b6ee87ba516,3457.18,3458,100000000,512000000,
2025-12-06 18:02:00.688,aaac39c8-aef0-47c2-9b06-a1e2fd191255,2965.23,2966,100000000,512000000,
2025-12-06 18:02:00.680,a897ce1a-ae81-4274-8210-502a5917b8c6,3202.38,3203,100000000,512000000,
2025-12-06 18:02:00.661,8ef93d4a-4ff4-468c-b7d5-5fb7897546d9,2093.12,2094,90000000,512000000,
2025-12-06 18:02:00.660,8ac449be-55ac-4c2c-8650-54d6cd36ed81,2576,2577,103000000,512000000,
2025-12-06 18:02:00.640,9552606e-3e11-432a-baca-9778c97771a6,2544.11,2545,104000000,512000000,
2025-12-06 18:02:00.630,4623a938-8a07-47d6-87a8-d5a885059dc3,3173.31,3174,99000000,512000000,
2025-12-06 18:02:00.626,459df478-08f6-4593-9cd1-8ef63ed12278,2674.8,2675,104000000,512000000,
2025-12-06 18:02:00.622,a08801ae-e2ee-421e-a41e-1ea36646d629,3350.56,3351,98000000,512000000,
2025-12-06 18:02:00.611,148e57a2-27bd-44f2-84c6-7d100080be64,3156.09,3157,99000000,512000000,
2025-12-06 18:02:00.611,a047900c-4358-41b6-a35c-9e7891cea618,3198.93,3199,98000000,512000000,
2025-12-06 18:02:00.610,2ec8aa8f-2b6e-4a80-b68b-27b2019209fa,3133.44,3134,99000000,512000000,
2025-12-06 18:02:00.607,979c35c1-6cd9-48c1-a771-618f6c133c32,2967.13,2968,100000000,512000000,
2025-12-06 18:02:00.588,0b156b98-dd81-4de5-bd75-2c62a84d80e4,3159.68,3160,99000000,512000000,
2025-12-06 18:02:00.563,e0e522f1-e435-4e5f-bc38-cad384601354,3275.79,3276,100000000,512000000,
2025-12-06 18:02:00.562,8f14ba2c-ffb3-42af-9493-4ae478ffbeea,3108.62,3109,98000000,512000000,
2025-12-06 18:02:00.557,5ecf6e43-465e-44f0-98a7-fa9ade8ec07a,2375.67,2376,104000000,512000000,
2025-12-06 18:02:00.545,95504ce2-0aeb-4a56-97d9-074c430fb256,3154.01,3155,99000000,512000000,
2025-12-06 18:02:00.539,f5c8cacb-93cd-4325-a703-3dc0665b3366,3151.56,3152,100000000,512000000,
2025-12-06 18:02:00.535,c26f3423-f175-4254-8234-eb6e545fd110,2468.5,2469,103000000,512000000,
2025-12-06 18:02:00.531,b4e53713-f2b6-411a-b149-7151641f0fa1,3082.9,3083,100000000,512000000,
2025-12-06 18:02:00.525,af7393a5-6e60-4647-87f6-3e91b6ff7456,3361.24,3362,99000000,512000000,
2025-12-06 18:02:00.525,b9d04cde-3f1b-45df-a059-feb00e463014,3291.57,3292,100000000,512000000,
2025-12-06 18:02:00.522,8220287f-1a7c-48be-a176-169f80ef56dd,3075.36,3076,100000000,512000000,
2025-12-06 18:02:00.522,ecdeda3d-7455-4396-b69c-123dcc77b8fb,3167.35,3168,99000000,512000000,
2025-12-06 18:02:00.519,365f4927-51cf-4f3f-af7b-3591d76ad966,3133.15,3134,98000000,512000000,
2025-12-06 18:02:00.492,cfa8ff05-2ec9-4d60-9fac-177accf7894d,3391.51,3392,98000000,512000000,
2025-12-06 18:02:00.486,041db600-11bc-426c-aac3-b2fde5bc674f,3103.74,3104,99000000,512000000,
2025-12-06 18:02:00.486,64e9a1f4-497a-4d20-b95d-ae6e6202df37,3262.01,3263,98000000,512000000,
2025-12-06 18:02:00.482,74188b82-f2a4-4b17-a439-ad926fd5fe65,3164.1,3165,100000000,512000000,
2025-12-06 18:02:00.468,b3df855b-e1e8-48df-8b73-a2fa8360a78f,2122.51,2123,91000000,512000000,
2025-12-06 18:02:00.467,12f70b5d-b5cf-4461-92c4-d678fe18af51,3257.62,3258,100000000,512000000,
2025-12-06 18:02:00.453,09009af1-1287-4e8b-ba8f-bedf63453b74,3170.17,3171,100000000,512000000,
2025-12-06 18:02:00.441,318fcc70-10c1-49ba-b137-0fb194e0f5b1,3191.33,3192,99000000,512000000,
2025-12-06 18:02:00.437,0ef53e69-8558-4127-b143-dd2d6d4c1094,3174.26,3175,99000000,512000000,
2025-12-06 18:02:00.436,06990995-4d7f-430d-b6e3-1828d57f2c80,3254.74,3255,98000000,512000000,
2025-12-06 18:02:00.433,917e44bc-49e3-4755-924c-e20904cf8a08,3259.28,3260,99000000,512000000,
2025-12-06 18:02:00.423,1514b43a-5044-4aa1-9c81-3530e4376c9a,3219.48,3220,99000000,512000000,
2025-12-06 18:02:00.423,7ce871af-a1e2-475c-8247-bd3552bf2162,3174.1,3175,100000000,512000000,
2025-12-06 18:02:00.421,670b5bcd-691f-4023-ba62-85c3b550c62a,3412.3,3413,100000000,512000000,
2025-12-06 18:02:00.401,16f4a6ba-410d-4643-abd3-6d2f5cd47feb,3211.28,3212,99000000,512000000,
2025-12-06 18:02:00.401,08ba39b7-a77a-483a-b798-27fbc88c879e,3054.91,3055,99000000,512000000,
2025-12-06 18:02:00.391,82e09c4c-ae0c-497a-bf91-033c88f525af,3177.2,3178,99000000,512000000,
2025-12-06 18:02:00.390,c07bdeb1-4ced-4310-b176-dac413a55f3f,3279.3,3280,99000000,512000000,
2025-12-06 18:02:00.370,01fbc099-04c3-40f8-9e04-ae290b1ebd0c,3080.49,3081,100000000,512000000,
2025-12-06 18:02:00.369,8f90389b-4f81-46ae-8525-fedcd07a791d,3142.33,3143,100000000,512000000,
2025-12-06 18:02:00.352,b6987d2f-baf6-4a0e-8a31-19e151aa374d,3091.71,3092,99000000,512000000,
2025-12-06 18:02:00.348,b908f061-d886-4dc0-b8c1-5e3243320333,3133.23,3134,99000000,512000000,
2025-12-06 18:02:00.337,e51ccac7-ca1f-4318-9285-a29d9d6df42e,3161.97,3162,100000000,512000000,
2025-12-06 18:02:00.335,d742eed3-3049-4e6c-83f3-cce1b8f2ebe8,3311.11,3312,100000000,512000000,
2025-12-06 18:02:00.322,b2091d87-1895-41d0-9872-38885e0f676a,3028.81,3029,99000000,512000000,
2025-12-06 18:02:00.322,c00abf99-5366-4fa5-9769-c51430fa02cc,3250.62,3251,99000000,512000000,
2025-12-06 18:02:00.322,a04126fe-5afa-4b4f-98c7-782221f4203a,3172.84,3173,98000000,512000000,
2025-12-06 18:02:00.319,85e12139-67fc-44bd-866c-6188483c4311,3169.42,3170,100000000,512000000,
2025-12-06 18:02:00.313,f4f615d8-8439-4463-95d7-fd77cfbbf66c,3247,3248,99000000,512000000,
2025-12-06 18:02:00.310,0b836aa8-eec9-4516-be7e-78247ecf5bd5,3168.77,3169,98000000,512000000,
2025-12-06 18:02:00.310,958821df-a48a-491a-9221-d2e406f860fb,3134.91,3135,99000000,512000000,
2025-12-06 18:02:00.307,b177c692-42ed-49ad-91ed-7faff28c8294,3116.73,3117,98000000,512000000,
2025-12-06 18:02:00.305,11feb8bd-7516-4e14-af82-33bc85413f72,3110.49,3111,98000000,512000000,
2025-12-06 18:02:00.304,ba560710-fec8-4717-92e4-fa74274b52be,3160.3,3161,100000000,512000000,
2025-12-06 18:02:00.300,98efa854-06d6-4297-8ca9-f6f81d045374,3150.88,3151,99000000,512000000,
2025-12-06 18:02:00.299,142c6a78-27c5-4621-9913-6aeef712f44f,3333.41,3334,99000000,512000000,
2025-12-06 18:02:00.296,7da7cbc8-34a7-495b-a8ba-5535b7e31733,3061.54,3062,100000000,512000000,
2025-12-06 18:02:00.296,8b817886-609b-443d-8e7a-a95167a7d1fb,2177.73,2178,93000000,512000000,
2025-12-06 18:02:00.293,2ed594d4-a50d-4419-9c5e-d0aeca22767b,3107.14,3108,98000000,512000000,
2025-12-06 18:02:00.292,210a7b6e-3d03-48f4-9722-9c38560813fc,3077.09,3078,100000000,512000000,
2025-12-06 18:02:00.289,c650589d-7342-4e73-bb18-4df80b3be0c4,3095.88,3096,99000000,512000000,
2025-12-06 18:02:00.287,ade7d382-d355-4a79-bb71-ae94db08db06,3279.23,3280,99000000,512000000,
2025-12-06 18:02:00.274,ae841a67-4a3c-486a-ba6a-a3875026e428,3137.52,3138,99000000,512000000,
2025-12-06 18:02:00.271,f26a09b5-61aa-48f2-83e4-c9c50c339464,3143.21,3144,99000000,512000000,
2025-12-06 18:02:00.268,4d5e210c-241d-48fc-a836-ed3f1a30f0b9,1977.12,1978,91000000,512000000,
2025-12-06 18:02:00.268,0245bfb4-86d3-4a5b-8a22-1a74babb332b,3094.28,3095,100000000,512000000,
2025-12-06 18:02:00.267,e2ed2cf6-dcce-4296-80b8-04e190a01f04,3055.09,3056,99000000,512000000,
2025-12-06 18:02:00.267,b3d6eb3e-d946-48fb-a64d-9620d7c5ccf1,3184.11,3185,100000000,512000000,
2025-12-06 18:02:00.264,d33c908f-9579-489e-b86c-28aef8e5a1d5,3035.8,3036,99000000,512000000,
2025-12-06 18:02:00.258,484c8a80-57ce-4b5a-b1bf-553946d33a19,3141.79,3142,99000000,512000000,
2025-12-06 18:02:00.251,497e35c2-5d8d-4611-9cc3-f1ab4fd9a14f,3133.66,3134,99000000,512000000,
2025-12-06 18:02:00.251,0bf86035-bd5b-4631-9146-4cbff4462f31,1972.68,1973,93000000,512000000,
2025-12-06 18:02:00.248,b4cebcca-ae0b-4a01-9766-20a34e1f40ae,3106.2,3107,100000000,512000000,
2025-12-06 18:02:00.248,31bb43b8-a6f6-4a4b-bfd1-b6c7abb194d1,3077.68,3078,99000000,512000000,
2025-12-06 18:02:00.244,cc36e44d-d7c5-4c07-a469-0b1a18df91c5,3261.55,3262,99000000,512000000,
2025-12-06 18:02:00.218,036c101e-2914-4c71-9451-fe8877be2fd5,3091.09,3092,99000000,512000000,
2025-12-06 18:02:00.215,9e3f144f-cdc5-495a-958d-ea16ec2375f0,3086.66,3087,99000000,512000000,
2025-12-06 18:02:00.208,0697fb98-1d40-426f-8e13-2a47892870e3,3084.3,3085,99000000,512000000,
2025-12-06 18:02:00.205,f65228ad-a035-449c-aad1-b7298d5bdbf0,1979.7,1980,91000000,512000000,
2025-12-06 18:02:00.199,6a94f99a-997a-4ce8-b982-e1d0642e7505,2016.22,2017,89000000,512000000,
2025-12-06 18:02:00.199,3fa39aa9-c19c-49ed-afc4-5bd08d62f516,3455.87,3456,98000000,512000000,
2025-12-06 18:02:00.197,6216e76d-c2c9-4ade-af86-e70d02739759,3107.81,3108,99000000,512000000,
2025-12-06 18:02:00.196,b99d87ad-3802-4b51-afb3-f060ccd6f48a,3132.25,3133,99000000,512000000,
2025-12-06 18:02:00.190,aab0166d-21dd-4372-888c-945af298bed1,3053.71,3054,98000000,512000000,
2025-12-06 18:02:00.187,253a50a8-80a7-443a-b9a1-4256d1e96f3b,3206.35,3207,100000000,512000000,
2025-12-06 18:02:00.185,943fc03e-cbc9-4f3e-b427-46570b86f701,3154.46,3155,99000000,512000000,
2025-12-06 18:02:00.182,6d426ffc-2f63-4cfb-ad45-9c850ec7221b,3130.3,3131,99000000,512000000,
2025-12-06 18:02:00.180,0a768fd3-82d4-4b76-af83-eee553dad831,3093.81,3094,100000000,512000000,
2025-12-06 18:02:00.178,9e8dedf0-d736-435f-ab34-381d20e4a5cf,3120.67,3121,99000000,512000000,
2025-12-06 18:02:00.178,6134f0fd-1cf7-4395-a1c6-3e243083a28c,3096.71,3097,98000000,512000000,
2025-12-06 18:02:00.177,8b175388-9d88-4343-af4d-185693788baa,3112.35,3113,100000000,512000000,
2025-12-06 18:02:00.176,bcdadb83-bdfa-4474-8082-d867ab186a7a,3118.39,3119,99000000,512000000,
2025-12-06 18:02:00.175,555f9426-95f0-4c1b-a99a-e797ad3b9e9c,3062.54,3063,100000000,512000000,
2025-12-06 18:02:00.169,26c9aa52-e514-45f7-a89f-ceb7a736c662,3054.49,3055,98000000,512000000,
2025-12-06 18:02:00.163,c94a21fc-08f3-4f9b-ad06-c60bb257ace2,2000.54,2001,92000000,512000000,
2025-12-06 18:02:00.157,0c9437e9-288d-4dc0-b22d-53a325469b04,1985.99,1986,90000000,512000000,
2025-12-06 18:02:00.149,ea682a4a-10a1-4395-8a89-721c563dbda2,3107.31,3108,100000000,512000000,
2025-12-06 18:02:00.149,0d0902ca-41d7-448e-8151-931389766775,3132.26,3133,100000000,512000000,
2025-12-06 18:02:00.148,dbd0415c-570c-4e0c-a532-97188eed7d2b,2988.26,2989,100000000,512000000,
2025-12-06 18:02:00.145,dae42228-3f74-4381-9d9e-e2faa97e46de,3053.22,3054,98000000,512000000,
2025-12-06 18:02:00.144,9f757901-a27d-4517-9aea-1ed1bd2daa9b,3130.81,3131,98000000,512000000,
2025-12-06 18:02:00.144,d6c8e7e4-70bd-49d1-b47f-170827aa237d,3118.68,3119,98000000,512000000,
2025-12-06 18:02:00.133,7a502d82-dd8f-4d68-90bc-67ba4148d1d6,3069.46,3070,99000000,512000000,
2025-12-06 18:02:00.121,40e6a8e4-753c-405f-91cd-6115114e448d,3352.68,3353,99000000,512000000,
2025-12-06 18:02:00.117,653267b6-f126-40eb-b20f-7fcc6c7180ff,3061.12,3062,99000000,512000000,
2025-12-06 18:02:00.116,28154da1-11dd-4303-aad6-ab89cc80cd32,3104.35,3105,100000000,512000000,
2025-12-06 18:02:00.112,777e25ec-eb46-4bfe-9d95-61d6c2029c1b,2898.35,2899,99000000,512000000,
2025-12-06 18:02:00.106,74cdfff6-06ea-4da8-b400-8a92fe45a90f,3089.8,3090,100000000,512000000,
2025-12-06 18:02:00.099,f18d40b5-2086-416d-9125-e6235e420446,3068.1,3069,100000000,512000000,
2025-12-06 18:02:00.098,f6aee222-13d5-49c1-bc40-54033e431948,3112.37,3113,100000000,512000000,
2025-12-06 18:02:00.095,e6f09ff9-487b-41fb-8cb2-a484f9cd205f,3010.49,3011,99000000,512000000,
2025-12-06 18:02:00.089,38aa8437-62c0-48db-8cb5-e8c1d32b7c17,3090.24,3091,100000000,512000000,
2025-12-06 18:02:00.084,c3e8c1a4-d3d6-445a-8742-652a0c204acb,3274.08,3275,99000000,512000000,
2025-12-06 18:02:00.083,2dcd0820-aa28-481c-bb17-5d57809db75b,3130.18,3131,100000000,512000000,
2025-12-06 18:02:00.081,47c21788-5379-42e6-abb2-8aaca070bf78,2103.79,2104,93000000,512000000,
2025-12-06 18:02:00.077,7d50f41c-2c9b-40de-a3ca-813cf721289d,2998.79,2999,99000000,512000000,
2025-12-06 18:02:00.077,37692e8b-e9fa-459c-8bf9-36069953a5ba,3043.86,3044,100000000,512000000,
2025-12-06 18:02:00.075,1b20d72b-10a8-4c99-97f4-c3baff7b384f,3030.73,3031,100000000,512000000,
2025-12-06 18:02:00.073,5c7e7ee3-a6bb-4b83-b7b8-535ec8f4fa25,3040.59,3041,100000000,512000000,
2025-12-06 18:02:00.072,905904f3-4f48-4c97-95d0-47b6e6afd3e5,3074.25,3075,99000000,512000000,
2025-12-06 18:02:00.065,74eb4e71-3649-47c3-95d2-4210d0c8ca9a,3050.58,3051,100000000,512000000,
2025-12-06 18:02:00.065,f9198ade-c380-4249-9c90-816bf10f7f47,3029.78,3030,98000000,512000000,
2025-12-06 18:02:00.064,b2ebba5c-859f-43e2-a443-852b512b63da,3052.67,3053,99000000,512000000,
2025-12-06 18:02:00.061,477c696e-d10b-4d7b-a90e-788272998b5c,3271.95,3272,100000000,512000000,
2025-12-06 18:02:00.058,c2dd3f87-f74c-4b6d-911f-27b39d118d23,3130.72,3131,99000000,512000000,
2025-12-06 18:02:00.052,ca4ab992-4057-4a31-9878-2186160db773,3034.74,3035,100000000,512000000,
2025-12-06 18:02:00.046,ca972b6c-1604-4857-8aec-0131b19459d6,3290.67,3291,99000000,512000000,
2025-12-06 18:02:00.044,d7493bce-69d3-48f0-b2fd-5285f1f74043,3071.93,3072,100000000,512000000,
2025-12-06 18:02:00.044,3873034f-582e-45c0-816f-62b415e158d7,3039.21,3040,100000000,512000000,
2025-12-06 18:02:00.040,778b37d0-b8d6-4800-a167-a061e813f204,3133.11,3134,98000000,512000000,
2025-12-06 18:02:00.039,9105c9b0-f640-403f-a258-1c8c23a872d2,2979.79,2980,100000000,512000000,
2025-12-06 18:02:00.039,95aaeb5d-89d9-446c-8392-f2d374077aea,3282.35,3283,98000000,512000000,
2025-12-06 18:02:00.038,7ba361fc-e61a-41f9-95ef-7d1ef49f4360,3014.28,3015,100000000,512000000,
2025-12-06 18:02:00.037,5c331c8c-216a-470e-bf64-f6bdb3d3277f,3149.6,3150,99000000,512000000,
2025-12-06 18:02:00.034,461014fa-a92f-4f69-896b-3cdacf167745,3057.69,3058,100000000,512000000,
2025-12-06 18:02:00.034,4ec739f1-1381-495a-b84e-10df5d272b26,3131.65,3132,100000000,512000000,
2025-12-06 18:02:00.032,2a633e3f-1213-41f4-a876-e3c483effc51,3134.41,3135,100000000,512000000,
2025-12-06 18:02:00.027,37940424-a5c3-430e-a69a-cb51078a6691,3050.57,3051,99000000,512000000,
2025-12-06 18:02:00.023,900ad787-4e5a-499b-9b86-5ea397002441,3238.14,3239,99000000,512000000,
2025-12-06 18:02:00.015,581b7da9-a1dd-4734-8a58-fb884f98479c,3050.49,3051,99000000,512000000,
2025-12-06 18:02:00.013,4146abb8-a6b7-448e-9672-59d51150609d,2059.82,2060,91000000,512000000,
2025-12-06 18:02:00.013,20a34a96-8a7e-4a44-8461-75a23b7ae3b7,2067.37,2068,91000000,512000000,
2025-12-06 18:02:00.012,d7a27721-50eb-4948-b3cc-29c6516652d2,2992.83,2993,101000000,512000000,
2025-12-06 18:02:00.010,957be068-14b0-490f-adfc-26d91f41b8f8,3091.55,3092,100000000,512000000,
2025-12-06 18:02:00.010,a7cc5c5b-0f3b-4cfd-8fdb-1465371941a8,3192.66,3193,100000000,512000000,
2025-12-06 18:01:59.997,5a3ed813-6e4e-4079-9b18-8dd5c11251f7,3010.27,3011,100000000,512000000,
2025-12-06 18:01:59.994,1bde0dec-5e6a-428a-ab0c-dc9c5c1930de,3025.34,3026,99000000,512000000,
2025-12-06 18:01:59.993,45903741-dd82-43d0-b074-21855777e6c3,3152.38,3153,100000000,512000000,
2025-12-06 18:01:59.991,21056b9b-473a-4c98-8d81-82cbe14cef6a,3130.38,3131,98000000,512000000,
2025-12-06 18:01:59.985,73d24b72-8368-4e91-a2ef-985105f73c84,3071.01,3072,98000000,512000000,
2025-12-06 18:01:59.982,02d32919-9709-4f57-80be-bf1e8fdaa806,3009.67,3010,98000000,512000000,
2025-12-06 18:01:59.981,b895e398-2880-497f-9f3a-5c84dcaa4c06,3234.82,3235,98000000,512000000,
2025-12-06 18:01:59.978,f8bb318f-ca2a-49d0-88ad-ee608832bdd6,3083.55,3084,100000000,512000000,
2025-12-06 18:01:59.977,d89755d4-4a3d-401f-99b8-aab4442c7160,2991.04,2992,98000000,512000000,
2025-12-06 18:01:59.974,26bb49e3-b9fe-402f-a50d-6e90d58b9e47,3333.08,3334,99000000,512000000,
2025-12-06 18:01:59.972,a9999ca4-59bd-4d79-9c67-2e0f27f07487,3231.3,3232,99000000,512000000,
2025-12-06 18:01:59.968,5dfcccdc-2493-4cb5-92bf-07e318cb7925,3233.6,3234,99000000,512000000,
2025-12-06 18:01:59.966,b9188546-9569-42e1-b3d0-41abc19617aa,3289.53,3290,98000000,512000000,
2025-12-06 18:01:59.962,ac638820-e958-41e5-88a7-4a84a00141e8,3046.36,3047,100000000,512000000,
2025-12-06 18:01:59.960,0920590e-c1be-4bf3-a221-2fd8fc9dfc70,3150.32,3151,100000000,512000000,
2025-12-06 18:01:59.960,c27dac9c-ea2c-44ce-838b-80cebc4df888,3041.01,3042,100000000,512000000,
2025-12-06 18:01:59.956,97779e50-ceb8-4a5f-bc65-e23fbdd44f5e,2012.08,2013,90000000,512000000,
2025-12-06 18:01:59.955,bb8b7165-4fed-406f-bf16-9fd8b435c658,3272.66,3273,100000000,512000000,
2025-12-06 18:01:59.950,aacfd133-506a-41ff-a7e4-c3c0c1be5170,3288.47,3289,99000000,512000000,
2025-12-06 18:01:59.949,78d5430c-7f7b-45c6-beaa-5d5c32d846f3,2027.85,2028,90000000,512000000,
2025-12-06 18:01:59.949,f7bda36f-7376-4e6c-9a04-282518c54024,2966.76,2967,98000000,512000000,
2025-12-06 18:01:59.946,2650d04d-b878-4aa8-b29b-6ac6ae4077d9,3065.39,3066,100000000,512000000,
2025-12-06 18:01:59.939,f3793a7b-65ef-4daf-a0a4-9e8aa63e407c,3021.61,3022,100000000,512000000,
2025-12-06 18:01:59.939,58022ae5-432d-45eb-a795-183279379c10,3053.62,3054,100000000,512000000,
2025-12-06 18:01:59.932,65244abe-73ec-4cd3-94a3-74d13a124465,3032.9,3033,100000000,512000000,
2025-12-06 18:01:59.925,21a82d74-9ff8-4322-8249-c1239d224773,3010.53,3011,100000000,512000000,
2025-12-06 18:01:59.921,a7515ffa-248c-4b32-b061-114ec838d646,3030.01,3031,100000000,512000000,
2025-12-06 18:01:59.920,4e41d821-41ec-44ae-a832-9c35eadbdfc4,2994.01,2995,99000000,512000000,
2025-12-06 18:01:59.913,c0f2607f-cbed-4ce8-a463-d8a7d41c7688,3030.86,3031,100000000,512000000,
2025-12-06 18:01:59.912,b39d2d39-303c-4b7e-a0dc-ad8313142768,3233.75,3234,100000000,512000000,
2025-12-06 18:01:59.911,db176e38-e16e-458f-a347-3403badc3892,3168.6,3169,100000000,512000000,
2025-12-06 18:01:59.903,987e53d7-ebf1-47ba-b82e-6fbc2479a969,3190.04,3191,99000000,512000000,
2025-12-06 18:01:59.902,23785e76-59f3-4ed1-ae62-fd7db9a950ad,3068.69,3069,100000000,512000000,
2025-12-06 18:01:59.901,ed1de2a8-7832-42cc-8166-dddd3e496990,2991.56,2992,99000000,512000000,
2025-12-06 18:01:59.889,34adf59a-de6b-4959-91b7-8ad18b5214ea,2989.42,2990,100000000,512000000,
2025-12-06 18:01:59.884,b177dddf-bb9d-43f8-a51d-156fed9de15f,3223.65,3224,100000000,512000000,
2025-12-06 18:01:59.882,2fe5c13f-dc0b-4c89-8cf4-126e8372718b,3011.29,3012,99000000,512000000,
2025-12-06 18:01:59.880,66ef4501-4f61-40a8-ad9d-af346f210e8f,3005.29,3006,99000000,512000000,
2025-12-06 18:01:59.880,cc7168f1-ace6-4113-a8b3-f284594482f4,2916.95,2917,100000000,512000000,
2025-12-06 18:01:59.877,f7f4d370-c275-48f2-a75e-4580e2caa409,3011.62,3012,100000000,512000000,
2025-12-06 18:01:59.876,3e583197-d234-469e-8941-a5d104cd9c87,2955.06,2956,99000000,512000000,
2025-12-06 18:01:59.873,3512447e-62d9-469e-8bf8-d79cc13ab76a,3011.19,3012,100000000,512000000,
2025-12-06 18:01:59.867,3e19dcf2-a1a8-4bc7-b034-6a061ebff015,2990.79,2991,100000000,512000000,
2025-12-06 18:01:59.858,20ae9737-8b0f-4ea1-942f-3915e5d15130,3032.57,3033,98000000,512000000,
2025-12-06 18:01:59.846,e05ffe03-bef3-420f-9662-99df544ff8e0,2934.47,2935,100000000,512000000,
2025-12-06 18:01:59.837,68fcd948-5010-4f54-9310-f1ce32ad7dbf,2979.94,2980,100000000,512000000,
2025-12-06 18:01:59.835,32e44b22-9b82-4dd5-8b16-119bfd68d3b2,3031.73,3032,98000000,512000000,
2025-12-06 18:01:59.834,b68d3759-2bf4-4375-8bd7-f96708db2ab1,2974.86,2975,98000000,512000000,
2025-12-06 18:01:59.834,a0b72097-7afe-46cd-b573-7c3b0ae00dfd,3011.5,3012,99000000,512000000,
2025-12-06 18:01:59.834,3261f0c5-b32e-4aa7-b687-9cf2a2e84923,2921.45,2922,100000000,512000000,
2025-12-06 18:01:59.831,370d45b1-cd64-439b-9bf2-5701f260dcdd,2998.47,2999,99000000,512000000,
2025-12-06 18:01:59.828,f3d4c9a8-1cd7-4a80-84f8-20040c42f29e,3009.45,3010,99000000,512000000,
2025-12-06 18:01:59.825,0230adb5-5c1b-4e62-83fa-590d30bbfb61,3019.99,3020,100000000,512000000,
2025-12-06 18:01:59.824,e868b2ba-6135-44e3-9f19-0f14c71cf05a,3014.02,3015,100000000,512000000,
2025-12-06 18:01:59.820,ac24c6d7-b123-4e03-b397-70751ba4872d,2984.99,2985,99000000,512000000,
2025-12-06 18:01:59.818,ab3654e4-0e74-4c0a-9391-ced35d41cb27,2995.28,2996,100000000,512000000,
2025-12-06 18:01:59.817,b8febfdb-67ee-4e60-b9fb-7def3b96b14c,2997.21,2998,98000000,512000000,
2025-12-06 18:01:59.809,6a1b6177-7969-4f94-86cf-43702cf93721,3199.93,3200,100000000,512000000,
2025-12-06 18:01:59.809,81e7d6be-0875-4c15-87a3-f90072f1c991,2926.66,2927,100000000,512000000,
2025-12-06 18:01:59.807,61ab5c57-534f-4a73-bae8-bfce0433d8a6,2989.42,2990,99000000,512000000,
2025-12-06 18:01:59.806,d4f2fb6d-bcc4-4eba-b584-845b3801f183,2991.5,2992,99000000,512000000,
2025-12-06 18:01:59.804,58a5b659-9824-40eb-a338-9a699658c2bc,2951.18,2952,100000000,512000000,
2025-12-06 18:01:59.801,bda8fc8a-c84e-488c-a790-7524086adee6,3014.73,3015,100000000,512000000,
2025-12-06 18:01:59.797,4c7795a2-81cb-48ca-bafc-433600fe4068,2972.34,2973,99000000,512000000,
2025-12-06 18:01:59.792,b1eb28a1-2865-4123-aa38-7cf865017645,3010.17,3011,98000000,512000000,
2025-12-06 18:01:59.788,1de4a06a-1de7-46da-b0ba-07e630217073,3011.83,3012,98000000,512000000,
2025-12-06 18:01:59.786,f974eaaa-5a8c-4de4-9967-c610c09597fa,3048.95,3049,101000000,512000000,
2025-12-06 18:01:59.784,2c8e9f93-7a01-4f4b-b1f8-981833552067,3207.98,3208,100000000,512000000,
2025-12-06 18:01:59.784,9d63ff82-6653-405e-8a76-b63e8b6631eb,3008.92,3009,100000000,512000000,
2025-12-06 18:01:59.784,fee41426-0e69-4392-ad6a-93fcf40096d2,3171.28,3172,98000000,512000000,
2025-12-06 18:01:59.783,aa85fc45-ebd9-4983-9182-cf504ddfb497,3091.56,3092,100000000,512000000,
2025-12-06 18:01:59.774,14370611-7d4e-4c45-b1b1-f1acce6eb196,2933.84,2934,100000000,512000000,
2025-12-06 18:01:59.771,7cd0458e-cf51-4157-b0a5-c11285606925,2986.68,2987,100000000,512000000,
2025-12-06 18:01:59.766,a2d5e9ec-7a24-4c40-89d2-44e618523451,3173.87,3174,99000000,512000000,
2025-12-06 18:01:59.764,8d682ebc-623f-4aa1-a819-374374049a80,2992.47,2993,100000000,512000000,
2025-12-06 18:01:59.762,effc2f6f-5e10-469d-b770-cafd736764b9,3106.06,3107,98000000,512000000,
2025-12-06 18:01:59.755,219546db-3bf9-4f2f-8157-06b764d6554c,2944.53,2945,99000000,512000000,
2025-12-06 18:01:59.754,1f573155-22db-48cd-9f04-8fc96d74729e,2839.61,2840,100000000,512000000,
2025-12-06 18:01:59.750,c107b7e6-03d8-4cba-806b-688986added5,2956.53,2957,100000000,512000000,
2025-12-06 18:01:59.740,9f0acc83-0bcc-4e2f-82ed-6b9aaabfe900,2953.24,2954,100000000,512000000,
2025-12-06 18:01:59.735,c46604b8-9fa3-46b7-b397-c71584a7a5af,3159.24,3160,100000000,512000000,
2025-12-06 18:01:59.727,93a05668-cd8e-4784-8cb8-a31f4b16380a,3195,3196,99000000,512000000,
2025-12-06 18:01:59.723,30a41b79-b956-4736-b52b-38bd6d97e987,2948.49,2949,99000000,512000000,
2025-12-06 18:01:59.719,d0c5d188-5145-4458-a86b-cd9c93775008,2968.8,2969,99000000,512000000,
2025-12-06 18:01:59.713,a276e35c-95db-487c-811c-8a10993077b0,2918.17,2919,99000000,512000000,
2025-12-06 18:01:59.705,6e2b1cde-3f8d-4290-88cc-e51b656d89a7,2931.35,2932,100000000,512000000,
2025-12-06 18:01:59.687,ed0a1bfe-38eb-4fca-b248-231c6de9f178,2956.06,2957,100000000,512000000,
2025-12-06 18:01:59.678,1f8d9502-7362-40e7-9e99-daebb4bcab11,2952,2952,100000000,512000000,
2025-12-06 18:01:59.664,b491c252-e654-4253-94ac-4547c3d805dd,3150.92,3151,100000000,512000000,
2025-12-06 18:01:59.658,2658d07f-e239-4d6e-a132-09ac33278b3e,3127.14,3128,100000000,512000000,
2025-12-06 18:01:59.654,c04d9f83-06b3-43bc-94fb-ba3b63a0c3a4,3140.48,3141,100000000,512000000,
2025-12-06 18:01:59.654,a3191a72-7037-404e-bb4b-48752ce2c662,2904.77,2905,100000000,512000000,
2025-12-06 18:01:59.648,d8321e71-e88f-4609-afbb-fa064321ca02,2931.35,2932,98000000,512000000,
2025-12-06 18:01:59.647,27247944-2412-4e20-b917-b54e13c79b60,2936.58,2937,99000000,512000000,
2025-12-06 18:01:59.641,e0272c5e-244d-44c2-b864-94acbf9e5e79,3025.52,3026,100000000,512000000,
2025-12-06 18:01:59.640,2d9a1977-5359-4421-a4b2-cbee6b2265ac,2978.09,2979,99000000,512000000,
2025-12-06 18:01:59.635,a7723688-4064-4697-afd9-8830b527a8ec,3107.95,3108,98000000,512000000,
2025-12-06 18:01:59.622,81a9dce9-2761-4907-9474-6784b366eb0e,2911.95,2912,99000000,512000000,
2025-12-06 18:01:59.619,b7b5329b-92ce-46a8-a5b2-48c267a75547,2950.82,2951,100000000,512000000,
2025-12-06 18:01:59.611,eb62df01-a777-4ba1-aabc-691000606933,2925.27,2926,100000000,512000000,
2025-12-06 18:01:59.611,58ae4484-1abb-48de-b56e-5eea506eba38,2891.72,2892,99000000,512000000,
2025-12-06 18:01:59.607,cdea1fc0-5ef4-4f63-b7eb-53d6292c2411,2906.39,2907,99000000,512000000,
2025-12-06 18:01:59.600,a67adc1e-f765-4f84-8196-9178558824e2,3161.27,3162,99000000,512000000,
2025-12-06 18:01:59.599,bfc24e7a-4c07-47a1-bab5-0885ea8e57c0,2989.78,2990,98000000,512000000,
2025-12-06 18:01:59.588,a22b17aa-c1fb-4a92-9b9e-3455f0290a26,2884.64,2885,100000000,512000000,
2025-12-06 18:01:59.584,d3fd14ac-e4e1-4c2f-b9e5-412822502a96,2876.27,2877,98000000,512000000,
2025-12-06 18:01:59.575,2a8ef9f4-abeb-4596-8799-2b32987c4292,3001.91,3002,99000000,512000000,
2025-12-06 18:01:59.572,3d6488d1-fb0a-469b-a0e5-c62faa5f2f1c,3041.16,3042,100000000,512000000,
2025-12-06 18:01:59.563,45389812-36aa-4bc6-9343-e6f13e7fa2aa,3134.96,3135,100000000,512000000,
2025-12-06 18:01:59.560,b2ef7f6d-71fe-495a-856d-1d77efff8c82,3117.08,3118,98000000,512000000,
2025-12-06 18:01:59.552,a0b879ee-b535-4339-b5ff-029c7fcd2507,2908.41,2909,100000000,512000000,
2025-12-06 18:01:59.547,9cc553e2-4861-441a-a12b-10f4e34bc742,2855.01,2856,99000000,512000000,
2025-12-06 18:01:59.541,2379cc57-bfc5-4dd0-9fc6-e4d51a6059c9,3157.15,3158,100000000,512000000,
2025-12-06 18:01:59.541,e655295e-340a-4858-821d-73d0ae701b07,3089.95,3090,98000000,512000000,
2025-12-06 18:01:59.539,50ea00e2-93ec-4e09-ac1a-f90fa3e37475,3016.22,3017,99000000,512000000,
2025-12-06 18:01:59.537,72300f91-10fe-438d-844f-8c946dad36d4,3108.57,3109,101000000,512000000,
2025-12-06 18:01:59.533,f5453bc1-2c7c-43b0-a46e-db598aa9704a,2930.61,2931,99000000,512000000,
2025-12-06 18:01:59.529,4f6dbdbe-e51c-4937-a05d-c366404976b1,3121.17,3122,100000000,512000000,
2025-12-06 18:01:59.528,98c1cbfc-0b1e-496a-a410-ef1f30b281e2,2851.09,2852,100000000,512000000,
2025-12-06 18:01:59.526,5732cee1-42f8-47a7-8b02-a6c9dd032146,2870.34,2871,98000000,512000000,
2025-12-06 18:01:59.525,545f0a96-d406-4230-b641-cc8f55b82fe2,3075.21,3076,99000000,512000000,
2025-12-06 18:01:59.514,dad14cdb-c8e6-44d4-b2e9-fdbd9b5aab3d,3093.09,3094,99000000,512000000,
2025-12-06 18:01:59.513,4aaba897-8b1d-441a-a67f-4ec4bd1a7a6b,2912.15,2913,99000000,512000000,
2025-12-06 18:01:59.502,bf0cf34f-4013-40dc-a5a1-c17a1e943773,3103.84,3104,100000000,512000000,
2025-12-06 18:01:59.495,8b173d8c-ad69-4035-935d-d2fbd2bb95e4,3102.43,3103,99000000,512000000,
2025-12-06 18:01:59.476,bf31b1d5-796e-44b0-ba8f-b49395758142,2853.32,2854,100000000,512000000,
2025-12-06 18:01:59.475,9b2ba7ca-8efc-4e69-b905-233f2dd7a6a3,3113.84,3114,99000000,512000000,
2025-12-06 18:01:59.470,fe5a9a78-dce3-4b58-a3ce-44b1700a03b4,2856.07,2857,99000000,512000000,
2025-12-06 18:01:59.459,745dcaf7-21e8-4251-9ccd-ef6a2faa7ab2,2826.78,2827,99000000,512000000,
2025-12-06 18:01:59.438,879ec3eb-5d38-492d-9c8f-aa644811f03c,3057.37,3058,100000000,512000000,
2025-12-06 18:01:59.436,5439735d-50f9-4aba-9ed0-1352e4cabc26,3091.48,3092,100000000,512000000,
2025-12-06 18:01:59.435,645d7f7a-6ca1-48e2-998c-d8428cc79a2b,3088.01,3089,99000000,512000000,
2025-12-06 18:01:59.434,a158d116-6e84-4e98-bc2b-ec01ff832c5f,3106.76,3107,100000000,512000000,
2025-12-06 18:01:59.403,ed20324b-a50d-4abb-9195-c26180d99aaa,3053.62,3054,100000000,512000000,
2025-12-06 18:01:59.401,1ef3b3d6-8c95-42cb-80e8-0009ce298bde,2992.65,2993,99000000,512000000,
2025-12-06 18:01:59.400,0fbc9b85-733b-4cd7-ab4c-ba9074532d81,3010.66,3011,99000000,512000000,
2025-12-06 18:01:59.398,6bf86396-7e51-4e37-97e3-a5830345751a,3045.31,3046,99000000,512000000,
2025-12-06 18:01:59.384,bbb141d5-ec8b-4ee9-b319-61706d33dc36,3033.76,3034,99000000,512000000,
2025-12-06 18:01:59.381,99698e0d-fabb-4bf0-8b21-085e807a2500,3009.68,3010,99000000,512000000,
2025-12-06 18:01:59.380,ff6bede5-3388-4c9f-bba7-e02cb1f0a8d3,3037.63,3038,100000000,512000000,
2025-12-06 18:01:59.371,f677114f-b1bb-4b5d-ac24-0b355a5baa24,3040.34,3041,99000000,512000000,
2025-12-06 18:01:59.371,0a46a623-d370-4418-a5ee-e6a9f4432c15,3062.86,3063,99000000,512000000,
2025-12-06 18:01:59.366,336d84c5-d5d0-4894-9b65-16f5309c6681,3173.33,3174,100000000,512000000,
2025-12-06 18:01:59.347,178a5af5-e443-4eed-81e5-add40009cb15,3069.46,3070,100000000,512000000,
2025-12-06 18:01:59.331,9f06d416-d21e-46a4-9042-3eec04c7ee39,3064.76,3065,99000000,512000000,
2025-12-06 18:01:59.328,9d852de3-efd6-4259-82ff-21565c9c5356,2992.54,2993,100000000,512000000,
2025-12-06 18:01:59.319,03a6c092-50c4-4aa8-8360-7ccd0f54f395,3009.95,3010,100000000,512000000,
2025-12-06 18:01:59.301,60f0f847-7bb3-4d45-94ae-7f71a6997de2,3020.61,3021,100000000,512000000,
2025-12-06 18:01:59.287,9b5c3c2f-e1a9-42cc-b99a-ebedbcb8c099,2771.36,2772,100000000,512000000,
2025-12-06 18:01:59.284,8450c0b1-e538-46c5-9487-7b326a679b0e,3072.45,3073,100000000,512000000,
2025-12-06 18:01:59.278,6e88d6a8-7b99-489c-abe2-1bc4825bd93e,3050.02,3051,99000000,512000000,
2025-12-06 18:01:59.269,091f9ed1-5f17-416b-a122-af01309af924,2973.63,2974,99000000,512000000,
2025-12-06 18:01:59.268,1ae5566f-8918-48d4-a4f8-cc0f70ea89c1,2996.8,2997,100000000,512000000,
2025-12-06 18:01:59.267,5b2b0633-81d6-4252-b2d3-99252c213642,2991.92,2992,100000000,512000000,
2025-12-06 18:01:59.257,ce6d2619-98f8-4a1c-8480-48a7ff5deb52,3020.28,3021,100000000,512000000,
2025-12-06 18:01:59.251,5fcfab4c-7d97-466d-8065-34676016392f,3017.77,3018,99000000,512000000,
2025-12-06 18:01:59.242,659ddc77-c89f-416f-aaee-fe9483a7bad6,3046.04,3047,100000000,512000000,
2025-12-06 18:01:59.228,05a6670b-7643-4f4b-909b-adbab1eb7f0e,3008.48,3009,98000000,512000000,
2025-12-06 18:01:59.227,00f29bca-559a-40d9-98c1-680c3d1c1d18,3026.16,3027,98000000,512000000,
2025-12-06 18:01:59.226,af998e89-4b57-402c-9ae2-254436cc3c88,2873.25,2874,100000000,512000000,
2025-12-06 18:01:59.215,17bea295-7dd4-4fdc-8057-38405c95fe4b,2950.47,2951,98000000,512000000,
2025-12-06 18:01:59.208,273e3362-f543-4152-85c0-9c566f9c138b,3016.72,3017,99000000,512000000,
2025-12-06 18:01:59.203,a7fae1b1-d668-46ac-bc39-d2da3c22fbcf,3028.41,3029,99000000,512000000,
2025-12-06 18:01:59.187,8e9c351e-9a9b-46d8-8eba-86be7435c7bd,3069.68,3070,99000000,512000000,
2025-12-06 18:01:59.181,a0ae0457-33a4-48ce-b441-4aa899f2125b,2939.24,2940,99000000,512000000,
2025-12-06 18:01:59.174,6956ac90-ce93-4cfb-9b83-20c01d208ad7,2913.66,2914,99000000,512000000,
2025-12-06 18:01:59.170,80cc9f31-bc9b-44fd-aba2-816794edc459,2946.04,2947,99000000,512000000,
2025-12-06 18:01:59.160,781790b0-5f44-49b4-8c5a-6ed63ef0b599,3028.9,3029,98000000,512000000,
2025-12-06 18:01:59.157,a443fbe2-3e96-4df6-ab63-ee41b4f47eed,2971.22,2972,100000000,512000000,
2025-12-06 18:01:59.149,49324bae-f3ad-4d22-a5c4-2767ad8227d1,2989.56,2990,99000000,512000000,
2025-12-06 18:01:59.144,a2b75fee-c45d-41e2-a5ca-c2f9694d4459,2914.81,2915,99000000,512000000,
2025-12-06 18:01:59.141,75f99223-8eae-424d-aad7-fac13fe83bc5,2970.24,2971,100000000,512000000,
2025-12-06 18:01:59.134,8589a940-d3f4-4c02-b53e-b1068619ba9d,2987.04,2988,99000000,512000000,
2025-12-06 18:01:59.125,485a5d1b-368c-450c-94ef-53bf58f2a621,2689.24,2690,99000000,512000000,
2025-12-06 18:01:59.124,36eba8a0-c864-4382-ba94-744dd9458f7e,2995.41,2996,99000000,512000000,
2025-12-06 18:01:59.118,85e9d029-65e4-431b-88e6-89b3345e5cfe,2971.97,2972,100000000,512000000,
2025-12-06 18:01:59.114,a2e47d13-9df8-4e9c-a871-9b8d806b53b5,2971.95,2972,99000000,512000000,
2025-12-06 18:01:59.102,cb7ac272-13f6-4c57-9041-e5f3460d44c0,2929.6,2930,100000000,512000000,
2025-12-06 18:01:59.099,89bf77fb-ea81-4ad9-b210-6ae312459f15,2945.96,2946,100000000,512000000,
2025-12-06 18:01:59.096,34156a28-ab75-4ed1-b8e3-d2b278700157,2996.95,2997,100000000,512000000,
2025-12-06 18:01:59.089,98928010-0857-421b-bafb-b4c02e4fd58b,2991.53,2992,100000000,512000000,
2025-12-06 18:01:59.069,7376e282-0dd9-42e1-bb28-9c112740ff3f,2733.6,2734,100000000,512000000,
2025-12-06 18:01:59.064,5f966533-193b-4ae2-987d-4472d6000e51,2936.29,2937,100000000,512000000,
2025-12-06 18:01:59.064,87f2b90b-fd16-4480-b074-08796ab051d4,2962.05,2963,98000000,512000000,
2025-12-06 18:01:59.058,09dfb628-d802-4d38-b557-53741dfdc9de,2950.56,2951,99000000,512000000,
2025-12-06 18:01:59.055,d16f649b-103c-4329-8896-24f581fc354b,2949.2,2950,98000000,512000000,
2025-12-06 18:01:59.053,6e01a7c2-a61c-4409-97fe-40e1d27b0c83,2887.59,2888,100000000,512000000,
2025-12-06 18:01:59.050,64c179b5-66d4-4dff-8e1a-dbc778311126,2969.6,2970,99000000,512000000,
2025-12-06 18:01:59.032,fdf95fad-3f94-4b79-8b3f-b91de40f35c8,2969.9,2970,100000000,512000000,
2025-12-06 18:01:59.030,4bb4a1fc-1525-4e4e-811e-99f2a7ddf414,2894.43,2895,99000000,512000000,
2025-12-06 18:01:59.026,644644dd-cec5-4e86-883f-41be3f5a2341,2906.95,2907,98000000,512000000,
2025-12-06 18:01:59.004,f89cf9d9-59db-4e2b-bcf4-b71ae6393634,2808.52,2809,100000000,512000000,
2025-12-06 18:01:58.939,eb8e1e65-7eee-44bf-a91f-226fd1c136b1,2915.26,2916,100000000,512000000,
2025-12-06 18:01:58.922,ab4ac453-754e-4b05-b5e3-e4d148294f31,2882.35,2883,99000000,512000000,
2025-12-06 18:01:58.900,db863283-da01-45bf-b3d5-eb017b01d9c9,2930.8,2931,98000000,512000000,
2025-12-06 18:01:58.849,2c12d79c-46f3-42e4-96d1-fe3aa5597a9a,2876.25,2877,100000000,512000000,
2025-12-06 18:01:58.794,964a2e26-52ac-4329-984d-d92dd3d31c6b,2711.58,2712,100000000,512000000,
2025-12-06 18:01:58.788,66ff814f-278a-4c29-9482-c71b63f35646,2832.29,2833,99000000,512000000,
2025-12-06 18:01:58.773,5fd7ff23-9356-4039-a118-764cb8fa303b,1951.16,1952,104000000,512000000,
2025-12-06 18:01:58.751,59cfea39-3268-4c65-922b-097fb5cc0579,2607.21,2608,100000000,512000000,
2025-12-06 18:01:58.748,6b0cf7f0-3e73-4360-bb48-7ce7f6c2fe7c,1877.28,1878,104000000,512000000,
2025-12-06 18:01:58.729,eaa4b82c-1fa5-4a85-9f27-e636524dae96,2570.18,2571,99000000,512000000,
2025-12-06 18:01:58.688,779c8d7f-ab5f-4cb8-b316-9d679dfe0266,1880.86,1881,103000000,512000000,
2025-12-06 18:01:58.626,bae38b60-ca35-4af8-93bf-ead623e097d4,2729.57,2730,98000000,512000000,
2025-12-06 18:01:58.619,884a7a20-9be7-4d4b-a644-20cf2f734c03,1895.61,1896,104000000,512000000,
2025-12-06 18:01:58.587,51294c46-b4d3-4034-a918-a24e9db4af41,1879.12,1880,104000000,512000000,
2025-12-06 18:01:58.572,30ae0bf2-e307-4b0d-9391-07ed3f531ee2,2834.74,2835,100000000,512000000,
2025-12-06 18:01:58.529,08bc769c-1a1b-4a49-9fa2-ed6049d91b5d,2790.63,2791,98000000,512000000,
2025-12-06 18:01:58.483,71c26303-b3aa-4f34-9924-cdfa33efa4f9,1878.49,1879,104000000,512000000,
2025-12-06 18:01:58.466,dff4d399-fcfe-4fc7-85e3-e0a80e9d6de2,2518.64,2519,100000000,512000000,
2025-12-06 18:01:58.397,95258b00-a793-4753-89c3-11bb08617bba,2567.16,2568,100000000,512000000,
2025-12-06 18:01:58.343,360ee29b-fde2-40e8-a308-35026ca3975e,2515.76,2516,99000000,512000000,
2025-12-06 18:01:58.328,e711e8d7-7b80-47cf-9513-2053b9a5b913,1977.37,1978,104000000,512000000,
2025-12-06 18:01:58.288,c477a7e7-69ff-4b27-9a34-34e1e8bb566a,2774.49,2775,99000000,512000000,
2025-12-06 18:01:58.286,cc7ff6ff-4ee6-40c9-a06e-5c431f1649ce,2605.66,2606,100000000,512000000,
2025-12-06 18:01:58.236,92493a48-085c-426e-8f91-dabf28c3ad3d,1895.44,1896,102000000,512000000,
2025-12-06 18:01:58.195,3cd56cf7-a900-4e04-abc5-4f6632cd6263,2739.54,2740,100000000,512000000,
2025-12-06 18:01:58.193,22541ea0-984a-4e4b-ada0-aa0908ba83a5,3460.24,3461,96000000,512000000,
2025-12-06 18:01:58.193,6f253ad0-fe6b-4130-8688-404d31ff9387,1800.45,1801,104000000,512000000,
2025-12-06 18:01:58.191,94d46a11-261c-4382-9de7-4bf961a3e980,1804.22,1805,104000000,512000000,
2025-12-06 18:01:58.181,ddc304ca-d28e-4fa3-a77a-da168a437609,2468.66,2469,100000000,512000000,
2025-12-06 18:01:58.149,c29de3dd-81c8-473b-abb1-9fd185857c53,1812.97,1813,104000000,512000000,
2025-12-06 18:01:58.142,265f6b70-d0ac-4ee2-89b2-7cb6adba6f61,1811.17,1812,105000000,512000000,
2025-12-06 18:01:58.134,d35c43e4-befa-42c5-b8bb-7c1179d94b8f,2409.97,2410,99000000,512000000,
2025-12-06 18:01:58.124,3d71ab04-e2f0-435a-bcdf-592c1dddd922,1818.23,1819,104000000,512000000,
2025-12-06 18:01:58.101,8c888176-6d01-473b-8449-bbde8d9a155f,1894.95,1895,104000000,512000000,
2025-12-06 18:01:58.072,117d47b9-19c1-41ae-865e-c5dd1ef3d285,2571.73,2572,99000000,512000000,
2025-12-06 18:01:58.060,f18e49c5-56d3-4312-82f4-d27173bac8a9,3318.03,3319,96000000,512000000,
2025-12-06 18:01:58.057,7f78ebd7-1457-45a6-9752-6fe48e63fc32,2699.84,2700,99000000,512000000,
2025-12-06 18:01:58.046,aa239a0d-737e-41dd-a03d-8dc9787e4394,3315.11,3316,96000000,512000000,
2025-12-06 18:01:57.996,dd906ca8-340b-4768-9ddd-79489ab9d3f4,2632.31,2633,99000000,512000000,
2025-12-06 18:01:57.986,913faf52-83e2-4d81-8197-b48dc2c47e4c,3251.47,3252,97000000,512000000,
2025-12-06 18:01:57.969,1059d0fb-9bbd-4000-8526-6effac7ddd52,1880.84,1881,105000000,512000000,
2025-12-06 18:01:57.968,9ccc3b52-c413-4b34-b0cb-1e4926dbc70f,3237.84,3238,97000000,512000000,
2025-12-06 18:01:57.958,cc7a5287-d9bb-492e-8e06-b8095f281078,2650.27,2651,99000000,512000000,
2025-12-06 18:01:57.943,cadd1dee-b4c7-48af-a827-671d85b55e49,2621.36,2622,99000000,512000000,
2025-12-06 18:01:57.940,1cb60951-e739-4b6d-a6cb-433fb2b3a5e7,1886.58,1887,104000000,512000000,
2025-12-06 18:01:57.915,dbf547bc-937b-42bd-95ea-48758c1f142d,3185.59,3186,96000000,512000000,
2025-12-06 18:01:57.913,22d59b7d-0e4c-4c87-a196-97b15efd71e1,1872.27,1873,104000000,512000000,
2025-12-06 18:01:57.897,397d70d5-264b-44ce-9260-54f3595a701a,1858.51,1859,103000000,512000000,
2025-12-06 18:01:57.881,72d5a9ad-539c-4860-9936-62b9fd2d3669,1846.2,1847,104000000,512000000,
2025-12-06 18:01:57.734,bce939e2-c8a4-4f04-82d7-dee48ffd42a0,3091.76,3092,97000000,512000000,
2025-12-06 18:01:57.711,4f2cbab3-264a-4396-a97e-24a0d768af42,2977.8,2978,96000000,512000000,
2025-12-06 18:01:57.705,a04df3ef-5df3-4c19-aaba-f59226bf46fe,3412,3412,97000000,512000000,
2025-12-06 18:01:57.661,fe6ca508-ff65-4565-8a64-569e4664bf3e,3321.17,3322,96000000,512000000,
2025-12-06 18:01:57.639,cd8cfbdc-4322-4c2b-92c4-e83d8bd1211d,3287.92,3288,97000000,512000000,
2025-12-06 18:01:57.635,bd3cf90d-b2c1-4c12-a9a9-941dd9fb41db,3446.87,3447,97000000,512000000,
2025-12-06 18:01:57.634,0b1b0c8c-3b28-45b4-bbd4-f7771b2ec815,3481.75,3482,97000000,512000000,
2025-12-06 18:01:57.630,7942c807-6675-4bc0-a8ed-c0c75b650263,2896.3,2897,96000000,512000000,
2025-12-06 18:01:57.617,f41c5bc9-f552-433a-be52-942ab029a6bc,3251.11,3252,96000000,512000000,
2025-12-06 18:01:57.603,745ad963-2d51-450b-8395-c9161ec034f4,3213.14,3214,96000000,512000000,
2025-12-06 18:01:57.583,6182b5a1-79db-4b44-833b-5240f9af1d86,3433.52,3434,97000000,512000000,
2025-12-06 18:01:57.566,984409e2-91f7-44eb-89ab-d4591df24fa9,3374.88,3375,96000000,512000000,
2025-12-06 18:01:57.553,de6f9ce6-1468-47ab-b0a3-088b302a59e4,3401.65,3402,97000000,512000000,
2025-12-06 18:01:57.549,877c26d2-8543-4491-a48d-73e5fbcbf5fe,3093,3094,97000000,512000000,
2025-12-06 18:01:57.545,d2ef4a58-a208-4641-9356-f195e14785bc,3151.31,3152,96000000,512000000,
2025-12-06 18:01:57.540,097e28aa-5a2f-4062-a4fd-e0689b79c110,3418.03,3419,96000000,512000000,
2025-12-06 18:01:57.525,ba847e42-2f75-4de3-8024-fd6286bb3381,3305.78,3306,97000000,512000000,
2025-12-06 18:01:57.510,c9ef2096-464d-4046-8893-957300688e23,3582.86,3583,96000000,512000000,
2025-12-06 18:01:57.501,5a619228-3afa-4cf0-9e38-37f32f5996c1,3256.56,3257,96000000,512000000,
2025-12-06 18:01:57.500,eb01b919-5a99-4596-9931-6cc0ad068f4d,3350.38,3351,97000000,512000000,
2025-12-06 18:01:57.493,fbafbcaf-1065-4d84-a190-b00c092bc810,3255.53,3256,97000000,512000000,
2025-12-06 18:01:57.473,d8f1be4c-21ac-44e4-9005-5c07cbc31bcc,3392.33,3393,96000000,512000000,
2025-12-06 18:01:57.467,3bb588d2-cf50-46dc-aa83-abe5d7873962,3323.78,3324,97000000,512000000,
2025-12-06 18:01:57.459,118f845b-5474-49d0-b0ef-1a6f4b388ee7,3355.38,3356,97000000,512000000,
2025-12-06 18:01:57.449,d6e48c66-c66a-4d43-915d-3b0ca8cc042e,3317.43,3318,97000000,512000000,
2025-12-06 18:01:57.442,5cfc5dfe-606d-48b5-8292-dd8444228175,3444.68,3445,96000000,512000000,
2025-12-06 18:01:57.436,605d262f-46a1-425c-8518-d8794e5cd2ed,3355.75,3356,96000000,512000000,
2025-12-06 18:01:57.434,b5c27677-676a-45dd-b103-47ebe9c88fb0,3217.41,3218,96000000,512000000,
2025-12-06 18:01:57.434,fe73176a-c9e5-4164-990a-b2402fc88a35,3109.89,3110,97000000,512000000,
2025-12-06 18:01:57.433,bd1cd145-c59f-4861-90cc-07aa3127cc3f,3332.53,3333,96000000,512000000,
2025-12-06 18:01:57.431,2f2f081d-604e-40c8-8667-2910ede94095,3207.21,3208,96000000,512000000,
2025-12-06 18:01:57.424,e6a1e493-15c3-4ab8-b2bb-3dd2a5db21c2,3205.14,3206,97000000,512000000,
2025-12-06 18:01:57.407,eb4821a8-58ce-4fe0-a2a7-ccd73a9289e7,3245.17,3246,97000000,512000000,
2025-12-06 18:01:57.405,a52ffea6-3dba-4011-9eeb-af5523b11e8d,3253.5,3254,97000000,512000000,
2025-12-06 18:01:57.389,f8de291c-ca14-4973-95d6-3649161d746c,3331.94,3332,96000000,512000000,
2025-12-06 18:01:57.367,7ecdc2f2-7866-459a-bca8-3ed28a9b8e94,3276.4,3277,97000000,512000000,
2025-12-06 18:01:57.363,0167e534-1157-46e6-b84f-3121d5bd897f,3192.02,3193,97000000,512000000,
2025-12-06 18:01:57.362,e5cc1b52-f87e-4d64-a6b8-c675d5cdb15a,3194.52,3195,96000000,512000000,
2025-12-06 18:01:57.360,d5cb6861-eed9-481a-a22a-e412790c8e52,3093.66,3094,96000000,512000000,
2025-12-06 18:01:57.344,a320a515-b855-4a19-a3b0-6e63b6564cc4,3232.32,3233,96000000,512000000,
2025-12-06 18:01:57.322,1273d45d-d4f1-47e6-812c-1c72f25ceee0,2990.52,2991,96000000,512000000,
2025-12-06 18:01:57.302,cdfa2cf5-a566-4719-b91d-4cedb7a36496,3246.47,3247,97000000,512000000,
2025-12-06 18:01:57.301,b13aecfb-bf1e-4ec0-945e-ddc43b1bdfa2,3132.74,3133,97000000,512000000,
2025-12-06 18:01:57.297,493ad746-cbeb-4dd9-a990-59422b5d2f88,3269.11,3270,96000000,512000000,
2025-12-06 18:01:57.279,55969831-bcd5-4390-8957-bf7a7d6b554d,3150.02,3151,96000000,512000000,
2025-12-06 18:01:57.276,74333edf-cd11-4861-829e-63a20a949d41,3193.37,3194,97000000,512000000,
2025-12-06 18:01:57.274,37bc3743-8000-49a6-86ab-7fe5f1f98966,3111.3,3112,97000000,512000000,
2025-12-06 18:01:57.265,3e5babf6-adf7-4695-8dff-c7b8605cbc42,3355.06,3356,96000000,512000000,
2025-12-06 18:01:57.263,e926b1c5-53f4-4979-a82a-6a0889d356ce,3098.32,3099,97000000,512000000,
2025-12-06 18:01:57.255,8b0e802d-2009-41ab-bbd9-c7fa705978d9,3163.09,3164,97000000,512000000,
2025-12-06 18:01:57.250,f26fd028-149c-48be-ae53-c852cf5814d4,3262.62,3263,97000000,512000000,
2025-12-06 18:01:57.248,e5322173-9c80-4775-ae3e-f5886dedece8,3251.91,3252,96000000,512000000,
2025-12-06 18:01:57.239,b67cf902-d870-4661-8957-ebc6211c9320,3229.09,3230,97000000,512000000,
2025-12-06 18:01:57.229,2deecede-3633-456a-810c-cf07079c6dea,3067.04,3068,96000000,512000000,
2025-12-06 18:01:57.229,05133c04-0ea0-4fbe-8c43-3d1fd35ca520,3449.97,3450,97000000,512000000,
2025-12-06 18:01:57.226,3ef3c6a1-5a8b-4647-af94-edd3294aa52d,3236.1,3237,97000000,512000000,
2025-12-06 18:01:57.223,e15bd9d1-a583-40df-9a98-a6958627fdce,3066.16,3067,97000000,512000000,
2025-12-06 18:01:57.208,31c66139-f259-4617-8ced-3d0c84e025c3,3214.51,3215,97000000,512000000,
2025-12-06 18:01:57.208,0ce6b544-8eda-4ef7-b80f-e3ddf9438cd7,2970.07,2971,96000000,512000000,
2025-12-06 18:01:57.208,46ea3aa5-13cc-4e6a-bc85-2badcc679c05,3056.05,3057,96000000,512000000,
2025-12-06 18:01:57.206,c5acd3ad-42ec-4ebe-9886-487226851281,3114.96,3115,96000000,512000000,
2025-12-06 18:01:57.206,4309191d-b589-43bf-8c1e-44db0c0d298e,3262.06,3263,96000000,512000000,
2025-12-06 18:01:57.205,429c1aa9-e51b-49ab-9dbc-a4f8260bd49e,3333.82,3334,97000000,512000000,
2025-12-06 18:01:57.203,e8624916-35ea-4d2b-8f6e-3ccc8afe63e4,3131.02,3132,97000000,512000000,
2025-12-06 18:01:57.198,4c0a2180-0e32-47eb-acb7-f2d614bafc9e,3186.07,3187,97000000,512000000,
2025-12-06 18:01:57.190,933eac5b-5273-49a5-8edc-ed15833cfa8c,3202.27,3203,97000000,512000000,
2025-12-06 18:01:57.180,341f2ca8-fe4e-4a1b-8c53-5d697f62a43a,3172.5,3173,96000000,512000000,
2025-12-06 18:01:57.173,c23d5f9e-6c10-4038-ac43-e87a1e0ac1ba,3190.36,3191,97000000,512000000,
2025-12-06 18:01:57.173,640515dd-2467-447f-bf60-e398ea1e27a0,3187.14,3188,97000000,512000000,
2025-12-06 18:01:57.170,c4510f12-0e4e-46a5-b59d-153b246e4448,3235.66,3236,97000000,512000000,
2025-12-06 18:01:57.170,95d9191e-0441-4708-9357-e8a29fd1b676,3078.55,3079,96000000,512000000,
2025-12-06 18:01:57.166,59a64b06-0705-4bf6-bae8-c0daaae2b0a4,3171.75,3172,97000000,512000000,
2025-12-06 18:01:57.161,14df0977-9beb-4898-8ae1-0fb06e2c05d3,3196.23,3197,97000000,512000000,
2025-12-06 18:01:57.152,853bbfc4-aa26-4b6b-8f8d-362f32f14d67,2981.74,2982,96000000,512000000,
2025-12-06 18:01:57.151,71bee922-db5e-4e84-bc33-bb438d89bb57,3093.75,3094,97000000,512000000,
2025-12-06 18:01:57.151,70a04b9e-3cfc-4af2-8f13-b153dad94fe2,3060.2,3061,97000000,512000000,
2025-12-06 18:01:57.149,ae0b2895-61d9-4eb6-af5a-572da5302207,3249.11,3250,97000000,512000000,
2025-12-06 18:01:57.145,e1233068-86af-43ca-9034-733edbb17048,3184.75,3185,96000000,512000000,
2025-12-06 18:01:57.142,fa27dbb5-86f8-49e4-9721-d9592bc01093,3212.28,3213,97000000,512000000,
2025-12-06 18:01:57.141,1bb8ff95-81f6-4d64-b2b2-6e3a1a96e537,3234.85,3235,97000000,512000000,
2025-12-06 18:01:57.136,48dc534c-05b8-4132-b1db-bd6811b903a6,3176.3,3177,97000000,512000000,
2025-12-06 18:01:57.130,0ec83a2d-3c32-4127-a2e4-0c80803d7d43,3194.96,3195,97000000,512000000,
2025-12-06 18:01:57.128,0df963ce-406c-44e7-8e74-5634d63ec782,3152.26,3153,97000000,512000000,
2025-12-06 18:01:57.124,19ec3f64-3e51-4e57-b9ff-d7f27b6b3895,3238.97,3239,97000000,512000000,
2025-12-06 18:01:57.118,5c56e318-1f40-4e51-8192-32669fb33983,3395.67,3396,96000000,512000000,
2025-12-06 18:01:57.115,6252acaf-8768-4749-9b72-32fd95a6eec7,3250.18,3251,97000000,512000000,
2025-12-06 18:01:57.113,3555258c-bef7-4a7f-a4e0-378549c3e114,3172.19,3173,97000000,512000000,
2025-12-06 18:01:57.111,ef7abfec-b689-4eff-b308-040c61ddc9f6,3188.03,3189,97000000,512000000,
2025-12-06 18:01:57.108,2ce7247d-46aa-4244-abd0-db38d4feab3f,3177.33,3178,97000000,512000000,
2025-12-06 18:01:57.107,1aa1b34c-7b10-460e-84e6-26eac4c8b14e,3175.51,3176,97000000,512000000,
2025-12-06 18:01:57.103,74558a83-4448-4d9f-af88-5a29bc5ad16f,3148.68,3149,96000000,512000000,
2025-12-06 18:01:57.098,fb505572-c91f-444c-a44c-5e494dd701b1,3085.06,3086,96000000,512000000,
2025-12-06 18:01:57.096,f5866be2-59bd-40aa-b8a0-adc220430140,3216.58,3217,97000000,512000000,
2025-12-06 18:01:57.093,0ac98aee-e508-45b8-8525-8373c286fae4,3172.93,3173,97000000,512000000,
2025-12-06 18:01:57.091,e6881279-80bd-4490-97da-407699ac6fb8,3071.25,3072,97000000,512000000,
2025-12-06 18:01:57.087,d381260d-5491-4d85-8ea7-69d8b621ce28,3155.71,3156,96000000,512000000,
2025-12-06 18:01:57.084,ee74efbd-2c8d-48bd-abd7-7509be3416b7,3143.58,3144,97000000,512000000,
2025-12-06 18:01:57.084,6812ef87-37cb-440b-abcf-d641c89663a7,3170.14,3171,96000000,512000000,
2025-12-06 18:01:57.073,a84fb5c3-7872-4601-b990-f73e773033ef,3282.83,3283,96000000,512000000,
2025-12-06 18:01:57.064,87bed6e7-d7ff-4eab-a93c-525c4ff9ca2c,3108.33,3109,97000000,512000000,
2025-12-06 18:01:57.063,f2bc6313-9807-4b90-b63a-e3717345f468,3132.95,3133,97000000,512000000,
2025-12-06 18:01:57.061,9e2bb05a-f32d-423f-b360-cfa4f8ce7d2a,3174.85,3175,96000000,512000000,
2025-12-06 18:01:57.056,1b185e22-9c14-4511-a728-9ecd1c77efcc,3152.88,3153,96000000,512000000,
2025-12-06 18:01:57.056,6795c420-e2de-479c-a582-63516e448103,3072.78,3073,96000000,512000000,
2025-12-06 18:01:57.054,062b8338-73d1-432b-b6a5-d85c5f24262b,3155.12,3156,96000000,512000000,
2025-12-06 18:01:57.041,30062750-e7ee-4b61-b8d5-126090466f92,3185.96,3186,97000000,512000000,
2025-12-06 18:01:57.039,7bab09eb-8a2c-4185-abcf-cc44ba3ff567,3154.53,3155,97000000,512000000,
2025-12-06 18:01:57.039,b9da76e1-fce9-4cbd-9a23-ddb54dd9b484,3083.29,3084,96000000,512000000,
2025-12-06 18:01:57.036,090e3990-c444-426b-9830-f0844bfdda11,3107.05,3108,97000000,512000000,
2025-12-06 18:01:57.036,976fa379-ff56-4eca-a5f3-520e1ae37c67,3154.14,3155,97000000,512000000,
2025-12-06 18:01:57.036,5c7f1736-47ac-47c7-a031-3e22d49e30ab,3293.02,3294,97000000,512000000,
2025-12-06 18:01:57.035,56341251-6cc4-4db6-a45b-f1251010e2ef,3074.03,3075,96000000,512000000,
2025-12-06 18:01:57.034,3e4a0849-7d58-4a0c-946a-a0aecacb7900,3033.83,3034,97000000,512000000,
2025-12-06 18:01:57.029,1b8b4644-4bd8-4559-8ef9-bf6310e45048,3130.02,3131,97000000,512000000,
2025-12-06 18:01:57.024,4db3ef36-731e-4cb3-83b3-fb3090d7db15,3177.69,3178,97000000,512000000,
2025-12-06 18:01:57.019,c5e921f9-907f-4d7a-91d6-66d5378f14cd,3095.21,3096,96000000,512000000,
2025-12-06 18:01:57.016,2ad7031d-5962-4798-a433-eeeb54d2c054,3351.74,3352,97000000,512000000,
2025-12-06 18:01:57.014,6d527c24-d1bc-4206-aa85-bdf540fd1770,3160.04,3161,97000000,512000000,
2025-12-06 18:01:57.013,9b98f7ac-ec00-4127-8dda-90570f946d08,3027.66,3028,98000000,512000000,
2025-12-06 18:01:57.012,a9c2a2a0-77ce-4620-abd1-5c561c52b6bd,3116.24,3117,97000000,512000000,
2025-12-06 18:01:57.010,c5256e6d-f93f-4182-aedc-a65eedeb1a24,3066.52,3067,96000000,512000000,
2025-12-06 18:01:57.006,db0dc97c-af5d-4d23-aa02-adbdd3515f43,3106.58,3107,96000000,512000000,
2025-12-06 18:01:57.005,962f5a44-48d6-431d-9269-48f46d2c38ae,3156.72,3157,97000000,512000000,
2025-12-06 18:01:57.003,77b36d6c-64e6-4dac-bf6d-723454575ff3,3154.52,3155,97000000,512000000,
2025-12-06 18:01:56.999,bdc8c50b-8815-4cd7-a158-d68912c2c562,3093.35,3094,97000000,512000000,
2025-12-06 18:01:56.991,94375c02-122a-4be2-87b9-ddffd770ced1,3018.4,3019,96000000,512000000,
2025-12-06 18:01:56.990,240c1d27-d4b9-4fc7-a994-5f035e7be92a,3101.3,3102,96000000,512000000,
2025-12-06 18:01:56.987,c11db273-da31-4e59-92bc-2bf2a4f4757b,3076.21,3077,97000000,512000000,
2025-12-06 18:01:56.986,289c4235-8dd9-4f33-8784-a6a5571a0da3,3298.29,3299,97000000,512000000,
2025-12-06 18:01:56.983,558de7a5-068e-453b-af6c-ef44819391a3,3134.64,3135,97000000,512000000,
2025-12-06 18:01:56.982,28ae2c0c-af69-4f0c-ac9a-e3a11440dcf1,3415.19,3416,96000000,512000000,
2025-12-06 18:01:56.980,267d555e-e785-4298-a479-077483265847,3110.36,3111,97000000,512000000,
2025-12-06 18:01:56.979,5ea465b0-7f3e-4239-b14c-492c39396a7e,3055.59,3056,97000000,512000000,
2025-12-06 18:01:56.978,109249b5-e699-4dd6-a357-aadc1eaad081,3038.51,3039,96000000,512000000,
2025-12-06 18:01:56.977,45b7c9a4-0ed7-4080-8ec6-54e76a9c85d7,3049.23,3050,97000000,512000000,
2025-12-06 18:01:56.976,90fe0155-6fae-4b70-b18a-df530d09cee1,3259.05,3260,96000000,512000000,
2025-12-06 18:01:56.975,9d0e8e51-0307-415a-b14a-e94c2544e5bc,3114.01,3115,96000000,512000000,
2025-12-06 18:01:56.975,e9f0470d-aac8-4260-9b1f-92cd1638b52c,3037.24,3038,96000000,512000000,
2025-12-06 18:01:56.969,32a05871-849f-4926-8345-ebddf34592dd,3095.76,3096,96000000,512000000,
2025-12-06 18:01:56.963,599f3772-3ba3-4256-84b9-f4900da337d3,3073.91,3074,97000000,512000000,
2025-12-06 18:01:56.963,8995d304-ff48-4403-b12d-09ffff11a72c,3147.8,3148,97000000,512000000,
2025-12-06 18:01:56.957,74172147-7f31-4f90-adcf-daa28b623891,3117.03,3118,97000000,512000000,
2025-12-06 18:01:56.956,951e7b0b-3e27-4339-be15-485c1bcd447d,3083.19,3084,97000000,512000000,
2025-12-06 18:01:56.955,7d331c7e-fdab-494e-b177-b7e0ebba966c,3094.51,3095,97000000,512000000,
2025-12-06 18:01:56.954,474b62fe-eaae-4fba-8c84-80c6b7217008,3131.06,3132,97000000,512000000,
2025-12-06 18:01:56.953,0e8d02e1-a538-4189-a767-1958f4e4b493,3035.34,3036,97000000,512000000,
2025-12-06 18:01:56.949,98325808-4132-4990-b012-b7a10b14b61d,3054.53,3055,97000000,512000000,
2025-12-06 18:01:56.947,270b9af5-2145-49ec-8afd-d6eedbc8647f,3096.46,3097,96000000,512000000,
2025-12-06 18:01:56.946,659d38d8-604b-44b9-ba3f-80101cf1ff90,3114.25,3115,96000000,512000000,
2025-12-06 18:01:56.946,7b013882-fa73-473f-ae0d-7f4931454c95,3033.3,3034,96000000,512000000,
2025-12-06 18:01:56.938,ebafc3f9-21cb-49d8-ab83-29833d7220ef,3078.89,3079,97000000,512000000,
2025-12-06 18:01:56.935,f8d5e239-0530-4d99-adda-cf01a4c2fe2a,3094.27,3095,97000000,512000000,
2025-12-06 18:01:56.933,42118f4b-e6ac-4656-9def-b520d04168e1,3096.07,3097,97000000,512000000,
2025-12-06 18:01:56.916,9c7c4001-4b78-4a4b-80d1-e776929c6a5d,3056.11,3057,97000000,512000000,
2025-12-06 18:01:56.915,6bf48453-e40b-4d6e-ba39-f6567cecc37d,3151.87,3152,97000000,512000000,
2025-12-06 18:01:56.911,54408670-503b-4f2b-89da-83bbcb91df97,3073.76,3074,97000000,512000000,
2025-12-06 18:01:56.908,c4049210-fc21-4b9f-8008-f5cbfdf657bc,3008.91,3009,97000000,512000000,
2025-12-06 18:01:56.903,729271e2-7037-4cc5-b6d4-634f7f720e39,3085.72,3086,97000000,512000000,
2025-12-06 18:01:56.903,11ae1c6f-93f0-4e3b-ad86-7a18fb4424e4,3014.83,3015,96000000,512000000,
2025-12-06 18:01:56.902,bc0c735d-4426-4259-9ba6-dc96e6a30e86,3086.23,3087,96000000,512000000,
2025-12-06 18:01:56.901,f70f7fc8-1e51-4b00-9deb-107b0b9c3787,3147.53,3148,96000000,512000000,
2025-12-06 18:01:56.901,e65eda51-ea35-4214-a4ec-fb1c5c5c645c,3071.49,3072,97000000,512000000,
2025-12-06 18:01:56.897,0bb4f17f-bade-43f7-a3a5-6a194c0ad4ce,3015.82,3016,97000000,512000000,
2025-12-06 18:01:56.896,2418b5ea-293b-4356-9167-9c3159c62b58,2942,2942,96000000,512000000,
2025-12-06 18:01:56.894,47baca55-811a-408e-9257-52089e5aa9d5,3070.55,3071,97000000,512000000,
2025-12-06 18:01:56.893,fd94d1b7-1c8b-44db-9d0a-a9fe7474e1d9,2996.74,2997,97000000,512000000,
2025-12-06 18:01:56.892,ba991aca-1071-4f3c-9e6d-89514254d7fe,3225.99,3226,97000000,512000000,
2025-12-06 18:01:56.891,bb220839-8444-46e1-acab-dffde1d87f44,3034.03,3035,97000000,512000000,
2025-12-06 18:01:56.889,ab70b98f-2480-4ab7-bccd-6bfade8fcc97,3050.32,3051,96000000,512000000,
2025-12-06 18:01:56.882,76754828-de22-45f5-a6df-362d4a9383a1,3061.62,3062,96000000,512000000,
2025-12-06 18:01:56.880,26c080f7-43b8-44c8-88e8-99aa359601f6,2995.63,2996,97000000,512000000,
2025-12-06 18:01:56.879,975da86b-4ae3-44c7-88be-b5b470498d1a,3076.32,3077,96000000,512000000,
2025-12-06 18:01:56.878,1168cde6-2c9f-4dec-a2af-b6d6bf5cdbc0,3091.78,3092,96000000,512000000,
2025-12-06 18:01:56.871,01aab918-606c-4987-8005-8eda1b02318d,3050.74,3051,97000000,512000000,
2025-12-06 18:01:56.869,af08897a-dc92-4c1f-ad47-73048c889ece,3034.07,3035,96000000,512000000,
2025-12-06 18:01:56.865,8a76a8be-b988-4b8e-a819-9c1068aa4a9b,3075.65,3076,97000000,512000000,
2025-12-06 18:01:56.863,51347391-55eb-4345-9a8a-55b58b711615,1812.65,1813,99000000,512000000,
2025-12-06 18:01:56.861,335b068e-0255-4017-9644-fe766cfea03b,3071.72,3072,96000000,512000000,
2025-12-06 18:01:56.855,ff8c28f9-be17-4ec9-bc40-6d61339070bd,3053.65,3054,97000000,512000000,
2025-12-06 18:01:56.854,5e0d9657-b59e-4958-a968-91656b20f727,3024.62,3025,97000000,512000000,
2025-12-06 18:01:56.853,454d210e-759e-4bfb-8e66-ba021d8567c6,2966.49,2967,97000000,512000000,
2025-12-06 18:01:56.852,9642445e-3b7f-47a6-8771-f460e5bc9e78,3025.58,3026,96000000,512000000,
2025-12-06 18:01:56.850,7c1d30ee-06d4-4305-a222-dd1dc0d88be5,3124.03,3125,96000000,512000000,
2025-12-06 18:01:56.849,02015b24-bd93-4a80-9071-9efcc207180a,3051.85,3052,97000000,512000000,
2025-12-06 18:01:56.845,68813689-7862-4d47-97f3-1466d2e9b604,3012.56,3013,96000000,512000000,
2025-12-06 18:01:56.844,23a26d30-da1f-4603-91e0-b4f51ec96750,2991.6,2992,96000000,512000000,
2025-12-06 18:01:56.843,439478b8-14ff-4e27-9f58-5aaa5ee7fded,3054.68,3055,97000000,512000000,
2025-12-06 18:01:56.840,ff2f45cb-255b-4565-a955-ee6df387ff79,3013.05,3014,97000000,512000000,
2025-12-06 18:01:56.835,07cbdb45-7948-4ef0-b867-0aeba5e8577e,3105.9,3106,97000000,512000000,
2025-12-06 18:01:56.834,d89379d0-48f3-4db9-89af-d1a49035ac7e,2987,2987,96000000,512000000,
2025-12-06 18:01:56.825,3d3b541a-0619-44e0-8ed7-9ebfbe94e881,2951,2951,96000000,512000000,
2025-12-06 18:01:56.823,39fa7f63-a805-4d25-a21c-13ab5be15df8,2974.81,2975,97000000,512000000,
2025-12-06 18:01:56.820,963e103e-304e-4795-9959-90aa769b70da,3091.1,3092,97000000,512000000,
2025-12-06 18:01:56.818,00df3bac-6e4f-4797-be1d-6f9a495c804a,3094.4,3095,97000000,512000000,
2025-12-06 18:01:56.817,85d8a985-4e4c-44ae-ad49-61db6de7845d,2961.31,2962,97000000,512000000,
2025-12-06 18:01:56.814,0e98b140-fd3b-4c21-b82b-d356fa9e3d17,3059.32,3060,96000000,512000000,
2025-12-06 18:01:56.814,91175e1e-61f8-431e-a2c8-7dc2ba979ef4,3053.57,3054,96000000,512000000,
2025-12-06 18:01:56.812,96fb3d17-5954-47e7-9d6d-a71148f0989e,1894.08,1895,99000000,512000000,
2025-12-06 18:01:56.812,311e0bc7-50f3-4ed3-9a35-1f6a476fbec2,3282.17,3283,97000000,512000000,
2025-12-06 18:01:56.810,69192452-f7cc-47c0-82f3-d6e715b6d4bb,3056.83,3057,96000000,512000000,
2025-12-06 18:01:56.808,bcca2653-43c9-4cd9-8c9c-3de048deb33f,3027.96,3028,97000000,512000000,
2025-12-06 18:01:56.804,673b97dc-076d-4f82-8d47-e81f304972c0,2993.98,2994,96000000,512000000,
2025-12-06 18:01:56.802,ef78bb51-2b8f-450a-a54e-6e64a8393b19,2996.02,2997,96000000,512000000,
2025-12-06 18:01:56.802,bfb9ce5f-05de-46b4-b2e9-8e89e1aa0608,3084.86,3085,97000000,512000000,
2025-12-06 18:01:56.802,c372bc5e-17d5-4dbe-8b7d-984d370aeb45,3313.63,3314,96000000,512000000,
2025-12-06 18:01:56.801,4a73f752-c92a-405a-81dd-86b7402a2f27,1852.93,1853,98000000,512000000,
2025-12-06 18:01:56.798,b756de59-29b2-42a7-b28c-d5e738732141,3054.2,3055,97000000,512000000,
2025-12-06 18:01:56.798,82e1e268-a211-48ee-9c70-822d5378f12b,2934.92,2935,97000000,512000000,
2025-12-06 18:01:56.797,25320c9e-e274-4186-a1f1-1eac577abc8d,3072.7,3073,96000000,512000000,
2025-12-06 18:01:56.787,7483e874-5fa3-4f6d-beda-62e5ac72801f,3023.46,3024,96000000,512000000,
2025-12-06 18:01:56.774,6c70ec42-c73c-4238-a561-851f14731602,3056.51,3057,97000000,512000000,
2025-12-06 18:01:56.771,783698ba-a8b1-4a18-bd33-afc89b774778,3092.07,3093,97000000,512000000,
2025-12-06 18:01:56.770,af76bc95-dbf4-4e5b-9e2f-2b737781cdde,3011.35,3012,96000000,512000000,
2025-12-06 18:01:56.770,cf80f7d9-7180-4477-9cad-d92290403a5c,3032.86,3033,96000000,512000000,
2025-12-06 18:01:56.765,017e6a99-c341-4072-8a2a-9bbab692753e,2975.36,2976,97000000,512000000,
2025-12-06 18:01:56.765,3866a442-ad29-48d3-87cf-549f09563828,3001.53,3002,97000000,512000000,
2025-12-06 18:01:56.765,6e4a6c43-bc07-4893-81bb-01b60b0844bf,2965.14,2966,97000000,512000000,
2025-12-06 18:01:56.764,61c47455-33b6-4baf-85a0-2779f7eac978,3015.65,3016,96000000,512000000,
2025-12-06 18:01:56.763,703f7dbc-d239-423c-9eb8-954a3b618aa8,3234.77,3235,97000000,512000000,
2025-12-06 18:01:56.762,9ada0540-8e5a-4e61-830a-89ee228ae90c,3346.87,3347,96000000,512000000,
2025-12-06 18:01:56.762,7501e0df-cc02-4ef5-a668-c5c0e83c7708,2995.05,2996,97000000,512000000,
2025-12-06 18:01:56.760,e7b94591-f1cc-4007-96be-f5c607d23a14,3013.92,3014,96000000,512000000,
2025-12-06 18:01:56.754,6b740adf-242a-47b1-9337-90d1db161bb9,2996.76,2997,97000000,512000000,
2025-12-06 18:01:56.747,e7d78712-1404-49a2-8787-587d66a05e73,3316.86,3317,97000000,512000000,
2025-12-06 18:01:56.737,aa8191d2-4b3b-426d-8d97-662abafc30f3,3387.58,3388,96000000,512000000,
2025-12-06 18:01:56.733,8aeabe12-96fe-4024-99c2-00ea8c576200,3331.57,3332,97000000,512000000,
2025-12-06 18:01:56.728,e0638131-e1f3-4fd8-9146-d4b92401b26a,3034.31,3035,97000000,512000000,
2025-12-06 18:01:56.727,42451016-bd8c-49e8-871c-3486510d5bda,3244.58,3245,97000000,512000000,
2025-12-06 18:01:56.727,0e6c9798-42de-42a8-9db9-59caffbe7f8e,3408.94,3409,96000000,512000000,
2025-12-06 18:01:56.725,cdedef71-8735-483b-aeac-e15efcdf1201,2957.68,2958,97000000,512000000,
2025-12-06 18:01:56.722,9dc19291-e00a-4582-8e9c-760d801270c5,3327.76,3328,96000000,512000000,
2025-12-06 18:01:56.721,697f7c4d-bf18-46c8-aad4-32f9552a274b,2955.9,2956,96000000,512000000,
2025-12-06 18:01:56.715,da525259-3b3e-47ed-a8e5-2fcc88b58cef,1899.45,1900,100000000,512000000,
2025-12-06 18:01:56.713,97f621eb-cec4-4e06-80bb-e38e173a0855,2934.2,2935,96000000,512000000,
2025-12-06 18:01:56.711,d9bb2684-37f7-4036-9a3f-b589a2d3d9ec,2972.43,2973,97000000,512000000,
2025-12-06 18:01:56.710,b092d04b-b68f-4c76-9833-38ddfff801bb,2916.11,2917,97000000,512000000,
2025-12-06 18:01:56.706,2795b5c6-d575-4d35-8258-3d9a78357e21,3196.26,3197,96000000,512000000,
2025-12-06 18:01:56.703,660c4d93-ab14-4aef-bb25-7bf19de81bf1,2949.64,2950,96000000,512000000,
2025-12-06 18:01:56.702,30088c37-6906-48ef-9af4-56700a8ef27b,3043.59,3044,96000000,512000000,
2025-12-06 18:01:56.700,5d2850f7-bfae-47ed-afab-ce4f78ba477f,1833.14,1834,100000000,512000000,
2025-12-06 18:01:56.689,b6637efb-786d-400d-8446-32b4f9c755bd,2930.49,2931,96000000,512000000,
2025-12-06 18:01:56.687,e168f352-44c1-4177-8a7c-b383c52176d3,2962.62,2963,96000000,512000000,
2025-12-06 18:01:56.687,0341715d-d705-4e85-976f-ec0d46cf31ac,2969.18,2970,97000000,512000000,
2025-12-06 18:01:56.685,0f497a00-af29-4ca2-91df-f3316cb61cc6,2992.39,2993,97000000,512000000,
2025-12-06 18:01:56.683,33409bab-2493-4258-8891-bf2effc109b1,3170.12,3171,97000000,512000000,
2025-12-06 18:01:56.677,3d82290e-68e8-4a6c-b792-134c4a65abca,3291.95,3292,97000000,512000000,
2025-12-06 18:01:56.673,16586798-2c0c-4a55-91e6-08a83fbcfc63,2909.88,2910,97000000,512000000,
2025-12-06 18:01:56.669,56a199d1-de25-4157-8041-0000a15a3341,3170.42,3171,96000000,512000000,
2025-12-06 18:01:56.664,408270ad-6baa-4ab5-b280-e7d41f3d3e74,2953.59,2954,97000000,512000000,
2025-12-06 18:01:56.662,b6566584-25d2-4499-99a9-ef4cbc9360e4,2970.58,2971,97000000,512000000,
2025-12-06 18:01:56.659,b76e2826-56db-4fb5-a155-13bdbb396507,2954.06,2955,96000000,512000000,
2025-12-06 18:01:56.658,a8376841-1797-4647-845c-4c212ea9bd2f,3309.47,3310,96000000,512000000,
2025-12-06 18:01:56.655,f831c61a-45fd-4767-a341-856743028188,3300.31,3301,98000000,512000000,
2025-12-06 18:01:56.645,f1d79dc5-6883-499f-87f3-4a97d732fd82,2892.01,2893,96000000,512000000,
2025-12-06 18:01:56.645,7e441fc7-a9a5-447a-9766-1972ac878066,3235.35,3236,97000000,512000000,
2025-12-06 18:01:56.644,3ff4a379-edca-4e33-a179-0de0e68323b3,3251.64,3252,97000000,512000000,
2025-12-06 18:01:56.641,d4aab261-14ee-40e6-a731-a04a9ae7d882,3003.8,3004,97000000,512000000,
2025-12-06 18:01:56.635,aa315fb3-e6b1-4ed3-aae5-582e36f47806,2914.27,2915,97000000,512000000,
2025-12-06 18:01:56.631,d1f1ef61-1c3a-486b-81a6-f481190cadd4,3306.93,3307,97000000,512000000,
2025-12-06 18:01:56.629,a0ab669e-641a-42fb-83d0-8e0f194131e6,3282.88,3283,97000000,512000000,
2025-12-06 18:01:56.623,c713eef2-eedd-4af6-8723-8c2391b9b802,3190.76,3191,97000000,512000000,
2025-12-06 18:01:56.608,7470e832-e7d0-4b20-a523-f2293826cee2,2971.98,2972,97000000,512000000,
2025-12-06 18:01:56.599,54a98d65-4beb-4e5e-a3f5-c35ed76420d8,3069.88,3070,96000000,512000000,
2025-12-06 18:01:56.597,da97ed8a-41b9-4871-9e0d-a6a94d5be91e,1812.12,1813,100000000,512000000,
2025-12-06 18:01:56.595,7144b728-2859-4a29-a992-eaac462415fc,2894.03,2895,96000000,512000000,
2025-12-06 18:01:56.595,c6dfad72-cb0c-4e7a-95c7-d7009ada7435,3454.58,3455,97000000,512000000,
2025-12-06 18:01:56.588,9a5c4984-db79-462e-a166-66877f61a763,3236.58,3237,97000000,512000000,
2025-12-06 18:01:56.586,529d7c14-f542-4f09-998d-f1aa4389eb8a,3183.47,3184,97000000,512000000,
2025-12-06 18:01:56.584,4577e745-ca47-415c-a427-ef096fc7c27a,3295.29,3296,97000000,512000000,
2025-12-06 18:01:56.583,912a97b7-eb24-4c2c-9abe-f353fdec3b88,3032.93,3033,97000000,512000000,
2025-12-06 18:01:56.580,e8d35cfa-ef22-46b2-bc88-ade4704174e7,2983.92,2984,97000000,512000000,
2025-12-06 18:01:56.574,66813669-afb0-4d6f-ba04-b4639dd4b3f6,2913.36,2914,96000000,512000000,
2025-12-06 18:01:56.558,42d8a135-ce64-4dba-81c3-e0d751ef330d,3197.47,3198,97000000,512000000,
2025-12-06 18:01:56.556,28df3b9d-ba9d-4b75-8e6e-e7ea2130df4e,3079.17,3080,97000000,512000000,
2025-12-06 18:01:56.552,e50a5f4e-1e40-48b3-964e-c161c9322a3e,3246.86,3247,97000000,512000000,
2025-12-06 18:01:56.525,4b705b9e-ef52-448e-8862-fc91ebe70cba,3210.62,3211,96000000,512000000,
2025-12-06 18:01:56.506,8f00701d-4cff-4b25-be43-e586db6838e6,3146.07,3147,97000000,512000000,
2025-12-06 18:01:56.505,39289b2a-2907-45ee-8232-0e1a6932aa03,3208.61,3209,97000000,512000000,
2025-12-06 18:01:56.505,4c3640a8-51c9-42a4-aa85-5ddedacbd169,2868.2,2869,97000000,512000000,
2025-12-06 18:01:56.500,d33dd4ea-6339-4656-9e09-374a60db21f9,3110.66,3111,97000000,512000000,
2025-12-06 18:01:56.496,0a35971b-2603-4ffd-9db2-7b2933b3a991,3230.86,3231,96000000,512000000,
2025-12-06 18:01:56.494,41c2d887-51d3-4a1c-b99b-a4dfa4e03be9,3149.58,3150,97000000,512000000,
2025-12-06 18:01:56.490,a032cd91-03b0-476b-a8cb-3088186e592f,3111.26,3112,96000000,512000000,
2025-12-06 18:01:56.443,f26c7957-aa2c-4a2a-a5cb-5cc1f62cdc94,3208.55,3209,96000000,512000000,
2025-12-06 18:01:56.423,bd2fada5-5aad-4d9c-b535-e3a9a062d26d,2711.66,2712,97000000,512000000,
2025-12-06 18:01:56.421,aac3b499-5495-4779-9ff0-898f3ddbc9bd,3196.08,3197,97000000,512000000,
2025-12-06 18:01:56.413,77fad133-0c72-464b-836c-fc3ed72ace54,3104.01,3105,96000000,512000000,
2025-12-06 18:01:56.407,e0288a82-07ac-4ef2-9e12-9554637e86d4,3048.46,3049,98000000,512000000,
2025-12-06 18:01:56.405,fc42243f-6c2a-43a0-870b-7843b2c36c87,3134,3135,96000000,512000000,
2025-12-06 18:01:56.401,a3198d99-a76a-48c4-a268-02a06b1e36c5,3126.84,3127,97000000,512000000,
2025-12-06 18:01:56.396,4c9ca1c7-b51e-4df7-b5d4-adc387710fe2,3151.79,3152,96000000,512000000,
2025-12-06 18:01:56.385,7e8c3a52-5b81-423a-8f68-21bea43ad686,1783.26,1784,100000000,512000000,
2025-12-06 18:01:56.384,903efef9-c5ce-4b7c-b2a2-3c1b0a894729,3093.67,3094,96000000,512000000,
2025-12-06 18:01:56.383,f39c47ba-834f-475d-b166-d19f5c9f2ef7,3175.94,3176,97000000,512000000,
2025-12-06 18:01:56.376,ddb6f3f7-01ca-4359-86c9-d1f2f8ce59f1,3161.05,3162,97000000,512000000,
2025-12-06 18:01:56.374,8df3b992-5652-427b-837a-98a378611652,3128.28,3129,97000000,512000000,
2025-12-06 18:01:56.368,cf646d11-f04b-418e-98b0-6c1079a7b1e7,1740.36,1741,99000000,512000000,
2025-12-06 18:01:56.362,222511c2-2227-466d-8feb-664053fd78bf,3210.52,3211,97000000,512000000,
2025-12-06 18:01:56.359,9c1cd411-4975-469d-9770-d8b73112f0d6,3148.98,3149,97000000,512000000,
2025-12-06 18:01:56.356,8bfa7e61-7b3a-4ec5-a462-8b32768edeb7,3034.68,3035,96000000,512000000,
2025-12-06 18:01:56.354,a315a9b0-cab5-463e-b7d8-64c997536087,3129.28,3130,97000000,512000000,
2025-12-06 18:01:56.342,a30f6fba-25fe-4804-af35-528e1fd1de16,3072.16,3073,96000000,512000000,
2025-12-06 18:01:56.339,f91fc81f-7f20-4327-aae7-7fbfa04a9f25,3023.03,3024,96000000,512000000,
2025-12-06 18:01:56.334,d2b0facf-0b8b-4a42-afa5-6bb556650498,1746.67,1747,98000000,512000000,
2025-12-06 18:01:56.331,0bf0bea4-5d89-4dc6-996b-e7c9fb301c3f,2822.15,2823,97000000,512000000,
2025-12-06 18:01:56.328,67c4d80f-fe95-483d-b87e-ac4661fef691,2970.62,2971,97000000,512000000,
2025-12-06 18:01:56.322,1acedfab-be14-4344-bd08-de5de17701aa,3094.16,3095,97000000,512000000,
2025-12-06 18:01:56.322,624289e3-8e5c-48b3-8d84-9df9b9d81bcc,1759.86,1760,100000000,512000000,
2025-12-06 18:01:56.319,31f9bd9f-2ccf-4b9b-98c8-99283f643915,1752.17,1753,99000000,512000000,
2025-12-06 18:01:56.318,dd2f977f-5207-4739-9885-6e75d0174a3e,3027.69,3028,97000000,512000000,
2025-12-06 18:01:56.317,faec4e42-deb1-464d-92c1-05ff74a307bc,3135.13,3136,96000000,512000000,
2025-12-06 18:01:56.309,294d149b-d86e-464f-af8a-e4ae598ff566,3006.94,3007,96000000,512000000,
2025-12-06 18:01:56.306,63f3f793-aead-4bca-a629-4ea3f9a725a4,3116.64,3117,97000000,512000000,
2025-12-06 18:01:56.303,81ea4b08-0ede-4b85-a698-57c0b900090b,1922.28,1923,99000000,512000000,
2025-12-06 18:01:56.303,cd112a95-0ba9-4f6a-bd32-4dcfa28974fd,3111.02,3112,97000000,512000000,
2025-12-06 18:01:56.294,aecda40d-6d25-42cb-a920-6e5aa977034d,3033.99,3034,96000000,512000000,
2025-12-06 18:01:56.289,bc5184e5-4da5-47b8-ac79-bea1a0ee52b6,3030.36,3031,96000000,512000000,
2025-12-06 18:01:56.284,d3620071-f5ec-4158-9401-0358834a9bfb,1731.05,1732,99000000,512000000,
2025-12-06 18:01:56.283,7713a536-e3b7-40c3-b81c-f9a2f9b7fe97,3033.78,3034,97000000,512000000,
2025-12-06 18:01:56.281,a3ab332c-b73b-411d-92da-6215276c66dc,3154.65,3155,96000000,512000000,
2025-12-06 18:01:56.281,ac4cfb00-4717-4c1b-ac00-981044278f70,3076.05,3077,97000000,512000000,
2025-12-06 18:01:56.265,9931a708-a91d-4d71-87e3-8faf7c7dbd58,3050.85,3051,96000000,512000000,
2025-12-06 18:01:56.258,489e9f57-aca7-4c9a-985b-c96affe38fb2,3094.3,3095,96000000,512000000,
2025-12-06 18:01:56.252,5c2d9be0-dde6-46f4-94b3-55554794441a,3140.41,3141,96000000,512000000,
2025-12-06 18:01:56.250,d1777d62-88ed-4a8d-83f5-9736852626ec,3153.86,3154,97000000,512000000,
2025-12-06 18:01:56.247,f53be901-38f9-4c4b-8b1d-ea187c1193f3,2995.19,2996,96000000,512000000,
2025-12-06 18:01:56.243,294aa18e-9455-4545-9677-82dcb108ab9e,3049.34,3050,97000000,512000000,
2025-12-06 18:01:56.239,6759b02c-080f-4c13-ae93-9c8f1a4903d9,3034.14,3035,97000000,512000000,
2025-12-06 18:01:56.223,6a14cf59-89d4-4d79-bf69-ed8251c71deb,3073.68,3074,96000000,512000000,
2025-12-06 18:01:56.218,1aa3aaef-323a-4c6b-8074-2edf63c1ebf4,3089.27,3090,97000000,512000000,
2025-12-06 18:01:56.213,708809eb-b53a-49f1-8e41-8c7a1f139305,3022.7,3023,97000000,512000000,
2025-12-06 18:01:56.207,57ee6a70-7b61-44ef-8bc3-d7c01d64ee1a,3068.69,3069,96000000,512000000,
2025-12-06 18:01:56.206,72e666da-c840-4e3d-9b2e-518d383df589,3057.19,3058,97000000,512000000,
2025-12-06 18:01:56.205,7a294b64-f33c-4704-9657-02e6516f9b97,3019.4,3020,97000000,512000000,
2025-12-06 18:01:56.200,83c74481-08e8-4be3-8a8b-3a857034e68c,2977.78,2978,96000000,512000000,
2025-12-06 18:01:56.187,e21dd1f0-9709-4b76-a97f-0c09c3e2a8db,3071.47,3072,96000000,512000000,
2025-12-06 18:01:56.183,c170771c-fe10-4f90-9b9f-66890659e94d,3053.45,3054,97000000,512000000,
2025-12-06 18:01:56.177,a39ff196-1563-4bb8-b092-cffff6cc7e80,2961.34,2962,97000000,512000000,
2025-12-06 18:01:56.170,8e3c8e26-5116-4f9e-a2ee-de8801f74fdc,2998.37,2999,97000000,512000000,
2025-12-06 18:01:56.167,7dbc839f-2f22-4109-8b73-341957c49b54,2582.59,2583,97000000,512000000,
2025-12-06 18:01:56.166,01c3b06e-3ec5-4001-a792-223639998c68,2916.22,2917,97000000,512000000,
2025-12-06 18:01:56.163,28e31f5f-de27-4534-8da9-f3a209201733,3065.69,3066,97000000,512000000,
2025-12-06 18:01:56.149,f492b021-a4f2-4fe1-b9b7-3d9107d8961b,3018.25,3019,96000000,512000000,
2025-12-06 18:01:56.149,73c7cca4-6694-44fe-811e-d1fbbfeddbcd,2583.83,2584,97000000,512000000,
2025-12-06 18:01:56.141,bd78e648-7baf-4506-9210-e15e617ecb3a,2976.48,2977,97000000,512000000,
2025-12-06 18:01:56.141,a5dcbe86-ba09-4bde-aa3d-cc428588a31a,3013.22,3014,97000000,512000000,
2025-12-06 18:01:56.136,fc1ce94d-98d5-4725-bf8d-2147b3559238,3073.43,3074,96000000,512000000,
2025-12-06 18:01:56.134,fcfb047f-73b1-4a0b-b923-43d3942299d0,3043.56,3044,97000000,512000000,
2025-12-06 18:01:56.132,86ed3767-ac8d-4f8a-a679-83dbf872e2be,2616.76,2617,97000000,512000000,
2025-12-06 18:01:56.126,7a409806-6502-48b4-bfe5-b5d4910133bd,2992.65,2993,96000000,512000000,
2025-12-06 18:01:56.122,66d9832d-a5dc-4d37-b39d-0c170e4e806d,2970.01,2971,96000000,512000000,
2025-12-06 18:01:56.122,2470eed9-1cbb-4fd3-802b-ac26108679ea,3070.2,3071,96000000,512000000,
2025-12-06 18:01:56.122,c20b820e-c0f8-4fe1-a5b5-12726043ea45,3062.96,3063,96000000,512000000,
2025-12-06 18:01:56.121,130062ec-76bc-4256-b763-8ceb08b5edf0,2993.52,2994,97000000,512000000,
2025-12-06 18:01:56.114,5eedfc93-19c8-4c3a-acc0-67306dbcabaf,2994.65,2995,97000000,512000000,
2025-12-06 18:01:56.108,3f9fc497-5161-4bf1-89a4-138bafefff37,2988.66,2989,96000000,512000000,
2025-12-06 18:01:56.107,c7b4e8fd-5b6d-4b1f-9ee3-7ee0e1a95f1a,2954.79,2955,97000000,512000000,
2025-12-06 18:01:56.093,27a23b6f-5fbb-4679-8330-a9442b5f39be,2990.36,2991,97000000,512000000,
2025-12-06 18:01:56.091,3caf036b-5732-4e49-a7f1-5290826dfc05,2998.58,2999,97000000,512000000,
2025-12-06 18:01:56.083,088b39c3-560c-48a2-8e35-23a1f676173f,2932.03,2933,97000000,512000000,
2025-12-06 18:01:56.079,b44d3460-bf1b-44bd-937e-f85dbdfe8111,1846.79,1847,99000000,512000000,
2025-12-06 18:01:56.076,c3ddad02-b56c-47ad-8a8d-9bef4c03d1c3,2686.03,2687,97000000,512000000,
2025-12-06 18:01:56.075,c8937af5-509b-4245-bf9f-9587c8391c5e,3008.95,3009,97000000,512000000,
2025-12-06 18:01:56.072,9663e884-dd16-49d4-92de-5d07f8ceede4,3056.32,3057,96000000,512000000,
2025-12-06 18:01:56.062,b4a582b3-1433-4b2e-bbb2-f499bcab7e29,2936.83,2937,96000000,512000000,
2025-12-06 18:01:56.059,cba6015c-0f83-422c-a331-380f141da2aa,2974.72,2975,96000000,512000000,
2025-12-06 18:01:56.058,4ca5afb5-0360-43f3-84f1-1309c9b8b0d7,3014.93,3015,97000000,512000000,
2025-12-06 18:01:56.056,b57f7588-772c-434f-9fb5-f10de30805e3,1850.76,1851,100000000,512000000,
2025-12-06 18:01:56.052,b532d58e-97c0-48db-adb4-4e2d201a46b5,3034.35,3035,97000000,512000000,
2025-12-06 18:01:56.027,38c76a0d-b884-41d9-a02b-ec5aa9861130,1849.77,1850,100000000,512000000,
2025-12-06 18:01:56.022,55774842-0410-438d-96ff-b332f86edd6f,2949.78,2950,97000000,512000000,
2025-12-06 18:01:56.020,76ae2872-a79a-4dea-95ce-80bb113703ea,1803.65,1804,99000000,512000000,
2025-12-06 18:01:56.017,3a7c6ae9-bd6d-4c2d-8e49-e503bbb1b04d,2957.75,2958,97000000,512000000,
2025-12-06 18:01:56.016,892d6ac1-49fd-416d-a114-c080c01993f8,1775.68,1776,98000000,512000000,
2025-12-06 18:01:55.992,6c9260ae-3b7b-4f1c-96fa-ff3dfa2c6ff3,1808.67,1809,100000000,512000000,
2025-12-06 18:01:55.957,ce315ff7-0680-4696-9af6-a5f2f5a16022,2926.3,2927,97000000,512000000,
2025-12-06 18:01:55.949,efc47d0f-0c12-4dae-ae89-16945203fd42,2912.2,2913,97000000,512000000,
2025-12-06 18:01:55.948,0e619494-1136-42f5-83ee-8dde24041a36,2889.01,2890,96000000,512000000,
2025-12-06 18:01:55.927,919e00d4-e0d8-4d31-bbd3-ee9708ca1984,2533.06,2534,97000000,512000000,
2025-12-06 18:01:55.866,b7862f09-1cba-46c6-93cf-a5ec311227cd,2839.37,2840,96000000,512000000,
2025-12-06 18:01:55.803,3d47fc2a-7245-42ae-a4b7-0477f6074ee1,2496.11,2497,96000000,512000000,
2025-12-06 18:01:55.798,46d13e6b-4037-4e61-9e06-e6253c145d6b,2519.62,2520,97000000,512000000,
2025-12-06 18:01:55.715,dd99e73a-c8e7-4cc8-ac66-297ee99d17b1,2495.35,2496,97000000,512000000,
2025-12-06 18:01:55.699,410e0df9-d976-492f-9451-d29457a313ec,2468.73,2469,97000000,512000000,
2025-12-06 18:01:55.692,f607f045-286e-40ed-a32c-a4bf9df78029,2686.13,2687,97000000,512000000,
2025-12-06 18:01:55.670,2ae3bb09-55c4-4a2b-b09c-1259c4ed7a63,2792.51,2793,97000000,512000000,
2025-12-06 18:01:55.629,d7236e6f-5625-427e-9fc6-92602b90682a,2827.48,2828,96000000,512000000,
2025-12-06 18:01:55.488,eeedf1b5-c905-458d-bc05-0a154525e683,2642.06,2643,96000000,512000000,
2025-12-06 18:01:55.471,ea1cf50f-6bd6-4570-8f92-23fbb0741485,2662.09,2663,97000000,512000000,
2025-12-06 18:01:55.437,4d518bd8-4562-49a5-8c0e-29ea76d5ed9b,2624.65,2625,97000000,512000000,
2025-12-06 18:01:55.355,017cd9b2-961d-4826-aa5c-a4e50c362dfc,2581.34,2582,97000000,512000000,
2025-12-06 18:01:55.337,21187a82-ed1a-4e20-8774-6fec665580c8,2665.22,2666,97000000,512000000,
2025-12-06 18:01:55.303,38d0a5f0-7694-4f9b-b0f9-65f9efe0484a,2631.92,2632,96000000,512000000,
2025-12-06 18:01:55.298,30f2ac92-1232-4b1a-b6c1-a34d675f04b0,2639.43,2640,97000000,512000000,
2025-12-06 18:01:55.024,9c346dc8-db70-46b7-be70-68c56572ddf9,2007,2007,97000000,512000000,
2025-12-06 18:01:54.923,29688807-ddb2-4122-9fd7-cb72fc22956a,2089.04,2090,96000000,512000000,
2025-12-06 18:01:54.894,cc56dc4d-6701-4be2-bce7-f4ea5eadec1e,1982.41,1983,96000000,512000000,
2025-12-06 18:01:54.842,d1f9c29d-54bf-4704-8acf-382bec321829,1963.76,1964,97000000,512000000,
2025-12-06 18:01:54.791,c9a1823a-19b4-4740-9319-97f431f7a256,1965.55,1966,97000000,512000000,
2025-12-06 18:01:54.777,dac9b779-1751-4c58-9e71-233f6cf7613c,1984.93,1985,96000000,512000000,
2025-12-06 18:01:54.641,7745d95e-8df4-4436-a731-0430c6071e16,3408.57,3632,91000000,512000000,223.34
2025-12-06 18:01:54.611,55768287-8793-47e1-b609-06d3cbc3dcc5,1873.28,1874,96000000,512000000,
2025-12-06 18:01:54.574,0a5adb6d-6ec9-458f-9e81-2d5552630529,1846.89,1847,96000000,512000000,
2025-12-06 18:01:54.567,145c0f54-5def-4421-aab8-f0e0954577c6,1890.59,1891,97000000,512000000,
2025-12-06 18:01:54.543,73e0c152-2a9c-42b1-bd6c-c42f648983dc,1888.12,1889,97000000,512000000,
2025-12-06 18:01:54.538,4aad73dd-e2f3-4a05-9059-8b64b5443448,1872.09,1873,97000000,512000000,
2025-12-06 18:01:54.520,e0eaf706-0b28-4380-91ce-5636d4126c50,1864.24,1865,96000000,512000000,
2025-12-06 18:01:54.472,0568c2f5-858e-4757-8fbc-065d2d2bd83f,3707.21,3925,93000000,512000000,217.21
2025-12-06 18:01:54.427,591bf843-7d87-4e87-a2d9-32a3a1eb8429,3239.12,3429,90000000,512000000,189.61
2025-12-06 18:01:54.395,31fae5c1-094a-448f-b79f-483e2d4e902e,3209.73,3385,89000000,512000000,174.62
2025-12-06 18:01:54.381,f87223c6-ae20-4c96-9be0-f70ddea160f8,3627.19,3841,89000000,512000000,212.88
2025-12-06 18:01:54.365,6ec6d324-1b98-43d5-9586-0871017b046b,2146.74,2147,97000000,512000000,
2025-12-06 18:01:54.365,c9f3963d-372c-4cf0-896d-fc992468cfe2,3188.61,3374,89000000,512000000,184.63
2025-12-06 18:01:54.363,65d800c4-a584-44c1-80ba-e43c776d6f54,3563.57,3785,90000000,512000000,220.63
2025-12-06 18:01:54.356,0a08120d-8bb6-4847-9c28-5513c241ff74,3621.48,3804,89000000,512000000,181.75
2025-12-06 18:01:54.314,81dff78e-d4d3-44b1-a2e5-490d45d2f543,3133.7,3303,89000000,512000000,168.57
2025-12-06 18:01:54.300,8fcb1e7f-0c86-4fcb-b37c-30a158f1c7bc,3135.58,3311,89000000,512000000,174.76
2025-12-06 18:01:54.285,dbd728c1-9d8e-4c33-bf30-2d2149c497f8,3432.66,3625,89000000,512000000,192.26
2025-12-06 18:01:54.279,01237063-2d4b-4296-89b1-063b531dd1b0,3562.34,3744,89000000,512000000,181.15
2025-12-06 18:01:54.233,c08ac08b-559a-42ab-b712-abe53951807a,2013.4,2014,96000000,512000000,
2025-12-06 18:01:54.231,61097295-63da-4a15-a7f0-7114f9d8d3c9,3398.48,3618,90000000,512000000,218.85
2025-12-06 18:01:54.229,3cbc7d43-7b59-4b98-a4d2-8beac6995ca7,3055.92,3224,89000000,512000000,167.89
2025-12-06 18:01:54.219,c1f084c1-0ba8-4bb1-8176-bfd7cf35615a,1998.66,1999,97000000,512000000,
2025-12-06 18:01:54.219,b58aa79e-ab73-4b6d-8b79-8dbce470bd4a,3469.51,3691,89000000,512000000,220.55
2025-12-06 18:01:54.215,26c7bec7-f787-4bf9-ab7b-b5c404737f17,3507.17,3690,89000000,512000000,182.22
2025-12-06 18:01:54.204,0929d04f-c488-4176-a0ce-632fd17e53c7,3447.65,3680,89000000,512000000,231.51
2025-12-06 18:01:54.202,d95fa8c6-4f0c-4b20-a940-f5312a0af724,3377.22,3628,90000000,512000000,249.93
2025-12-06 18:01:54.196,54eedb12-d5aa-4bb3-a2e3-98aa27069b13,1991.28,1992,97000000,512000000,
2025-12-06 18:01:54.186,ab7108fa-e4ae-4b7c-bc97-06760212aa3a,3399.85,3583,91000000,512000000,182.44
2025-12-06 18:01:54.184,4fb428e9-a92d-4597-8ef8-a0f550bcf73a,3453.54,3665,89000000,512000000,210.61
2025-12-06 18:01:54.181,63937d41-2ed6-4ec7-87ed-68147e8ff5ba,3291.32,3539,89000000,512000000,246.97
2025-12-06 18:01:54.179,f69f3621-e341-43ff-94bf-65a57fcb9134,3343.42,3598,89000000,512000000,253.75
2025-12-06 18:01:54.179,c39b209c-073f-414f-b66d-052ca66a8029,1898.92,1899,96000000,512000000,
2025-12-06 18:01:54.177,5eba5bb9-f47d-461e-a646-581a57b540d9,3469.32,3671,90000000,512000000,201.13
2025-12-06 18:01:54.175,7064780c-7877-43c5-8667-242570a00929,3349.8,3634,89000000,512000000,284.12
2025-12-06 18:01:54.172,441fa4a2-b88c-4cc3-9e6b-9728c2bee68a,1946.61,1947,97000000,512000000,
2025-12-06 18:01:54.172,272e86b2-ce87-4be8-b3a4-5a732024a0c3,3348.99,3607,89000000,512000000,257.26
2025-12-06 18:01:54.170,8f7ffc9c-e6ca-47ab-8748-10e035288ab3,3023.99,3189,89000000,512000000,164.75
2025-12-06 18:01:54.169,a6ecfe6a-4f05-4e31-a567-eceb1e79161f,1963.52,1964,97000000,512000000,
2025-12-06 18:01:54.167,ffe338bf-16fb-4577-b17b-52adf23c2ac1,3018.35,3203,89000000,512000000,183.76
2025-12-06 18:01:54.167,b8db5306-97cb-4f13-9a97-740008325a7a,3331.03,3516,89000000,512000000,184.15
2025-12-06 18:01:54.144,e091d6b4-e4c8-434c-bedb-0c5adf8c8229,3355.04,3586,90000000,512000000,230.72
2025-12-06 18:01:54.141,77911960-84f4-4bf5-b3ea-a82c01ae6926,3432.66,3646,90000000,512000000,212.43
2025-12-06 18:01:54.130,41c6607e-1266-4140-b6c8-47878c77f6f6,3369.35,3593,92000000,512000000,223.2
2025-12-06 18:01:54.119,be6e4a77-e816-4d08-a9ab-0f0748306504,3324.64,3560,93000000,512000000,234.73
2025-12-06 18:01:54.108,0904526d-1b9b-4292-9762-9221330f3c67,3420.95,3613,89000000,512000000,191.92
2025-12-06 18:01:54.105,a75be6b3-f4d0-43a5-83f8-56d5627b83f0,3341.86,3549,89000000,512000000,207.09
2025-12-06 18:01:54.101,3e84fc5b-b40b-460f-bb69-33dc2e373f05,3327.19,3555,89000000,512000000,227.35
2025-12-06 18:01:54.101,e51daa08-6731-4863-ad03-2954f9bf85b7,3412.38,3601,89000000,512000000,188.51
2025-12-06 18:01:54.095,160d0816-8a01-42d1-b56f-9023b4932c01,3389.06,3603,89000000,512000000,213.38
2025-12-06 18:01:54.091,16fefd47-da65-4b4f-8d10-38feb9139257,3353.48,3555,89000000,512000000,201.34
2025-12-06 18:01:54.091,abd12c48-4d99-4fd6-8826-cb409d3c8aeb,3440.9,3619,89000000,512000000,177.97
2025-12-06 18:01:54.078,d9b345cd-aab7-4431-bd93-8421f0ae75c3,3380.16,3568,89000000,512000000,186.9
2025-12-06 18:01:54.074,8a9de26c-1c89-4f49-8f14-1f8fa89617ac,3343.56,3551,89000000,512000000,206.84
2025-12-06 18:01:54.070,1ab2b216-0527-42c3-91e5-dd5112c6a4f3,3348.85,3533,89000000,512000000,183.47
2025-12-06 18:01:54.065,2ca88322-8b93-47a6-ac68-20c90195dc2b,3197.11,3443,89000000,512000000,245.73
2025-12-06 18:01:54.055,7e925c40-2668-44c5-974d-07d1b33d2989,3292.17,3483,89000000,512000000,190.37
2025-12-06 18:01:54.048,a1fdba10-0605-4115-bc11-1f9752881e4b,3321.85,3516,89000000,512000000,193.17
2025-12-06 18:01:54.041,aa691c50-6f2d-4acd-8bce-d31016c98ebd,3230.73,3470,89000000,512000000,238.36
2025-12-06 18:01:54.028,ab461c09-23a4-436b-a972-463732c0e3e3,3338.12,3540,90000000,512000000,201.33
2025-12-06 18:01:54.027,ae9444e4-6711-4c7f-a325-143e1487f8a1,3200.36,3387,89000000,512000000,185.89
2025-12-06 18:01:54.027,b547a06f-e749-4c0e-9551-996da05ba2ef,3348.97,3527,89000000,512000000,177.37
2025-12-06 18:01:54.026,c55c615c-094a-4056-803f-079c7996e122,3328.14,3522,90000000,512000000,193.07
2025-12-06 18:01:54.023,a800777f-994b-4bc6-bf98-457f5a68c167,3207.64,3489,89000000,512000000,280.63
2025-12-06 18:01:54.015,44759bf9-ce5c-460d-95c4-9bdcf3975af3,3271.36,3488,89000000,512000000,215.7
2025-12-06 18:01:54.010,4779e696-c3af-498b-80f1-442d0dabc519,3325.29,3499,90000000,512000000,173.52
2025-12-06 18:01:54.000,c44a9e04-8a09-450b-9c7f-88c69d20735b,3252.01,3507,90000000,512000000,254.26
2025-12-06 18:01:53.999,c92f5578-38c1-4ff3-a55b-531588feed29,3253.95,3456,89000000,512000000,201.45
2025-12-06 18:01:53.996,841aedce-0271-46d5-b188-aeec0e0fd14a,3282.87,3465,89000000,512000000,181.7
2025-12-06 18:01:53.995,3a2345a4-9c17-4cbb-aeb8-b1593481e91c,3224.86,3423,91000000,512000000,197.31
2025-12-06 18:01:53.994,2d187255-7981-4260-a0fe-2a6a6ab05893,3256.6,3473,90000000,512000000,215.53
2025-12-06 18:01:53.992,2fe488f1-cba1-46ea-8b76-8d0cacc9989d,3314.79,3508,88000000,512000000,193.09
2025-12-06 18:01:53.991,67b571d8-a199-4d34-943f-eba95d879948,3241.24,3439,92000000,512000000,197.43
2025-12-06 18:01:53.990,c4d6f138-6e1a-4679-a735-c78d34bacedd,3246.93,3431,89000000,512000000,183.63
2025-12-06 18:01:53.987,f5200021-8e4e-4d2e-b265-e71d6cc6a23b,3235.12,3439,91000000,512000000,203.09
2025-12-06 18:01:53.984,d7ec71ae-e216-46ad-90ca-1d19792ac968,3211.76,3432,89000000,512000000,220.03
2025-12-06 18:01:53.983,ead96407-a6c2-4089-9db7-3a5808087efc,3224.46,3419,89000000,512000000,193.58
2025-12-06 18:01:53.983,77659b30-ab96-415d-8350-bcaf62580561,3255.05,3473,90000000,512000000,217.34
2025-12-06 18:01:53.977,0c8c6163-c9ef-4817-93f1-b46b79ba309b,3199.59,3382,90000000,512000000,181.75
2025-12-06 18:01:53.974,39abb3cf-505b-4ca3-af88-829e68eeffaa,3229.65,3427,89000000,512000000,196.51
2025-12-06 18:01:53.971,e6bc1d37-1382-4f46-a1db-8527cdbd8f79,3223.79,3408,90000000,512000000,183.9
2025-12-06 18:01:53.970,15c1677f-dca7-4e61-bc50-f40d4047bb58,3291.5,3474,89000000,512000000,182.27
2025-12-06 18:01:53.969,5aaf35db-1cc0-4e65-8c3a-ca25e4301feb,3253.1,3447,89000000,512000000,193.54
2025-12-06 18:01:53.968,8445ff88-e988-46bb-8cac-6b14a2e83ddc,3255.85,3454,89000000,512000000,197.76
2025-12-06 18:01:53.967,bb434180-4b53-45f3-a882-24a2c5698bfc,3259.73,3450,90000000,512000000,189.49
2025-12-06 18:01:53.967,0e0bd6a2-7fb9-4ed8-ba61-084dc06a11d3,3194.17,3390,89000000,512000000,195.73
2025-12-06 18:01:53.965,a4970b69-2085-4f02-9355-391a06a84da7,3244.67,3447,89000000,512000000,202.06
2025-12-06 18:01:53.964,80b60df9-e018-486a-ac86-d896f3fb55c0,3227.66,3419,89000000,512000000,190.62
2025-12-06 18:01:53.962,05df47b9-706e-42ae-bc95-f0b0bf824301,3170.48,3424,90000000,512000000,252.57
2025-12-06 18:01:53.961,85a2276e-d94a-4123-b9e2-9a93dea2d470,3262.29,3448,89000000,512000000,185.11
2025-12-06 18:01:53.960,17d6634a-e5ea-4fc1-b365-0a71a7a8e893,3253.6,3439,90000000,512000000,184.59
2025-12-06 18:01:53.959,a61848cd-c57f-452d-8e9b-12408970779b,3230.64,3407,89000000,512000000,175.82
2025-12-06 18:01:53.958,eb408afc-1b9e-41fb-a89d-970ac6d01d4f,3232,3421,89000000,512000000,188.4
2025-12-06 18:01:53.956,676a4086-2afd-452b-b8ad-539b799866ce,3272.77,3469,89000000,512000000,195.35
2025-12-06 18:01:53.953,ccf3fb2f-7d23-4f02-82d0-158ee570ca1b,3170.12,3371,89000000,512000000,200.42
2025-12-06 18:01:53.945,655f1df2-d797-4242-af31-6d65f832f59c,3237.07,3418,90000000,512000000,180.59
2025-12-06 18:01:53.941,c59a9f79-aa56-48e6-8feb-db212bf3baf7,3187.25,3393,89000000,512000000,205.63
2025-12-06 18:01:53.939,36792f5c-18f9-43e9-bb9a-dc6778a8b584,3215.21,3387,91000000,512000000,171.58
2025-12-06 18:01:53.936,0b67c065-653a-4cdf-8b78-db1738801d23,3058.04,3226,90000000,512000000,167.2
2025-12-06 18:01:53.934,310af0b0-16dd-4347-8edf-8f70668d695c,3222.83,3389,89000000,512000000,166.11
2025-12-06 18:01:53.934,ca7caba4-1f9c-415d-8fe9-8f20560cd23a,3196.99,3368,90000000,512000000,170.31
2025-12-06 18:01:53.932,94fb6169-335f-4b58-ae51-f8494cc66d2e,3115.51,3298,89000000,512000000,182.21
2025-12-06 18:01:53.931,fd69ce3b-72ce-4ebc-b602-c82ee1bedfe1,3164.15,3398,89000000,512000000,233.65
2025-12-06 18:01:53.930,b6d68581-5fd5-44ab-9164-b5fe84a33702,3202.76,3378,89000000,512000000,174.82
2025-12-06 18:01:53.930,2a93bdf1-7e7f-449d-a1ef-51b3b1805db8,3267.07,3441,90000000,512000000,173.09
2025-12-06 18:01:53.928,ca5e79ed-114c-4e1d-bfe8-c6502ea7f57d,3249.2,3425,89000000,512000000,175.69
2025-12-06 18:01:53.927,c50250ba-ca02-44bc-8210-c439486ce5a9,3203.64,3380,90000000,512000000,175.86
2025-12-06 18:01:53.925,ee358298-5510-4416-bbb9-ebd5d17a7fb9,3205.93,3417,89000000,512000000,210.62
2025-12-06 18:01:53.925,21bcdc34-8b3d-434a-9bde-dc987e712b8a,3134.05,3372,90000000,512000000,237.25
2025-12-06 18:01:53.924,2fefb62d-2b54-4455-bf04-ab1a1ce67e8c,3193.44,3366,89000000,512000000,172.44
2025-12-06 18:01:53.923,865c4ba9-1e84-43a3-b28c-5bc9cb934bc7,3170.51,3347,89000000,512000000,175.51
2025-12-06 18:01:53.919,34d58a25-2f21-4a20-bf3d-ae790e2ae6b9,3227.8,3411,89000000,512000000,182.96
2025-12-06 18:01:53.919,d2adcef8-e091-44af-a7e5-fd6bb146c9b8,3203.92,3399,89000000,512000000,194.85
2025-12-06 18:01:53.917,b2adce7e-6d07-4058-92dc-55848b778e37,3148.26,3379,90000000,512000000,229.99
2025-12-06 18:01:53.915,cdc54677-94b6-49fb-9424-1761e6e9eb5f,3231.21,3402,89000000,512000000,170.4
2025-12-06 18:01:53.913,22b8124b-91d7-4145-b51a-df35f0191803,3231.16,3425,89000000,512000000,193.35
2025-12-06 18:01:53.912,1c69a6c8-8ac5-42c2-bd1b-e7ac254542e4,3210.47,3392,90000000,512000000,180.68
2025-12-06 18:01:53.911,8f1ff1c2-35c6-4501-b172-a2fdd9e1ce63,3663.56,3954,89000000,512000000,289.7
2025-12-06 18:01:53.908,a4e0839a-5f38-4bf3-aef7-020ee4d76642,3164.1,3382,89000000,512000000,216.91
2025-12-06 18:01:53.904,dd255e71-4feb-4d71-80de-cdc9df687b87,3150.92,3350,90000000,512000000,198.95
2025-12-06 18:01:53.904,cab64b58-6d01-4a5f-9771-79c4209bc837,3200.21,3379,89000000,512000000,178.67
2025-12-06 18:01:53.903,bf695a47-b177-4022-aa8e-4a0645f9b2e3,3180.25,3374,90000000,512000000,193.04
2025-12-06 18:01:53.903,49628d1d-2f06-46a0-b744-6a2b7b58844a,3222.04,3402,89000000,512000000,179.62
2025-12-06 18:01:53.903,486986bc-feb0-43bc-92c1-da0cc5c1bdaa,3225.23,3404,89000000,512000000,178.33
2025-12-06 18:01:53.899,fa664a91-d37b-4c05-bb57-063077fe4b27,3229.98,3404,91000000,512000000,173.85
2025-12-06 18:01:53.898,75e032db-0f64-40bb-b4a2-804c31713106,3205.03,3388,90000000,512000000,182.01
2025-12-06 18:01:53.895,b3e17862-15e3-4fcb-bc28-a69435f7c2e6,3161.87,3394,89000000,512000000,231.66
2025-12-06 18:01:53.894,cc9ba314-0127-496f-8808-6d0d91def6e2,3191.49,3382,89000000,512000000,190.1
2025-12-06 18:01:53.891,26f651d5-932d-4599-9ec3-9398823b3bc9,3172.37,3364,89000000,512000000,191.1
2025-12-06 18:01:53.890,f3a358a6-2725-4415-a8d1-3b8fdf183f2a,3135.97,3334,89000000,512000000,197.33
2025-12-06 18:01:53.889,23892de0-df78-440b-b33e-4bc1915f470b,3210.36,3390,91000000,512000000,178.88
2025-12-06 18:01:53.889,70ff799c-82d5-4247-bcbe-a9e9dc5a3c69,3161.28,3336,89000000,512000000,173.82
2025-12-06 18:01:53.887,3ff7a85f-4ec0-4110-b24b-d05c424a14f2,3167.62,3346,90000000,512000000,177.54
2025-12-06 18:01:53.886,df4a83a8-93c3-41b6-b678-c76fae7e92ba,3183.59,3373,90000000,512000000,189.28
2025-12-06 18:01:53.885,a51d171f-0a93-414c-9cd0-389e50fa1757,3202.6,3372,89000000,512000000,168.42
2025-12-06 18:01:53.885,8babe0a3-ee9b-49f2-ade0-caf3887b7c0a,3203.2,3388,89000000,512000000,184.15
2025-12-06 18:01:53.885,8714618f-ef1d-4b32-bbaf-5545b2e49eec,3202.13,3400,89000000,512000000,196.95
2025-12-06 18:01:53.884,27f7c15b-fac7-4075-84a6-1a79b27fc2c3,3163.14,3353,89000000,512000000,189
2025-12-06 18:01:53.882,2d99f261-67d7-450f-a1a9-d1987fdc5251,3185.19,3363,89000000,512000000,177.13
2025-12-06 18:01:53.882,9079c8bc-e09b-4c83-80ac-c1e771a70309,3151.68,3326,89000000,512000000,173.46
2025-12-06 18:01:53.881,b526ac90-9677-40f7-a32f-23f8b8682705,3220.01,3396,89000000,512000000,175.91
2025-12-06 18:01:53.878,01aa7e32-4e20-4aca-8cfe-38566b98e131,3183.87,3366,90000000,512000000,181.86
2025-12-06 18:01:53.877,7b6904b4-f528-4719-a7e1-357244b597ab,3148.64,3384,90000000,512000000,234.44
2025-12-06 18:01:53.874,075b3951-d4b9-4e26-bfc3-55687b7be21e,3168.63,3347,89000000,512000000,177.5
2025-12-06 18:01:53.874,52bfd84a-8e17-473e-8d8b-6c038a72e532,3162.01,3370,89000000,512000000,207.45
2025-12-06 18:01:53.873,b0caad5c-5652-438e-90a3-e9bf662abb82,3170.71,3359,89000000,512000000,187.91
2025-12-06 18:01:53.872,ef13bc6b-782f-4b65-9705-ef7d903a98fc,3183.38,3353,91000000,512000000,169.29
2025-12-06 18:01:53.871,bd1fb14d-d890-42d9-91fe-bf7fca30898a,3204.76,3369,89000000,512000000,163.96
2025-12-06 18:01:53.870,bbcf3b10-ed10-46ca-853f-eb7a86daa301,3150.48,3349,89000000,512000000,197.97
2025-12-06 18:01:53.864,f0d69952-5490-4b16-93fa-487b14bcea0a,3094.74,3293,89000000,512000000,197.4
2025-12-06 18:01:53.864,2583777d-4602-4873-bbab-b8a54bbf8fe5,3163.43,3352,90000000,512000000,188.07
2025-12-06 18:01:53.858,1a2c8a79-99d1-45cb-8831-7878cdf5617f,3128.39,3315,89000000,512000000,186.24
2025-12-06 18:01:53.857,f89449a6-9b03-42ab-8572-730e65677e0e,3163.22,3339,89000000,512000000,175.49
2025-12-06 18:01:53.856,456df66d-6111-4961-aa64-2f77b27edf8b,3170.19,3357,89000000,512000000,186
2025-12-06 18:01:53.856,8411c8d5-e702-4649-ad0b-7df1288b484e,3168.35,3335,91000000,512000000,165.75
2025-12-06 18:01:53.855,b53539b6-8ceb-43da-af7f-a63e989c0dc1,3137.1,3309,90000000,512000000,170.94
2025-12-06 18:01:53.854,16dd5533-fe42-4280-bef2-cda0c4c472ad,3116.59,3307,89000000,512000000,190.1
2025-12-06 18:01:53.852,ce5458b5-8ba0-4d39-a550-fe10e90fabe2,3204.29,3379,89000000,512000000,173.95
2025-12-06 18:01:53.845,fc80f583-ba5a-490a-aabd-a5b121f3c303,3147.63,3357,90000000,512000000,209.05
2025-12-06 18:01:53.842,a1d3e3f3-d599-4697-881b-42e3f75c102c,3171.6,3355,90000000,512000000,182.64
2025-12-06 18:01:53.842,0b43965d-b11f-4cde-b2be-0e7a98d082d6,3211.08,3385,90000000,512000000,172.94
2025-12-06 18:01:53.842,fa8bf85d-72ed-4a73-84f8-d18635f285b5,3136.87,3334,89000000,512000000,196.76
2025-12-06 18:01:53.841,b5aa0a61-42e4-4123-93fc-a11b0911e754,3141.69,3314,89000000,512000000,171.79
2025-12-06 18:01:53.841,19870561-6ffd-43aa-80e4-9947d3707ac2,3182.83,3359,89000000,512000000,175.57
2025-12-06 18:01:53.835,8b418267-343f-4ce9-8354-9ed0482d3843,3143.3,3318,89000000,512000000,174.38
2025-12-06 18:01:53.835,23c28b7b-102b-40c5-9386-e4a0b274af07,3182.15,3354,90000000,512000000,170.87
2025-12-06 18:01:53.833,0d626abf-ca03-4022-b09a-f289d1656240,3121.83,3293,89000000,512000000,171
2025-12-06 18:01:53.831,2e0a14f2-4da4-440e-a838-239014a81a5f,3117.94,3310,91000000,512000000,191.81
2025-12-06 18:01:53.830,43d2bb2d-4934-4373-b9ec-bb0fac4b8756,3125.59,3288,89000000,512000000,161.93
2025-12-06 18:01:53.830,fb39cc9f-dbec-4944-88a0-1e28ed03e702,3088.32,3281,89000000,512000000,192.39
2025-12-06 18:01:53.829,25145a06-7e4d-49ec-9e25-7e9236f81431,3176.34,3352,90000000,512000000,175.06
2025-12-06 18:01:53.827,3110c173-a3bb-4d30-a92d-505639362bcd,3118.59,3315,89000000,512000000,196.24
2025-12-06 18:01:53.826,a04dafdc-99c7-4b84-991f-98b640dc610d,3036.74,3220,89000000,512000000,182.88
2025-12-06 18:01:53.826,ec63264d-a679-4db3-98d0-10b084a2cc00,3120.67,3303,90000000,512000000,181.69
2025-12-06 18:01:53.825,944173f1-823b-4613-9aaa-7e8ee296f5c2,3141.32,3310,89000000,512000000,168.61
2025-12-06 18:01:53.824,e717a73f-9381-40b6-8abb-624438a122d0,3170.8,3349,90000000,512000000,177.22
2025-12-06 18:01:53.822,8cfbbf1a-18a1-45f9-a7ec-eac0c688e930,3046.38,3228,89000000,512000000,180.71
2025-12-06 18:01:53.815,3b1b1e7a-2413-402f-afe5-bccbec20b09f,3133.78,3301,91000000,512000000,166.39
2025-12-06 18:01:53.812,6e9b9f0b-55e8-40c6-ab54-d454b90310ef,3142.49,3319,89000000,512000000,175.69
2025-12-06 18:01:53.812,ab603563-3758-4134-87f5-dbf294307b9e,3115.02,3310,89000000,512000000,193.99
2025-12-06 18:01:53.812,ffe3d89a-304b-443a-8875-b9202e5a4d61,3121.69,3297,91000000,512000000,174.79
2025-12-06 18:01:53.808,e0555fd7-eae1-498e-a31e-c1dc950a0395,3114.17,3316,90000000,512000000,201.59
2025-12-06 18:01:53.806,5fbf5b1c-39a6-43db-b4e0-f56893981336,3089.32,3282,89000000,512000000,192.63
2025-12-06 18:01:53.803,6cddaa19-029d-4b80-b0d1-6441da3b7582,3110.65,3285,89000000,512000000,174
2025-12-06 18:01:53.802,05407c2e-faed-4092-aa91-7b31cd3a4a43,3157.51,3328,89000000,512000000,169.94
2025-12-06 18:01:53.802,f19b4728-6b34-4046-ad2a-7df51e653aba,3116.25,3302,89000000,512000000,185.36
2025-12-06 18:01:53.801,5d4289ff-9cc5-4fba-96a9-3150a68e40a0,3129.21,3324,90000000,512000000,194.1
2025-12-06 18:01:53.798,f6740a46-f2b8-4127-a307-4dc0942c3288,3101.53,3291,89000000,512000000,189.13
2025-12-06 18:01:53.797,ba130d04-64c9-49fa-a7b5-3a6d55cda23a,3078.38,3251,90000000,512000000,172.4
2025-12-06 18:01:53.794,7667d4d9-1b23-4d2d-abe0-0dcac3d6c774,3096.38,3268,89000000,512000000,171.06
2025-12-06 18:01:53.788,a4b7e460-1872-4a8e-b44f-0b2434907131,3099.84,3275,89000000,512000000,174.5
2025-12-06 18:01:53.785,465a4af1-0b15-4d1b-bec3-1ce48e0128f9,3083.58,3283,89000000,512000000,198.46
2025-12-06 18:01:53.784,e8a80162-e7e1-4ef5-8d8a-dadbc2353e8f,3089.35,3276,90000000,512000000,186.54
2025-12-06 18:01:53.783,5e02772b-20da-4b37-ad6d-3b30697a8456,3052.1,3244,89000000,512000000,191.1
2025-12-06 18:01:53.783,bc94fdcd-3d6a-4d8b-acdb-4dd7edf4797d,3071.55,3241,89000000,512000000,169.16
2025-12-06 18:01:53.781,f0151520-8bc3-4f65-a7b2-07149ce8a6d2,3069.39,3246,89000000,512000000,175.67
2025-12-06 18:01:53.780,94c36315-1947-40c4-a944-7562593cdd8f,3112.78,3286,89000000,512000000,173.05
2025-12-06 18:01:53.780,b2aa1ca0-87dd-46e5-b948-fc8711ff8e6b,3114,3291,89000000,512000000,176.33
2025-12-06 18:01:53.779,b7e4d534-a052-4401-81a0-f3200f71b705,3094.34,3274,89000000,512000000,178.78
2025-12-06 18:01:53.777,28290fc3-cff3-4800-b785-1d4971071aff,3125.31,3306,89000000,512000000,180.24
2025-12-06 18:01:53.776,f2426405-cbfc-4203-8336-682ebee32a55,3062.78,3271,89000000,512000000,207.79
2025-12-06 18:01:53.775,33278286-785d-4755-a8b8-3259e2eb744b,3088.03,3259,89000000,512000000,170.29
2025-12-06 18:01:53.771,60ee7e87-cd85-4029-a14b-6887c23ead0a,3036.89,3217,89000000,512000000,179.12
2025-12-06 18:01:53.770,4a140409-5a98-488f-85a6-4de0a26b0a83,3584.61,3880,90000000,512000000,294.6
2025-12-06 18:01:53.769,b1b408a3-93be-4b94-89a3-c9bbdecbc531,3095.25,3259,89000000,512000000,163.02
2025-12-06 18:01:53.766,40699956-8f78-4552-9156-22b31dfc6eb0,3074.46,3247,89000000,512000000,172.53
2025-12-06 18:01:53.765,e1923d0a-4328-4304-b577-02388d8ac931,3051.5,3219,89000000,512000000,167.44
2025-12-06 18:01:53.765,1515d484-4a7d-4700-8806-3d34433ae053,3076.57,3249,89000000,512000000,171.69
2025-12-06 18:01:53.761,563fa2e1-fefa-4dfb-a567-009e2f37a61e,3076.29,3251,89000000,512000000,174
2025-12-06 18:01:53.758,9def8318-39b2-43fd-896e-2b93d6808629,3036.27,3210,89000000,512000000,172.93
2025-12-06 18:01:53.754,63eb8f00-5de4-40c7-923f-960a9dcb7432,3078.18,3252,89000000,512000000,173.38
2025-12-06 18:01:53.754,5d8e7e84-79ac-4699-a956-a20c96f29613,3079.32,3263,89000000,512000000,183.44
2025-12-06 18:01:53.751,fdb3193d-1711-4622-8596-ebb723acaccf,3055.19,3233,89000000,512000000,177.42
2025-12-06 18:01:53.751,ccfd9620-119f-491d-b441-90253bd92643,3015.8,3186,89000000,512000000,169.63
2025-12-06 18:01:53.751,eef58dc9-93a8-44ab-8b2f-13cd5eade4fe,3053.01,3230,89000000,512000000,176.19
2025-12-06 18:01:53.747,7e573106-8665-4d47-8629-336051d5cf2d,3067.17,3238,90000000,512000000,170.27
2025-12-06 18:01:53.743,6ee435ed-504f-41ae-962d-79247f0bab6e,3074.23,3257,89000000,512000000,182.63
2025-12-06 18:01:53.743,22ae1c30-cd52-43cd-a39e-4b1065e8e33d,3017.84,3201,89000000,512000000,182.46
2025-12-06 18:01:53.743,905053df-d50c-4eef-ab5f-41610dd946d7,3064.81,3237,90000000,512000000,171.26
2025-12-06 18:01:53.739,7bd415bd-70ab-4e4a-ac41-8e2a738a5798,3023.8,3194,89000000,512000000,169.75
2025-12-06 18:01:53.739,42545e76-a7e2-43d0-986b-6f4129c5f578,3121.99,3289,90000000,512000000,166.27
2025-12-06 18:01:53.738,96659a8c-49db-4791-ad24-1b9763582bea,3055.95,3220,89000000,512000000,163.77
2025-12-06 18:01:53.736,7e287689-6647-495e-9a65-df87f00f3b45,3073.01,3244,89000000,512000000,170.46
2025-12-06 18:01:53.731,283032e5-2cfc-4108-8e60-1a1789da89b2,3011.42,3185,89000000,512000000,172.97
2025-12-06 18:01:53.729,3b0cdd78-b175-4b12-a802-0aa0aa2195eb,3569.33,3841,90000000,512000000,271.56
2025-12-06 18:01:53.728,a8c10151-d0f4-4a50-83cc-44d60a356c46,3032.24,3207,89000000,512000000,174.41
2025-12-06 18:01:53.728,c3f6d5a1-936f-47ee-b0ed-44ae0448e356,2991.96,3180,90000000,512000000,187.77
2025-12-06 18:01:53.725,787b3a6b-7e62-4daa-8e30-598ddd4b33a7,3014.35,3180,90000000,512000000,165.21
2025-12-06 18:01:53.725,00184e49-8464-40af-b8cb-167152bf91e8,3034.64,3209,89000000,512000000,174.31
2025-12-06 18:01:53.725,3c995b7d-025b-4337-8245-857822a2eddd,3066.36,3240,89000000,512000000,172.86
2025-12-06 18:01:53.720,d6798f80-793a-475a-ba78-7b599e1847e3,3043.24,3215,89000000,512000000,170.78
2025-12-06 18:01:53.717,347817b9-aa92-4f8e-9e60-593853a5c7de,3024.96,3205,89000000,512000000,179.24
2025-12-06 18:01:53.713,f7254b95-f560-443d-97fb-d55d38816439,3010.53,3179,89000000,512000000,168.33
2025-12-06 18:01:53.711,1c2e1018-7310-4587-b4ed-aa7a58d82bb7,3017.35,3195,89000000,512000000,176.72
2025-12-06 18:01:53.708,8bdad7b2-4a35-42f9-b231-1f14b7acfdfb,3003.51,3176,89000000,512000000,172.22
2025-12-06 18:01:53.703,7360f51b-7e58-422f-bb03-c30cff75f96b,3025.12,3193,91000000,512000000,167.65
2025-12-06 18:01:53.696,d535e343-e0ac-4020-9ed8-10787e2168af,3018.7,3186,89000000,512000000,166.85
2025-12-06 18:01:53.693,ce912e73-1781-4d08-a91e-a55f220d9445,3050.5,3219,89000000,512000000,167.93
2025-12-06 18:01:53.687,6d57aa1e-d227-4be9-82d3-715a45c2b3d8,2953.91,3169,89000000,512000000,214.36
2025-12-06 18:01:53.687,f0b3112d-4ae7-43d9-9fcc-d8be8438db28,3012.42,3175,89000000,512000000,162.06
2025-12-06 18:01:53.679,282e3202-c05a-45c4-8b4d-533850028dca,2996.36,3170,90000000,512000000,173.24
2025-12-06 18:01:53.671,47fdb6f3-dacc-43be-8e20-4423c0b5e8fb,3016.5,3184,89000000,512000000,166.65
2025-12-06 18:01:53.653,e9ae4dca-14f4-4652-8e76-20305ab80aaa,2992.65,3159,89000000,512000000,165.87
2025-12-06 18:01:53.643,4fa6a49b-f860-43b7-a94b-a4b9b5603d18,2937.93,3135,90000000,512000000,196.26
2025-12-06 18:01:53.628,3340cc17-b4d3-4f7b-b732-747da2e5727f,2976.3,3146,89000000,512000000,169.21
2025-12-06 18:01:53.624,6e063776-3a0b-46e9-a703-79d81f3c6e85,2954.84,3120,89000000,512000000,165.07
2025-12-06 18:01:53.620,131cbf30-c9a3-4458-903d-9491a06501bf,3601.6,3781,89000000,512000000,178.93
2025-12-06 18:01:53.617,8eac1259-9c1a-4ba2-a2f5-4b84628eac12,3539.52,3768,90000000,512000000,228.35
2025-12-06 18:01:53.593,a5d1d59b-c144-4ce1-a829-09efeedc5ada,3435.78,3670,89000000,512000000,234.18
2025-12-06 18:01:53.579,5f483146-fd66-4014-8c53-0f63ac3e5831,2914.41,3075,90000000,512000000,159.82
2025-12-06 18:01:53.568,42c6f2a9-6ea7-474f-9a5d-25406178d26c,2804.88,3039,90000000,512000000,233.91
2025-12-06 18:01:53.566,1c9f96ca-d34c-418d-a450-f00742f5f135,3538.66,3723,90000000,512000000,184.06
2025-12-06 18:01:53.545,b2c47f4e-88c8-4e77-a6cb-f01ccb3fa8ce,2745.04,2966,91000000,512000000,220.44
2025-12-06 18:01:53.544,45eb1620-96c8-49ae-af68-72c8a97bf45f,3472.27,3694,89000000,512000000,221.4
2025-12-06 18:01:53.542,ec86c717-1ee1-46fc-903f-8f8f3d7b9f16,2830.1,3014,91000000,512000000,183.12
2025-12-06 18:01:53.541,a7c68941-a648-41b1-8f9a-f01479e93f6b,3512.81,3688,89000000,512000000,174.66
2025-12-06 18:01:53.526,52ae3029-2d78-4f4d-9996-460a2be6d9b7,2912.21,3056,89000000,512000000,143.73
2025-12-06 18:01:53.505,58cf64a4-784c-45df-8b12-8ae5c2ce7bf0,3493.46,3672,90000000,512000000,177.87
2025-12-06 18:01:53.501,d004f967-feb4-4643-a760-c8bae71e2466,3394.62,3609,89000000,512000000,213.77
2025-12-06 18:01:53.494,d0a613bc-e07b-4f4b-8aee-2fda2e8d6417,2823.07,2987,89000000,512000000,163.35
2025-12-06 18:01:53.491,f10ac196-d7b1-485e-add0-28854fce0fa9,2761.85,2916,90000000,512000000,153.66
2025-12-06 18:01:53.479,5ba9604a-15d6-4dae-89fc-3289e5e8b450,3443.08,3631,89000000,512000000,187.35
2025-12-06 18:01:53.471,8870c7d9-4cc7-480a-be33-6f73d6f0a848,3318.72,3570,89000000,512000000,251.06
2025-12-06 18:01:53.454,862d42fd-2d28-4a1b-8fea-f4fdd68e69ea,3379.64,3584,89000000,512000000,203.91
2025-12-06 18:01:53.450,ed0a1d3d-0d9a-4879-b2dd-299545c1a86c,3350.61,3555,89000000,512000000,203.62
2025-12-06 18:01:53.442,5ec24c93-5cdb-4838-9a41-46f44f48204b,3335.5,3552,89000000,512000000,215.91
2025-12-06 18:01:53.438,5604d07d-9c9e-4d8e-a2b9-30ea3bb31065,3396.13,3592,89000000,512000000,195.28
2025-12-06 18:01:53.424,3ac55a8a-611b-460a-95d6-9c09b545a2e7,3376.01,3563,89000000,512000000,186.81
2025-12-06 18:01:53.420,8bf890fb-73fb-4421-bd9c-087f4cc5068b,3266.36,3493,89000000,512000000,225.85
2025-12-06 18:01:53.416,3581435a-1225-447c-ab1a-c49abb7426d0,3319.24,3518,89000000,512000000,198.24
2025-12-06 18:01:53.402,d8bd2e9b-20f4-4aa7-9611-b9a474fe5d37,3323.31,3496,90000000,512000000,172.6
2025-12-06 18:01:53.401,0e6ed596-cbc8-4aca-89b5-dadc497537cc,3348.95,3535,90000000,512000000,185.79
2025-12-06 18:01:53.400,a52d42da-b7bf-49a9-aff8-535535876626,3253.51,3426,89000000,512000000,172.45
2025-12-06 18:01:53.397,8748d0f3-e0b2-404c-995e-1e39225871b1,3290.98,3482,89000000,512000000,190.7
2025-12-06 18:01:53.393,36e5895a-bb03-4f25-a1c4-99c14aef8207,3342.51,3532,89000000,512000000,188.88
2025-12-06 18:01:53.386,b3e89db3-e002-4a86-b6b4-6538d378c916,3304.39,3474,91000000,512000000,169.14
2025-12-06 18:01:53.384,b2f5d626-f212-4804-b066-72dbb3981ec2,3349.15,3535,89000000,512000000,185.19
2025-12-06 18:01:53.379,d4850c1f-80b1-4fa7-88c0-5053aff1d6be,3305.59,3498,89000000,512000000,191.87
2025-12-06 18:01:53.374,12615662-dce7-4110-ad38-6d110d4a5f86,3345.95,3551,90000000,512000000,204.4
2025-12-06 18:01:53.373,136ac592-d2f0-4dce-be3a-e6cb223e571f,2743.51,2900,89000000,512000000,155.89
2025-12-06 18:01:53.370,5cf2d242-30c7-417c-8aac-05c8cadc4e45,3263.56,3442,89000000,512000000,178.12
2025-12-06 18:01:53.365,0ef93454-bbf6-4889-bab7-ec963d9ab72d,2661.78,2818,89000000,512000000,156.09
2025-12-06 18:01:53.362,f54c975f-5b3e-45f2-b623-b9679eeb9f65,3344.29,3521,89000000,512000000,175.94
2025-12-06 18:01:53.353,62dfd2de-0591-4302-9a69-57ab16a6e31d,3234.46,3433,91000000,512000000,197.57
2025-12-06 18:01:53.349,3524e36a-80c4-41fd-9ef4-6c96939695f2,3240.69,3489,90000000,512000000,247.46
2025-12-06 18:01:53.345,2dba61b4-be27-4473-8066-06da2a171dbc,3325.21,3510,89000000,512000000,184.71
2025-12-06 18:01:53.338,19130a4f-5943-4887-a65f-bd67016e1ee3,3294.89,3483,89000000,512000000,188.1
2025-12-06 18:01:53.338,f0752fd9-82bd-49df-8106-28c27258a6ca,3260.89,3458,89000000,512000000,196.38
2025-12-06 18:01:53.333,c851697a-3e02-41f4-be08-61fd94156308,3220.85,3423,89000000,512000000,201.18
2025-12-06 18:01:53.329,9541b7a2-c3a9-4854-ba10-ba41f3358908,3235.68,3416,89000000,512000000,179.85
2025-12-06 18:01:53.328,5e00533a-67e8-446d-874f-ce36fbf96287,3276.01,3454,91000000,512000000,177.34
2025-12-06 18:01:53.326,c61eaec5-89b7-4a7d-97eb-e7bf6fa5e66e,3262.86,3481,91000000,512000000,217.96
2025-12-06 18:01:53.320,7610e9f5-a92c-43ff-b983-4e1373cc411a,3202.43,3404,89000000,512000000,201.2
2025-12-06 18:01:53.318,324942d3-bbba-4170-805d-a58f8db2d6be,3197,3408,90000000,512000000,210.11
2025-12-06 18:01:53.317,287a6947-dcad-4281-87dd-6d5f2921302a,3255.6,3458,89000000,512000000,202.37
2025-12-06 18:01:53.311,c0140ebe-2af5-4d5b-b3c3-d575387ee412,3291.74,3474,89000000,512000000,181.7
2025-12-06 18:01:53.301,e30a93c5-1a71-4d90-a8e4-b866a5a24888,2652.79,2799,89000000,512000000,146.03
2025-12-06 18:01:53.295,06f8b9a9-011b-4f5a-ba8b-f273e955c3f1,3241.85,3437,90000000,512000000,194.89
2025-12-06 18:01:53.293,6d26d0b0-62fb-4358-90a4-978f3106c97b,3282.45,3470,90000000,512000000,186.62
2025-12-06 18:01:53.289,194010f3-1de9-492f-aae4-8c8681bc72ec,3204.68,3444,89000000,512000000,239.27
2025-12-06 18:01:53.286,8fdbcddd-1d6d-4cac-9027-754bf21bea85,3224.89,3447,89000000,512000000,221.47
2025-12-06 18:01:53.286,a47237b9-eb1c-4cf9-b412-bdc008c2286a,3252.28,3440,89000000,512000000,186.72
2025-12-06 18:01:53.283,07dd5fc1-0e36-4514-b83d-2b2f046cba43,3248.31,3429,89000000,512000000,179.87
2025-12-06 18:01:53.282,6902d072-c9fd-4a6e-8a11-f0c7e5c886ca,3228.72,3433,91000000,512000000,204.04
2025-12-06 18:01:53.262,92e17b8e-5a09-4aa0-be4e-e83ec213a36f,3097.59,3273,89000000,512000000,175.31
2025-12-06 18:01:53.262,7e58dab6-eabe-4e40-a8ad-42d194e932a2,3170.33,3344,89000000,512000000,173.37
2025-12-06 18:01:53.261,c5f8d75e-fcf7-4c1d-957f-ad2c49c9bec1,3161.61,3391,90000000,512000000,228.48
2025-12-06 18:01:53.256,06581156-984e-4d54-b8dd-f2c6f63b1ea7,2571.09,2752,89000000,512000000,179.97
2025-12-06 18:01:53.255,17616a0a-f740-4cfc-b44f-b4da732dcaf7,3143.02,3335,89000000,512000000,191.38
2025-12-06 18:01:53.254,c0768ff8-b42e-464e-b0b3-d98f8d9484f8,3190.12,3365,89000000,512000000,174.82
2025-12-06 18:01:53.251,cd98ef5c-fd02-4459-83a9-a45628ee98d6,3209.84,3384,89000000,512000000,173.78
2025-12-06 18:01:53.249,58876db2-b2c6-4138-87a6-5a080829a28e,3169,3340,89000000,512000000,170.45
2025-12-06 18:01:53.247,20d49cdd-e414-4a27-a9e9-21370eced902,3224.15,3403,89000000,512000000,178.83
2025-12-06 18:01:53.245,b6a59413-8c95-49c9-b1dc-b74b76e28eae,3221.09,3403,89000000,512000000,180.95
2025-12-06 18:01:53.241,4411857b-9cef-45ea-9743-430ca1dccc64,3134.19,3333,89000000,512000000,198.04
2025-12-06 18:01:53.233,83d40621-9dfe-4973-9ee8-95377ac18e4f,3196.13,3388,90000000,512000000,191.35
2025-12-06 18:01:53.231,c6106ac8-263f-4490-b5b5-a5170ddc2694,3168.78,3375,89000000,512000000,205.84
2025-12-06 18:01:53.226,0f2d8b02-5064-4401-9983-95d6afda6161,3131.01,3314,89000000,512000000,182.68
2025-12-06 18:01:53.223,a8ecf2f6-218b-4d55-9c47-e10d7d8455dc,3210.82,3385,89000000,512000000,173.94
2025-12-06 18:01:53.220,423d60bf-0b02-481d-8d24-7a62b5f5209c,3196.05,3376,89000000,512000000,179.88
2025-12-06 18:01:53.218,4f25722d-8f72-497b-8b84-b271b8da0a6a,2590.15,2737,90000000,512000000,146.55
2025-12-06 18:01:53.217,c6917af8-2fee-46d1-ab8a-eedef6a34eb2,3154.2,3330,91000000,512000000,175.3
2025-12-06 18:01:53.216,b23fba9f-a816-4a75-ae0a-3e91fd00ffb2,3183.65,3381,90000000,512000000,196.88
2025-12-06 18:01:53.213,dff90b23-cd31-4152-a07d-521404e6576a,2522.4,2662,89000000,512000000,138.61
2025-12-06 18:01:53.212,a21dfb30-037f-4e88-aeef-5ac3c404fe2e,3209.16,3379,89000000,512000000,169.5
2025-12-06 18:01:53.205,43470cc5-4b96-40db-844f-903893e06d25,3116.2,3296,89000000,512000000,179.46
2025-12-06 18:01:53.201,ec0e7c6a-54d2-4337-8feb-13594eefe73f,3147.07,3320,89000000,512000000,172.1
2025-12-06 18:01:53.197,a188e890-ddb7-4704-97c9-56d3e5d9b011,3123.5,3298,90000000,512000000,174.05
2025-12-06 18:01:53.197,f27be014-77fd-40f8-9155-a2959aaf0123,3160.83,3361,89000000,512000000,200.13
2025-12-06 18:01:53.197,324a68c5-87fe-45db-96b1-fc3ff914a109,3118.33,3330,89000000,512000000,211.4
2025-12-06 18:01:53.196,f4a9d9eb-0c60-4a8d-80aa-4f619d335844,3134.89,3312,90000000,512000000,176.84
2025-12-06 18:01:53.176,749d9799-80bf-45aa-8cd2-e1d731f8cac6,3158.09,3336,89000000,512000000,177.42
2025-12-06 18:01:53.172,a48ef876-5281-4356-9053-ede72e760eed,3162.23,3331,91000000,512000000,167.88
2025-12-06 18:01:53.166,3bda1f50-08ac-4976-80be-56220783e5da,3101.46,3278,89000000,512000000,175.58
2025-12-06 18:01:53.164,7e6269c1-8eae-4b4f-ae5f-1b05d3026dc9,3155.51,3345,89000000,512000000,189.32
2025-12-06 18:01:53.164,55be3ab0-4692-45be-a619-673ca4ca0555,3118.94,3286,89000000,512000000,166.23
2025-12-06 18:01:53.163,4c3c20bf-06f0-4962-8db4-8dc9060c1223,3119.19,3289,91000000,512000000,168.99
2025-12-06 18:01:53.161,27d29c7e-f222-4a7c-8d9d-ba2208e47361,3149.09,3322,89000000,512000000,172.89
2025-12-06 18:01:53.160,19e48d9c-84e1-47cc-93da-aa54e72959f2,3143.74,3318,90000000,512000000,173.81
2025-12-06 18:01:53.158,51a338f1-2391-437a-abe4-47a87fc79e18,2995.49,3180,89000000,512000000,184.42
2025-12-06 18:01:53.157,c48be935-5976-43ce-a378-cc134d580376,3102.4,3276,89000000,512000000,172.78
2025-12-06 18:01:53.155,20bf2d8d-e7c7-4c40-a7ca-75310ac2f93e,3111.42,3278,89000000,512000000,166.5
2025-12-06 18:01:53.155,4efd9859-0dab-4dca-b398-36c9d13d15f7,3150.79,3323,89000000,512000000,171.5
2025-12-06 18:01:53.153,7d29c1b9-6601-4b23-a20b-5fa4d3f30df0,3103.24,3278,89000000,512000000,174.48
2025-12-06 18:01:53.149,ab2c34ec-6009-43be-bdd3-10bcc20dfc0c,3126.85,3299,89000000,512000000,171.73
2025-12-06 18:01:53.145,2b0c4980-dbf6-40fb-b6fb-f1a15e5901a2,3064.45,3247,89000000,512000000,181.86
2025-12-06 18:01:53.143,ed0739ef-cb4e-47a2-aba1-a2675969122f,3120.18,3289,89000000,512000000,168.69
2025-12-06 18:01:53.142,742d4756-3879-43ea-88ff-84ca67c7c1d3,3085.48,3269,89000000,512000000,183.11
2025-12-06 18:01:53.141,6300baf9-3ad0-435d-a008-bf6e04101e84,3128.63,3311,90000000,512000000,181.82
2025-12-06 18:01:53.141,f7cce751-0f2d-480c-92ac-da503ebaead8,3057.11,3229,89000000,512000000,171.63
2025-12-06 18:01:53.140,01aa6ec3-f5d8-47bb-ab5c-945ea3f7705b,3094.16,3283,89000000,512000000,188.35
2025-12-06 18:01:53.133,e5f69dc8-ce58-45d1-acd2-7f2e974e545d,3109.76,3290,89000000,512000000,179.32
2025-12-06 18:01:53.128,2c6aa4e2-51d4-449b-a987-78fa7bdb7d45,3083.14,3273,89000000,512000000,189.38
2025-12-06 18:01:53.125,2c0139c2-e242-4c74-8080-5d76ccad379e,3055.8,3234,89000000,512000000,177.85
2025-12-06 18:01:53.122,3c4b4683-8d4d-4a54-a89f-4c70086afc1a,3109.19,3280,89000000,512000000,170.77
2025-12-06 18:01:53.121,276e62fc-c6c3-4188-bdf4-7215b56e3b46,3077.58,3245,90000000,512000000,166.78
2025-12-06 18:01:53.119,e79d118e-b7bc-4666-996c-645a788efdfa,3047.32,3209,89000000,512000000,161.49
2025-12-06 18:01:53.119,6fe7f31f-8db2-4270-acf2-e7c98924fba1,3088.1,3268,89000000,512000000,179.67
2025-12-06 18:01:53.118,124a7586-e24e-42c7-b950-27e85caaf21d,3097.59,3279,90000000,512000000,180.89
2025-12-06 18:01:53.117,90c1b0d0-5614-48b9-9066-8c89fe3cdabe,3070.7,3238,89000000,512000000,166.95
2025-12-06 18:01:53.113,ac999bea-6423-450e-a68e-cc1787123651,3109.66,3280,90000000,512000000,169.85
2025-12-06 18:01:53.108,49ba0e0b-4313-49b9-a2c7-aa3f4e22d2a0,3109.23,3277,89000000,512000000,167.2
2025-12-06 18:01:53.106,3f9ffe21-fe40-4ac6-95dc-664667f089b1,3090.2,3266,89000000,512000000,175.12
2025-12-06 18:01:53.106,bc17a222-c18f-45dc-ba6f-04f8c868027a,3035.83,3206,89000000,512000000,169.76
2025-12-06 18:01:53.095,bc0c1326-9040-4746-9a28-eec01ad3bd54,3078.75,3254,89000000,512000000,174.65
2025-12-06 18:01:53.092,34be4037-596f-470d-97a0-dbec40bdccb4,3082.94,3260,89000000,512000000,176.67
2025-12-06 18:01:53.087,b5279e47-fb28-400f-98f7-3c8c74c2acbd,3075.59,3251,90000000,512000000,175.11
2025-12-06 18:01:53.078,f5aee5e7-7e44-455f-ab43-ca7a6a1d3567,3062.86,3237,89000000,512000000,173.72
2025-12-06 18:01:53.074,c86683ef-6cb5-4268-9843-8cbc9130ea27,3036.97,3221,89000000,512000000,183.08
2025-12-06 18:01:53.071,283e3567-1047-4fe5-9fda-1a2daf3a1b6f,3047.15,3229,89000000,512000000,181.08
2025-12-06 18:01:53.063,5f6e040b-4efe-4794-ba36-fef38d96259e,3046.58,3217,89000000,512000000,169.59
2025-12-06 18:01:53.060,bf84605d-526d-45be-a756-ad495fe22d3e,3049.22,3221,89000000,512000000,171.07
2025-12-06 18:01:53.054,26f0562b-a799-42a5-b676-d7cccc3dde41,3004.71,3178,89000000,512000000,172.86
2025-12-06 18:01:53.048,4436dcaa-557f-49f1-85e6-8402cb5da12f,3037.53,3208,91000000,512000000,170.02
2025-12-06 18:01:53.041,994dd480-7a00-4682-ab76-6f95e505baac,3024.85,3208,89000000,512000000,182.59
2025-12-06 18:01:53.039,f1b97549-72e0-4761-8ce5-24a0cba4184f,3028.58,3196,89000000,512000000,167.38
2025-12-06 18:01:53.037,119083e3-b862-43dd-a722-f02f0de08654,3062.52,3211,91000000,512000000,147.85
2025-12-06 18:01:53.036,8d5fd391-b7c6-4b6a-8542-bd9f6327a466,3020.17,3195,90000000,512000000,174
2025-12-06 18:01:53.035,2856bce7-e5b4-4a01-af20-77293e9e356c,3042.78,3218,89000000,512000000,174.34
2025-12-06 18:01:53.029,2ac55cf2-b209-4500-a41f-1627b11fce86,3017.21,3199,89000000,512000000,181.31
2025-12-06 18:01:53.019,f3754b6e-9157-4151-a28f-29b568fe123a,2945.04,3117,89000000,512000000,171.28
2025-12-06 18:01:53.012,5d645b9c-a4d0-4b8d-af64-dfaf291f893b,3029.34,3198,89000000,512000000,168.51
2025-12-06 18:01:53.009,af13e143-cd7f-47de-aedb-21236a696569,3016.36,3187,89000000,512000000,170.38
2025-12-06 18:01:52.932,b1c7ae15-061e-4592-89d1-b542e3b53e69,2886.58,3052,90000000,512000000,165.38
2025-12-06 18:01:52.891,50c620d6-139f-4042-ac83-7686d365d744,2189.95,2374,90000000,512000000,183.76
2025-12-06 18:01:52.849,0954cfea-51e5-491b-9767-5ea33eec822e,2721.71,2923,91000000,512000000,200.52
2025-12-06 18:01:52.842,d6890dd2-4de4-420e-b514-5fd5eeae094b,2115.13,2293,91000000,512000000,177.23
2025-12-06 18:01:52.828,980319d0-f806-4290-bf8b-77b948272e32,2844.25,2994,91000000,512000000,149.52
2025-12-06 18:01:52.823,9a080961-b6e8-4876-ba2a-19ac4b583440,2801.83,2947,93000000,512000000,145.06
2025-12-06 18:01:52.823,104a66e9-6f3f-4e51-a0a9-7ec4c8105767,2136.18,2331,89000000,512000000,194.79
2025-12-06 18:01:52.822,ddcfffd3-8f4b-499c-9314-2028e70073e9,2104.62,2276,89000000,512000000,171.12
2025-12-06 18:01:52.810,c3c4fa90-1def-47ac-9ab3-9fd0079f9c85,2100.03,2288,89000000,512000000,187.48
2025-12-06 18:01:52.797,d8e95b08-9830-4f03-a29e-201fbda0a1e9,2787.93,2957,89000000,512000000,168.41
2025-12-06 18:01:52.791,1949706c-2057-46d3-821b-32b66dce05b3,2756.49,2917,89000000,512000000,160.1
2025-12-06 18:01:52.787,4525fd85-2ded-4655-8acf-b5543260b944,2815.93,2962,89000000,512000000,145.61
2025-12-06 18:01:52.777,bbd774e9-b544-49d0-9901-ae06bd91e0ce,2056.51,2244,90000000,512000000,187.28
2025-12-06 18:01:52.755,f7b93e32-93be-46fc-8f8b-f17d2cfd9ba4,2751.95,2912,90000000,512000000,159.88
2025-12-06 18:01:52.711,bace33ed-e80f-48a8-9974-5d5a8aadadc5,2007.32,2175,90000000,512000000,166.92
2025-12-06 18:01:52.710,6b1b3f4a-aa6e-48e3-80d4-7d886660516f,2026.32,2193,90000000,512000000,166.24
2025-12-06 18:01:52.666,167e528b-bb69-44f3-8b4e-3da31356e059,2014.82,2189,90000000,512000000,173.62
2025-12-06 18:01:52.663,25bb35d1-8945-4222-8435-de65d57d9275,2659.01,2814,89000000,512000000,154.59
2025-12-06 18:01:52.658,10fee078-5bc8-4eca-b7b1-e33f4bebd629,2010.9,2175,92000000,512000000,163.44
2025-12-06 18:01:52.655,43b0bbc5-fa54-40d6-b8bd-55599e6bec1d,2642.51,2790,91000000,512000000,147.22
2025-12-06 18:01:52.644,95bbbf73-8065-4fb4-8fe1-b3f5b10ee28a,2019.79,2180,89000000,512000000,159.42
2025-12-06 18:01:52.639,6be77bb3-092c-416f-9df4-cd73ea785a7b,1977.04,2150,91000000,512000000,172.87
2025-12-06 18:01:52.637,8941379f-70b2-480f-b1a1-b8e0edea2a63,2645.42,2797,89000000,512000000,150.99
2025-12-06 18:01:52.204,45ccc7ff-fc74-4ab0-a296-9749cd155bc6,2132.63,2316,89000000,512000000,183.12
2025-12-06 18:01:52.156,035d63bf-0100-436f-b35f-de122df4ba1a,2133.44,2318,89000000,512000000,183.88
2025-12-06 18:01:52.087,53d513c8-f211-4ec4-aef2-05b399b12606,2095.24,2254,90000000,512000000,157.91
2025-12-06 18:01:52.075,38e8023f-c610-4439-bf8a-352ffb9dc913,2057.01,2230,89000000,512000000,172.64
2025-12-06 18:01:52.059,f311b945-f8dc-4bb4-9279-428bc51b07ce,2051.04,2202,90000000,512000000,150.2
2025-12-06 18:01:52.032,e7e816c0-f9e0-4e08-bba2-4bc867eb8abd,2027.24,2188,89000000,512000000,160.64
2025-12-06 18:01:51.958,ac6699c2-e701-44b1-8c21-9edb353c3929,1972.76,2125,89000000,512000000,151.94
2025-12-06 11:32:15.123,942162dd-fa09-4546-96db-e0c66583d7f5,2949.12,2950,105000000,512000000,
2025-12-06 11:32:15.113,cc0e9eb8-02d9-41ec-be05-66751ee05788,2911.51,2912,105000000,512000000,
2025-12-06 11:32:14.287,031ff141-795b-435b-8413-53906b940c70,1875.07,1876,100000000,512000000,
2025-12-06 11:32:13.359,2b676410-8294-47bd-a0d9-5e711e2a441d,3017.2,3018,100000000,512000000,
2025-12-06 11:32:12.707,d6a385a5-71f7-4e68-ba80-fb6cb2b94845,2758.17,2759,105000000,512000000,
2025-12-06 11:32:12.342,12eb9f34-90e5-4774-a78e-f665349ff269,2007.7,2008,97000000,512000000,
2025-12-06 11:32:12.299,a0bd65c9-8c69-4c7c-9a43-4be4fcbc2369,3123.03,3124,99000000,512000000,
2025-12-06 11:32:12.099,a13cb78b-2cee-463f-a28a-3c04f2b26a49,3021.06,3022,99000000,512000000,
2025-12-06 11:32:12.089,ddce65c9-4b37-494d-8f43-d4ca7e7b9800,2986.1,2987,100000000,512000000,
2025-12-06 11:32:12.079,6eca1f09-dcee-4d14-a5f9-ab67ce6dc167,2992.07,2993,99000000,512000000,
2025-12-06 11:32:12.061,81283ad6-6223-41a3-b781-c6f632d1573e,3013.32,3014,99000000,512000000,
2025-12-06 11:32:12.028,d6d6ad05-5bae-4c16-829e-4be6379d8e07,2984.8,2985,100000000,512000000,
2025-12-06 11:32:12.006,2dbd5aae-4467-4009-86a2-07ba6841113f,2929.75,2930,100000000,512000000,
2025-12-06 11:32:11.967,70c7567c-dff2-4457-986f-a1401b952ef9,2921.18,2922,100000000,512000000,
2025-12-06 11:32:11.922,75593f84-5671-482c-b91d-8f323d16e2d3,2881.99,2882,99000000,512000000,
2025-12-06 11:32:11.435,005bf9ba-629c-4fd5-ae13-02ec50ffa9d2,3343.94,3344,97000000,512000000,
2025-12-06 11:32:11.328,7afce044-8ac7-460d-91e8-5f16ba3856ca,2844.59,2845,99000000,512000000,
2025-12-06 11:32:11.086,17bc2276-e736-4ee2-9e39-21bc39d96451,1909.52,1910,97000000,512000000,
2025-12-06 11:32:11.062,f63b346c-129f-4d90-962c-053c5f84315d,1972.86,1973,97000000,512000000,
2025-12-06 11:32:11.000,847fd9e3-269c-41a1-b5f9-8ccda54c5eb7,2535.77,2536,105000000,512000000,
2025-12-06 11:32:10.865,b98f9dc5-bc0f-4a8d-a986-32b99e10f9bd,2658.41,2659,105000000,512000000,
2025-12-06 11:32:10.823,9b1947fc-4e7c-405a-a97d-73beed651e32,2344.09,2345,89000000,512000000,
2025-12-06 11:32:10.788,2ab82f0e-e5ec-437e-9d69-2957afe14252,2711.06,2712,101000000,512000000,
2025-12-06 11:32:10.779,de1ca0ab-98aa-4dc1-8f2d-e57484f35062,3237.24,3238,97000000,512000000,
2025-12-06 11:32:10.701,04b12594-c3cd-434d-8117-6b25efffb4d4,3399.59,3400,97000000,512000000,
2025-12-06 11:32:10.664,632c6649-ced1-4ebd-ba6d-c3819bb6e1bd,3371.6,3372,97000000,512000000,
2025-12-06 11:32:10.610,42524326-e66e-496b-bc5d-121525f2a137,2253.63,2254,92000000,512000000,
2025-12-06 11:32:10.598,538197c3-3df8-4bc1-85f6-3772e08ff98d,3301.39,3302,97000000,512000000,
2025-12-06 11:32:10.567,23fbaf7e-4f27-4fa9-ab2c-15fb288ce55c,3279.43,3280,97000000,512000000,
2025-12-06 11:32:10.460,36a45f97-52a6-4d2d-b377-e7af3604cafd,3172.97,3173,97000000,512000000,
2025-12-06 11:32:10.452,37d4c52b-8d80-4df7-ae0c-708927b47f1e,3233.3,3234,97000000,512000000,
2025-12-06 11:32:10.446,f34d657b-d364-4954-814d-ec030ae8aa4a,3145.74,3146,97000000,512000000,
2025-12-06 11:32:10.441,5d63edc8-0212-42ee-b73d-c32f09f9be5e,2137.55,2138,89000000,512000000,
2025-12-06 11:32:10.438,0ba52f21-734a-4fec-ba23-74126a703fdd,3151.25,3152,97000000,512000000,
2025-12-06 11:32:10.397,e3da3bd2-f851-4c89-a3c9-04599de4e333,2927.83,2928,99000000,512000000,
2025-12-06 11:32:10.396,51e55d53-9192-4e63-ac39-66ee1244473b,2861.66,2862,99000000,512000000,
2025-12-06 11:32:10.352,47d2e9cc-6c52-4bdb-be59-3e5c8c680231,3150.1,3151,97000000,512000000,
2025-12-06 11:32:10.339,2aa50f8f-20fe-421d-8136-fd30c090f369,3049.7,3050,97000000,512000000,
2025-12-06 11:32:10.301,8b785010-56fd-4ef8-a867-22bcf81aef0e,2197.66,2198,92000000,512000000,
2025-12-06 11:32:10.296,c88ce6e7-c971-4454-82de-38fe7ee301ac,3239.36,3240,97000000,512000000,
2025-12-06 11:32:10.290,2858ba33-4909-4777-8630-c3f7ec5032ac,3057.67,3058,97000000,512000000,
2025-12-06 11:32:10.231,1e5fd977-7d65-483c-942f-3337966af5b8,3126.36,3127,98000000,512000000,
2025-12-06 11:32:10.192,cf8e44fa-2e20-498e-baa3-78c360b30f03,2895.77,2896,97000000,512000000,
2025-12-06 11:32:10.159,ac6a0805-15fe-40de-970e-419c95e8d31d,3098.14,3099,97000000,512000000,
2025-12-06 11:32:10.146,3e150774-9e73-48fc-b655-be64d68d52a1,2649.45,2650,100000000,512000000,
2025-12-06 11:32:10.092,22135bd9-9b84-4030-8724-cea1b5c214f7,3154.33,3155,97000000,512000000,
2025-12-06 11:32:10.060,c5e0ab5e-f512-4e34-bb3d-29b1dd792b0c,2753.26,2754,100000000,512000000,
2025-12-06 11:32:10.032,4a5292cf-d9b9-4707-a709-399cc7c404a8,2734.99,2735,100000000,512000000,
2025-12-06 11:32:09.996,9ac9b35e-0224-4799-a94e-42d8e0828148,2668.09,2669,100000000,512000000,
2025-12-06 11:32:09.976,f077bfd4-ec24-48d9-bc24-360119c690fc,2690.08,2691,100000000,512000000,
2025-12-06 11:32:09.970,738fa9f1-898a-4622-a117-0e6370d3f77c,2986.68,2987,97000000,512000000,
2025-12-06 11:32:09.944,cc6402ab-73f2-43e3-9dbd-31a46cc6c003,2643.86,2644,99000000,512000000,
2025-12-06 11:32:09.942,fb83d159-87a3-41f6-b12e-6162d718effb,2647.55,2648,101000000,512000000,
2025-12-06 11:32:09.933,02e46b64-d915-4c4d-96d1-d7994f3f4114,2635.3,2636,101000000,512000000,
2025-12-06 11:32:09.912,3b8f428b-4ea5-477a-a844-e6c17c88b059,2611.91,2612,100000000,512000000,
2025-12-06 11:32:09.896,f952adfc-c1a2-44b7-949d-3c0bc6a682d2,3136.53,3137,97000000,512000000,
2025-12-06 11:32:09.882,ad5129fc-774c-4879-be12-3eadffed98d7,2585.58,2586,101000000,512000000,
2025-12-06 11:32:09.882,318b9f10-65bb-48c9-9e63-3ed83f474df0,2596.81,2597,100000000,512000000,
2025-12-06 11:32:09.873,0b6ee325-6eb0-40cb-aff1-5670e19770ce,2578.39,2579,101000000,512000000,
2025-12-06 11:32:09.870,5922a275-850c-448e-a1a9-2ef1079eb8d2,2325.83,2326,94000000,512000000,
2025-12-06 11:32:09.825,37b1f7b1-cf22-453c-8af5-2ce0a3637704,2767.79,2768,101000000,512000000,
2025-12-06 11:32:09.824,1db05f6c-9ccc-4af6-ab54-1b0579b26a78,2526.55,2527,99000000,512000000,
2025-12-06 11:32:09.787,f181e797-3600-4156-a648-34d3ba73600f,3034.52,3035,97000000,512000000,
2025-12-06 11:32:09.733,17b77736-c39a-44a1-ac5e-3b481dafcdb5,2621.49,2622,100000000,512000000,
2025-12-06 11:32:09.703,db3d261d-a971-4831-9867-49724a826a1c,2036.85,2037,90000000,512000000,
2025-12-06 11:32:09.673,830b8224-2347-4d39-ab86-2fc50da4a674,3049.08,3050,98000000,512000000,
2025-12-06 11:32:09.644,2d1997df-fc9e-4a08-8d03-674b04368c0a,3197.19,3198,97000000,512000000,
2025-12-06 11:32:09.643,d1eb2cc0-b5bf-41cd-b015-c7983da92f1e,2139.85,2140,90000000,512000000,
2025-12-06 11:32:09.631,3aa6264b-9dcb-405f-905f-75642cc04b61,2088.84,2089,89000000,512000000,
2025-12-06 11:32:09.611,ea9e9846-fc7d-4a4a-9a9b-4af19e27544f,2495.68,2496,104000000,512000000,
2025-12-06 11:32:09.556,60bf7da3-1497-4fb6-a10d-b2cf98f28680,2604.07,2605,101000000,512000000,
2025-12-06 11:32:09.543,7462967c-23c3-449b-979e-d06bf47adf25,2213.74,2214,89000000,512000000,
2025-12-06 11:32:09.527,f9a4194a-58ad-4bc7-b788-e42504fecf49,2709.79,2710,99000000,512000000,
2025-12-06 11:32:09.513,54f94e08-f244-4147-bf3e-ec6b4f0652d8,2219.33,2220,92000000,512000000,
2025-12-06 11:32:09.511,2fba93e0-d6bf-4cbc-bd30-ba3abfb4d4e4,2199.46,2200,91000000,512000000,
2025-12-06 11:32:09.493,2627eb31-a050-4b55-b245-8f10f0797c5a,2866.79,2867,97000000,512000000,
2025-12-06 11:32:09.471,76d8b848-082b-4d46-8329-d9a84588f3b5,2178.47,2179,104000000,512000000,
2025-12-06 11:32:09.462,da16cd60-dedf-412c-8146-9f8bb4c6a295,2180.43,2181,91000000,512000000,
2025-12-06 11:32:09.460,02ed1600-1af6-49a8-ab17-806dfc3b0946,3103.18,3104,97000000,512000000,
2025-12-06 11:32:09.447,f82344b5-7e96-4422-ba00-cb180c697c5f,2156.18,2157,93000000,512000000,
2025-12-06 11:32:09.442,2cfd0a32-37e1-4f16-8424-f09c1ce5ee6f,2987.37,2988,97000000,512000000,
2025-12-06 11:32:09.433,5084801c-0c27-4d39-a5aa-70c839b58e4c,2139.58,2140,90000000,512000000,
2025-12-06 11:32:09.429,e258f8db-a96a-4b77-b593-83f989095712,3074.85,3075,97000000,512000000,
2025-12-06 11:32:09.412,a701a43a-cd5c-443b-9094-c1253bfca0be,2994.07,2995,98000000,512000000,
2025-12-06 11:32:09.411,bd6cf931-e87b-4b87-9c93-eabb76235e96,2119.82,2120,92000000,512000000,
2025-12-06 11:32:09.401,b59cb53b-c1a6-46a6-9075-5505f950a0f5,2098.8,2099,90000000,512000000,
2025-12-06 11:32:09.383,6ea0bb1c-f0ce-4e13-80c2-afff8e2f7f05,2084.1,2085,90000000,512000000,
2025-12-06 11:32:09.371,03a9f350-cff6-4dc3-bf6b-4fdada27c54d,2079.22,2080,90000000,512000000,
2025-12-06 11:32:09.366,623354da-8cb3-4d23-9e01-01b603dcf7e2,3032.88,3033,97000000,512000000,
2025-12-06 11:32:09.363,cc4c09c8-3ec5-4d7c-918d-818c44bfceaa,2069.48,2070,91000000,512000000,
2025-12-06 11:32:09.346,a41b260c-672f-414a-8651-c1ef55ec9c1c,3193.31,3194,97000000,512000000,
2025-12-06 11:32:09.334,dda2d848-9749-484b-b82f-110c897964fd,3294.97,3295,97000000,512000000,
2025-12-06 11:32:09.322,3e2b4ee2-d827-467e-ae8e-31bc5a2c9ed9,3019.2,3020,97000000,512000000,
2025-12-06 11:32:09.318,775963a7-3278-475a-bb6b-605fb08cbfb1,2959.73,2960,97000000,512000000,
2025-12-06 11:32:09.297,c119d3b1-b744-43dc-b81b-9faca1d15d77,3055.35,3056,97000000,512000000,
2025-12-06 11:32:09.286,1d4594d9-01a2-412f-8231-93aa690b84d5,2171.15,2172,91000000,512000000,
2025-12-06 11:32:09.237,f06df7e7-e1b4-49fb-b033-40020e2190eb,2127.12,2128,89000000,512000000,
2025-12-06 11:32:09.196,7175e7aa-eddb-4f7e-91b7-2f1e96c1331a,3054.75,3055,97000000,512000000,
2025-12-06 11:32:09.189,f8de3e33-d646-4e95-9aaf-4525ed2ddfec,2073.85,2074,90000000,512000000,
2025-12-06 11:32:09.180,90821f3d-d5b7-403e-bc0e-2619e13ea9c9,3051.92,3052,98000000,512000000,
2025-12-06 11:32:09.179,f3624dba-f094-46aa-948f-0234c9e29355,3073.15,3074,97000000,512000000,
2025-12-06 11:32:09.178,353ca278-c959-4585-85e7-0cd045dfb6ae,2957,2958,97000000,512000000,
2025-12-06 11:32:09.163,350d05ed-3db7-4aea-aba8-4314ff66c5ee,2064.93,2065,90000000,512000000,
2025-12-06 11:32:09.160,7b3614a1-7473-4394-9695-d5fba2632fc9,3123.76,3124,97000000,512000000,
2025-12-06 11:32:09.160,83fceb5b-07ca-438e-b462-32c7fc8f0c3c,3012.74,3013,97000000,512000000,
2025-12-06 11:32:09.160,3a2f9d49-540a-43cb-97f2-8e15402fef5d,3071.28,3072,97000000,512000000,
2025-12-06 11:32:09.160,fb0c9b3e-c2a3-4eec-afee-93c4cd14c23d,3056.31,3057,97000000,512000000,
2025-12-06 11:32:09.148,7d19f47f-a04f-43f2-8401-8c47c49319c9,3114.88,3115,97000000,512000000,
2025-12-06 11:32:09.147,f2de96a4-9d3c-4af7-a7a2-2b7204a73194,2991.41,2992,97000000,512000000,
2025-12-06 11:32:09.145,d1fb2a2f-f565-4caa-a2d3-1033b922d61c,3057.06,3058,97000000,512000000,
2025-12-06 11:32:09.145,a7a8a989-d541-41c6-89c1-34e1a114fc54,3017.43,3018,97000000,512000000,
2025-12-06 11:32:09.139,2abef57f-ffb7-43cf-9b44-230233c998cd,2994.2,2995,98000000,512000000,
2025-12-06 11:32:09.133,c1c8ae36-7b76-409a-8b44-42602bbd8f35,2603.09,2604,100000000,512000000,
2025-12-06 11:32:09.128,9a94774f-0705-4061-883c-d6825421c4d4,2979.73,2980,97000000,512000000,
2025-12-06 11:32:09.121,174bdb68-8bf0-4e9e-990b-3f374dc65cdc,2367.89,2368,101000000,512000000,
2025-12-06 11:32:09.116,a55db897-0ced-4e3a-9254-01c09a665348,3054.25,3055,97000000,512000000,
2025-12-06 11:32:09.089,b4b10261-e060-46c4-b4ed-590c7ebdfc32,3039.58,3040,97000000,512000000,
2025-12-06 11:32:09.082,906b1c69-ec58-40fa-8462-d814dba8ba83,2128.2,2129,92000000,512000000,
2025-12-06 11:32:09.079,6d43eed0-b131-4331-9f2e-70b15bc1f2c7,2997.47,2998,97000000,512000000,
2025-12-06 11:32:09.068,543c0229-a119-49fa-b3d6-ebf5a1789591,2916.99,2917,97000000,512000000,
2025-12-06 11:32:09.061,c40d502e-26e3-4c70-9496-67ba5f787cd2,2925.62,2926,97000000,512000000,
2025-12-06 11:32:09.034,be8a64a9-3d6f-4d66-b710-871b5db192e3,2893.81,2894,97000000,512000000,
2025-12-06 11:32:09.029,d3defd6e-9754-41a1-8dbf-9f60ec1976ea,2971.93,2972,97000000,512000000,
2025-12-06 11:32:09.025,574a3b08-867b-4229-865d-adc0a1c55215,2992.51,2993,97000000,512000000,
2025-12-06 11:32:09.004,d39424c7-9d31-4544-86bb-9f1b504c8218,3014.45,3015,97000000,512000000,
2025-12-06 11:32:08.986,50fda5a7-6483-4dfe-8663-280107fd51b0,2993.75,2994,97000000,512000000,
2025-12-06 11:32:08.983,d4ae4f78-9010-4517-b159-2619d888e6ec,2913.4,2914,97000000,512000000,
2025-12-06 11:32:08.977,0a35a0f0-2ad9-47e7-8688-083e78c5564b,2220.07,2221,103000000,512000000,
2025-12-06 11:32:08.976,0da41e09-a0b3-45c7-823c-56b394adf5bc,2976.01,2977,97000000,512000000,
2025-12-06 11:32:08.971,fc21418a-dcc4-4c73-b424-00fb6d8a82cb,3015.26,3016,97000000,512000000,
2025-12-06 11:32:08.970,182ee459-e049-4b2f-ae2b-8fe3b2bc34f6,2952.47,2953,97000000,512000000,
2025-12-06 11:32:08.951,0a5df549-f129-4759-aa4d-c95156901681,2928.72,2929,97000000,512000000,
2025-12-06 11:32:08.949,c295ade6-f1a8-4ed2-9f40-a3be53667b9a,2969.44,2970,97000000,512000000,
2025-12-06 11:32:08.949,b1638098-98c1-4e29-8116-9a5faf90086e,2924.74,2925,97000000,512000000,
2025-12-06 11:32:08.935,0d098daa-239c-4337-983b-b74e1de65279,3010.98,3011,97000000,512000000,
2025-12-06 11:32:08.927,b7b1ceee-5052-4941-a95a-af9159c0e3f8,2905.38,2906,97000000,512000000,
2025-12-06 11:32:08.922,3437f534-9949-43b2-84bc-da302c71a2d1,2872.24,2873,97000000,512000000,
2025-12-06 11:32:08.907,d4172d71-e620-4ff2-bbde-68ea62f01b72,3004.69,3005,97000000,512000000,
2025-12-06 11:32:08.900,612cdcfd-60aa-4365-8768-b66c49d147ec,3050.28,3051,97000000,512000000,
2025-12-06 11:32:08.890,d6e0f8f4-21b8-441d-9975-a014e340c440,2977.05,2978,97000000,512000000,
2025-12-06 11:32:08.883,593ac286-9074-4441-9660-9ac4ce56767d,2917.07,2918,97000000,512000000,
2025-12-06 11:32:08.877,4521b99d-18b0-471e-9dec-2434eb5e9b4d,3036.84,3037,97000000,512000000,
2025-12-06 11:32:08.857,25d9c6dc-bd04-455a-b05f-f960c52c71ed,2912.8,2913,98000000,512000000,
2025-12-06 11:32:08.854,2eddd81a-d397-4629-9206-364a525ccca8,2890.31,2891,97000000,512000000,
2025-12-06 11:32:08.845,80d27345-66b6-4d90-9bba-149b89322640,3007.81,3008,98000000,512000000,
2025-12-06 11:32:08.818,fcac34ed-dd5b-4196-ac03-b2f1f2407c6f,2905.35,2906,97000000,512000000,
2025-12-06 11:32:08.817,da89d02f-f909-4547-8590-9dd29d013f43,2951.67,2952,97000000,512000000,
2025-12-06 11:32:08.802,8f9ff29d-2f13-432b-945a-4b895149000c,3109.54,3110,97000000,512000000,
2025-12-06 11:32:08.789,2bcfdd80-94df-47cf-a959-ecdc909b53a7,2871.2,2872,97000000,512000000,
2025-12-06 11:32:08.780,3f523a35-2dc5-4af5-af34-b4b2f45b25b8,2973.62,2974,97000000,512000000,
2025-12-06 11:32:08.748,02a662b3-7a4c-4d8f-9522-966eabfba998,2873,2873,97000000,512000000,
2025-12-06 11:32:08.748,fcf18607-498f-4ef8-bb28-9b728b693d09,2973.94,2974,97000000,512000000,
2025-12-06 11:32:08.747,2ea12384-c743-4ae1-ab67-d3b670b7536d,2816.88,2817,97000000,512000000,
2025-12-06 11:32:08.631,b74bde0d-8486-4132-bbd2-7779dceb7a47,3008.51,3009,98000000,512000000,
2025-12-06 11:32:08.627,6bc83e70-67fc-4cba-8c92-66e1d37726b1,2812.91,2813,97000000,512000000,
2025-12-06 11:32:08.609,9f7c2816-4f44-4614-8d99-c52bca3b83e3,2889.53,2890,98000000,512000000,
2025-12-06 11:32:08.572,11d70129-9f32-4cf1-bba3-6540dde6309b,2956.87,2957,97000000,512000000,
2025-12-06 11:32:08.561,d1c372f3-55e8-44c8-9e85-01b46efbc0b5,2472.89,2473,100000000,512000000,
2025-12-06 11:32:08.549,2c4aadd1-79b8-44b3-acd7-753c5f8f5285,2901.78,2902,97000000,512000000,
2025-12-06 11:32:08.512,d3683049-3ceb-40b6-a14a-2905eb16ea21,2873,2874,97000000,512000000,
2025-12-06 11:32:08.498,7db994b0-26b6-4fa6-a059-fe424631931d,1969.26,1970,104000000,512000000,
2025-12-06 11:32:08.481,5fd4c2e6-4d0f-4cf8-9cd9-d026509b5dfa,2474.63,2475,99000000,512000000,
2025-12-06 11:32:08.480,bd26b7da-df5d-42a0-a170-d7f376156159,2681.99,2682,97000000,512000000,
2025-12-06 11:32:08.439,6fdb233a-8d61-444f-b887-bd2f6036076c,2551.96,2552,100000000,512000000,
2025-12-06 11:32:08.432,8681a86e-2f12-4d94-bfbe-f652d57af5d4,2286.42,2287,102000000,512000000,
2025-12-06 11:32:08.329,ef22a9b5-f1f4-47bd-936b-c4af106588f8,2046.13,2047,104000000,512000000,
2025-12-06 11:32:08.310,636f2026-a73e-484a-a462-d92135998b57,2994.07,2995,97000000,512000000,
2025-12-06 11:32:08.304,e68cbc61-da6d-434a-8760-d18c2a846e35,2755.18,2756,97000000,512000000,
2025-12-06 11:32:08.264,508e6730-6430-43b2-bf61-f559795bd7d1,2132.49,2133,104000000,512000000,
2025-12-06 11:32:08.257,57f59589-9ce8-4d60-8c6d-a878cdd52499,2040.32,2041,104000000,512000000,
2025-12-06 11:32:08.254,a6838847-2840-4fd9-bcf6-720716bc6b34,2465.34,2466,100000000,512000000,
2025-12-06 11:32:08.238,d278e2ef-297d-45c9-9fc3-7c69014df7eb,2335.03,2336,101000000,512000000,
2025-12-06 11:32:08.229,fd127a88-ffad-49de-b590-2c5f7d1c7e7c,2865.22,2866,97000000,512000000,
2025-12-06 11:32:08.218,4157cf05-3f09-4934-b10c-337875b03cb6,2468.62,2469,101000000,512000000,
2025-12-06 11:32:08.211,d27ee10b-8551-4800-82d3-b7b971ce3d16,3352.86,3353,90000000,512000000,
2025-12-06 11:32:08.210,ea1bce7a-69dd-4fec-93f1-0c52667fd99c,2203.18,2204,102000000,512000000,
2025-12-06 11:32:08.199,dcee0f95-703f-4375-885c-4bb50bde1eb3,2833.18,2834,98000000,512000000,
2025-12-06 11:32:08.186,77dfd8d9-ef16-45d7-bc7d-cac0e7366e8d,2414.79,2415,100000000,512000000,
2025-12-06 11:32:08.152,74bdb30d-314a-419c-9d52-51ff4f17f29d,2032.67,2033,104000000,512000000,
2025-12-06 11:32:08.126,d0203435-fd79-46c0-8f62-fcd0ce9499ca,2793.66,2794,98000000,512000000,
2025-12-06 11:32:08.102,e8d6ba40-541a-4efa-8e45-bffd4696c149,1972.03,1973,104000000,512000000,
2025-12-06 11:32:08.088,f460f4bf-7216-4f14-ae7e-a411bfb9a802,2081.55,2082,102000000,512000000,
2025-12-06 11:32:08.068,c8a46ca3-7f84-47c7-b17c-cfec2fd0a1c9,2835.3,2836,98000000,512000000,
2025-12-06 11:32:08.051,ebd9f5d9-5c68-4e05-8cf4-936b79c61d54,3330.84,3331,90000000,512000000,
2025-12-06 11:32:08.015,1f59ac98-222b-49b9-85a0-65984df2bce5,2196.18,2197,103000000,512000000,
2025-12-06 11:32:08.002,cae9ca84-2463-4154-97c9-476ab05c6302,3265.73,3266,90000000,512000000,
2025-12-06 11:32:07.993,84ffa29f-db51-438f-b3e7-f7f5a0df9312,1897.89,1898,103000000,512000000,
2025-12-06 11:32:07.974,4cf3a95d-6928-4807-8dea-3bfcda8cbb8a,2206.92,2207,102000000,512000000,
2025-12-06 11:32:07.966,3124d976-ea87-4909-ac73-e54238fcfe88,2110.88,2111,105000000,512000000,
2025-12-06 11:32:07.961,e5d06431-8b3e-43fb-934d-66bbdb41354b,1966.46,1967,104000000,512000000,
2025-12-06 11:32:07.960,35afe9a0-33fb-44b9-b215-2322386dbbaa,3356.37,3357,89000000,512000000,
2025-12-06 11:32:07.947,ca57343f-d7b1-49a9-95a5-1c155e2afa27,1956.46,1957,104000000,512000000,
2025-12-06 11:32:07.941,e9435f74-7b04-4f80-a8d0-9e0ab36bd53d,2073.82,2074,102000000,512000000,
2025-12-06 11:32:07.901,7f2b260a-4743-4b21-95cc-fe490e7990e1,2008.23,2009,103000000,512000000,
2025-12-06 11:32:07.899,aa454f05-6b62-4217-81a9-e4d1c702d565,2074.4,2075,103000000,512000000,
2025-12-06 11:32:07.884,b02e37b0-823c-47d0-b833-3fb63e417c2b,1984.24,1985,105000000,512000000,
2025-12-06 11:32:07.882,ec4eeb83-f48c-44c4-86de-13b01386f00c,3290.57,3291,90000000,512000000,
2025-12-06 11:32:07.852,02040702-c9c6-4668-ada6-afcaf9ffcc8c,1982.5,1983,104000000,512000000,
2025-12-06 11:32:07.848,643a5948-7cfd-4329-87c3-218a74e917be,1851.73,1852,104000000,512000000,
2025-12-06 11:32:07.844,bf3dc46d-b3d3-4526-afc6-ad08333937e0,1954.28,1955,105000000,512000000,
2025-12-06 11:32:07.824,d1b712d3-cafb-4263-8fa2-429997df27f9,1916.54,1917,104000000,512000000,
2025-12-06 11:32:07.801,7a4b8e7e-93d6-4085-af9e-5fd65d6bac15,2882.45,2883,97000000,512000000,
2025-12-06 11:32:07.793,4de05f33-13fd-4d77-b17f-b7ad451ae42b,2649.95,2650,98000000,512000000,
2025-12-06 11:32:07.764,0677696c-db1e-4991-a9b9-4b1f8d026d41,2009.41,2010,103000000,512000000,
2025-12-06 11:32:07.759,3da5b4d9-b7e8-4895-af92-e5c25462444b,2056.74,2057,103000000,512000000,
2025-12-06 11:32:07.727,ffa38d2f-f2fe-471e-b2d3-d7f7c6a19033,2712.47,2713,97000000,512000000,
2025-12-06 11:32:07.726,216b8c59-cbbf-46f1-9056-0a140973c24d,2340.24,2341,103000000,512000000,
2025-12-06 11:32:07.716,6e6110b1-1f69-4f83-beef-41be1793e624,3382.38,3383,89000000,512000000,
2025-12-06 11:32:07.714,1362ce2d-0bc4-417e-890a-5ac274e78db9,1895.82,1896,104000000,512000000,
2025-12-06 11:32:07.696,8b938a96-fd7c-4eba-9a66-ad8704f400b6,1914.23,1915,105000000,512000000,
2025-12-06 11:32:07.686,6055f497-b9a5-41f2-9f0a-92dd06b5bc62,1910.38,1911,104000000,512000000,
2025-12-06 11:32:07.682,6279c77c-f83e-452d-8f3e-3bee19af97fc,2283.47,2284,103000000,512000000,
2025-12-06 11:32:07.681,c5b14b40-2664-4ea9-8dd5-1ce1be460ac5,1896.66,1897,105000000,512000000,
2025-12-06 11:32:07.670,3f6dc740-a572-4c09-b9b7-ea006a9835df,1892.21,1893,104000000,512000000,
2025-12-06 11:32:07.657,10eccef4-66af-41b6-9e5c-637233571091,2114.14,2115,105000000,512000000,
2025-12-06 11:32:07.652,7cb08986-6e37-4a31-ad76-1651a1b1040e,2058.37,2059,105000000,512000000,
2025-12-06 11:32:07.629,64e6fb49-e90b-4155-b22a-77d58185507a,1881.02,1882,103000000,512000000,
2025-12-06 11:32:07.608,7349894b-2fa3-4850-8c02-9c90c1c87b16,1947.23,1948,104000000,512000000,
2025-12-06 11:32:07.594,95ab2dea-526c-483d-95b2-88208646d17a,3208.78,3209,91000000,512000000,
2025-12-06 11:32:07.590,115db5bd-74a2-48fd-82d1-f1f632197008,3331.37,3332,90000000,512000000,
2025-12-06 11:32:07.563,2b3c46d6-9449-4e1d-9054-4167d32e7463,1950.62,1951,105000000,512000000,
2025-12-06 11:32:07.549,4bbf1593-37c4-49ae-9dea-ac8108685629,3233.84,3234,90000000,512000000,
2025-12-06 11:32:07.542,171057d5-2f1a-4d92-b3ee-a9133b11e534,2645.05,2646,98000000,512000000,
2025-12-06 11:32:07.537,2a516e88-4cb9-4688-a7ad-6bd599d1e855,3358.16,3359,89000000,512000000,
2025-12-06 11:32:07.518,b39e25b2-8866-40af-a4c1-c35eb0515158,2694.21,2695,97000000,512000000,
2025-12-06 11:32:07.517,54fea136-1e54-47cc-8369-f5910811b2e7,2008.18,2009,105000000,512000000,
2025-12-06 11:32:07.515,87777ce0-82bf-4b0f-a264-8f9abaf0a22f,1923.72,1924,105000000,512000000,
2025-12-06 11:32:07.507,dddb8d72-cf22-4b65-a22c-d4ed52810e53,2060.69,2061,103000000,512000000,
2025-12-06 11:32:07.499,4a259699-8e78-4599-b002-d18e6376527d,2592.61,2593,97000000,512000000,
2025-12-06 11:32:07.492,0d6d28b3-ce08-40f1-94cc-7b84d4613b72,3249.23,3250,90000000,512000000,
2025-12-06 11:32:07.487,db0ed510-67e3-4743-8679-4160fd38b6ff,1951.21,1952,104000000,512000000,
2025-12-06 11:32:07.482,a5964cbb-6b77-42e9-a861-016f0f9f5669,2630.17,2631,97000000,512000000,
2025-12-06 11:32:07.476,35bf95b6-0e89-4cc9-a967-1d4e847927d1,3208.36,3209,90000000,512000000,
2025-12-06 11:32:07.475,3a6cd04a-6df0-4bc8-843c-4b25c647075f,1886.12,1887,105000000,512000000,
2025-12-06 11:32:07.475,275d9024-b49b-4199-abed-21bb581a57b7,2073.18,2074,103000000,512000000,
2025-12-06 11:32:07.456,e5098c62-7fdb-41ac-9814-ed4e6cf3e885,2817.95,2818,97000000,512000000,
2025-12-06 11:32:07.454,08886bd7-b14a-4a36-8fb4-f70f11e54f99,3231.75,3232,90000000,512000000,
2025-12-06 11:32:07.449,98f5bc5c-29f8-40ff-b744-06f5b9d177e2,3181.54,3182,90000000,512000000,
2025-12-06 11:32:07.442,12f6bfcd-7e5d-41ec-928a-690be6e4e3d6,1879.73,1880,105000000,512000000,
2025-12-06 11:32:07.433,676624a4-b14b-4909-81ab-ef3d2c7cf98e,1922.16,1923,105000000,512000000,
2025-12-06 11:32:07.425,60229e8c-1f5a-4e7e-8d5a-65634e511c59,3422.05,3423,89000000,512000000,
2025-12-06 11:32:07.414,5070e7ba-5fc9-45a6-932c-5f449b75c630,3192.43,3193,89000000,512000000,
2025-12-06 11:32:07.405,6e75b64d-36fa-49ea-9ee0-14753a39f8af,1813.68,1814,104000000,512000000,
2025-12-06 11:32:07.390,e0625029-215d-42b6-993d-6d9c2bf3f336,2591.2,2592,98000000,512000000,
2025-12-06 11:32:07.376,5dbcca38-e4e9-4027-bb7f-fec5282e5c37,3731.1,3732,89000000,512000000,
2025-12-06 11:32:07.369,d9874e26-87eb-4959-bf58-a18ec2981382,2156.55,2157,103000000,512000000,
2025-12-06 11:32:07.368,2a344a4f-31e5-4b00-975b-5e0f687ad55b,1934.5,1935,104000000,512000000,
2025-12-06 11:32:07.364,4eaab911-8e62-46be-b94d-09e22ee09d27,3376.76,3377,89000000,512000000,
2025-12-06 11:32:07.345,f4ab1cdd-93a4-4fa2-8281-5fd87be6c434,3299.2,3300,89000000,512000000,
2025-12-06 11:32:07.343,0e127802-884c-4f69-8290-dd9c1daffc98,3221.86,3222,90000000,512000000,
2025-12-06 11:32:07.342,18df9908-9392-466d-be57-28b1e2d8b36c,3200.31,3201,90000000,512000000,
2025-12-06 11:32:07.337,e9ac7372-93bd-4f60-b5e4-51fe241033af,1902.82,1903,105000000,512000000,
2025-12-06 11:32:07.333,5066e2d6-263f-4746-9548-ed129dcd4784,3265.7,3266,90000000,512000000,
2025-12-06 11:32:07.331,552b17e0-4515-40f0-b28b-0cb96104455c,3573.43,3574,90000000,512000000,
2025-12-06 11:32:07.317,8fd0b114-2dcb-4ebd-b659-abaa783f6360,2635.67,2636,97000000,512000000,
2025-12-06 11:32:07.309,afe68190-53ee-4672-8c7b-6109c6c26ae2,1938.82,1939,104000000,512000000,
2025-12-06 11:32:07.303,227a6b2d-1674-4fc8-9789-be5940b2544f,1931.4,1932,103000000,512000000,
2025-12-06 11:32:07.296,3804c77f-3657-4434-86b6-b23460b70e6a,2041.73,2042,102000000,512000000,
2025-12-06 11:32:07.293,5f8764cc-33b2-4a9f-a459-e22c5a568e3c,2577.28,2578,98000000,512000000,
2025-12-06 11:32:07.286,4003e070-765e-459d-9397-d3692f037075,1985.64,1986,105000000,512000000,
2025-12-06 11:32:07.265,4884013c-8a15-433e-8c06-dd9135a6ccf9,3293.76,3294,90000000,512000000,
2025-12-06 11:32:07.265,4fc9a033-8f80-471b-b9bd-2347e2b77227,1972.7,1973,105000000,512000000,
2025-12-06 11:32:07.264,54fcacbd-c3ed-4666-9196-fec723c0127d,3341.24,3342,90000000,512000000,
2025-12-06 11:32:07.261,f4bb2d41-4e88-40c3-92ce-af9ccce0c8ab,2572.77,2573,97000000,512000000,
2025-12-06 11:32:07.258,7d002487-d503-423c-9a80-3ad168f85260,2697.91,2698,97000000,512000000,
2025-12-06 11:32:07.257,643199ad-6f2a-4274-990f-28b80c5ea51d,3368.8,3369,90000000,512000000,
2025-12-06 11:32:07.256,2f231be9-3cdf-4183-aad9-40ba661cae82,3322.77,3323,89000000,512000000,
2025-12-06 11:32:07.247,621d4a4e-30c4-41eb-8542-b1f2f3d04239,2025.34,2026,102000000,512000000,
2025-12-06 11:32:07.234,6a67266a-df0c-400f-80a5-ed5037e5d601,1961.38,1962,103000000,512000000,
2025-12-06 11:32:07.226,e73e3d10-ce6b-4e34-a681-ec4b2f71f8b4,3110.95,3111,89000000,512000000,
2025-12-06 11:32:07.217,0efa6d43-f284-42f8-b5aa-27e207632ede,1906.25,1907,104000000,512000000,
2025-12-06 11:32:07.213,7e227424-28cc-4710-8eb3-deaaa24cc7aa,1923.81,1924,105000000,512000000,
2025-12-06 11:32:07.210,6bebc414-6c2c-49e5-a723-08f92529a2ab,3280.82,3281,90000000,512000000,
2025-12-06 11:32:07.203,9a9d8318-5b10-410f-b7d1-9c72cc0cb186,3292.3,3293,89000000,512000000,
2025-12-06 11:32:07.197,0d7c7197-7bc2-4cfa-ba3a-870828ffaf5b,1901.97,1902,104000000,512000000,
2025-12-06 11:32:07.192,db9b7e27-a225-4174-9413-b70acac479b5,2150.82,2151,100000000,512000000,
2025-12-06 11:32:07.192,f22d6ef1-973d-4cee-8713-e5f50e24beb9,3159.28,3160,90000000,512000000,
2025-12-06 11:32:07.174,0b073ff6-8c0d-4c65-9af3-329734cdf30a,2483.81,2484,97000000,512000000,
2025-12-06 11:32:07.171,b317d9c1-c12b-4097-80b7-58af58320107,1961.07,1962,104000000,512000000,
2025-12-06 11:32:07.164,69bd5931-15c5-46cf-89b6-4662cf51edba,2551.42,2552,98000000,512000000,
2025-12-06 11:32:07.164,01ea79ee-6a9b-4931-9b36-87588ed844a7,2575.57,2576,97000000,512000000,
2025-12-06 11:32:07.143,1b42535a-5c11-4030-97f5-2e12448bb960,2518.84,2519,98000000,512000000,
2025-12-06 11:32:07.140,8edeb737-65ff-485a-8b17-244e50161983,3372.59,3373,89000000,512000000,
2025-12-06 11:32:07.132,178d95b8-ed42-41b5-a144-1280f47477f5,2687.74,2688,97000000,512000000,
2025-12-06 11:32:07.130,df41ee79-3ded-4605-94d7-30de1b11e030,3168.31,3169,90000000,512000000,
2025-12-06 11:32:07.129,d5a50814-41bc-4b05-88f2-f29903d2968e,2626.91,2627,97000000,512000000,
2025-12-06 11:32:07.120,8da14097-9c48-4b41-8751-70e2cbabe783,1913.71,1914,105000000,512000000,
2025-12-06 11:32:07.108,ecce7ee0-ef7d-4f9a-996c-bf55e72b8032,2212.62,2213,101000000,512000000,
2025-12-06 11:32:07.100,3dd3cb3e-09ae-4019-863d-4dd322618469,1913.68,1914,105000000,512000000,
2025-12-06 11:32:07.088,09a8ce2c-87af-4222-a0b6-49c87ad60ab9,1918.22,1919,103000000,512000000,
2025-12-06 11:32:07.088,1e5900be-e0e8-4eb8-9884-7c4d106ebe2a,2559.5,2560,97000000,512000000,
2025-12-06 11:32:07.088,31f55f5f-c016-4ddc-ac61-16065afced00,3259.6,3260,90000000,512000000,
2025-12-06 11:32:07.084,87da7586-2862-4264-888b-bdba031348c9,1908.33,1909,104000000,512000000,
2025-12-06 11:32:07.080,eecbd474-989e-4b61-8d0d-cd3274a4c440,2907.13,2908,98000000,512000000,
2025-12-06 11:32:07.072,a4c1e076-b52d-4b63-af8c-0d8bcdd39768,1889.96,1890,105000000,512000000,
2025-12-06 11:32:07.070,09952df9-7eb1-4b0c-8504-d75487e64884,1904.37,1905,103000000,512000000,
2025-12-06 11:32:07.067,11c7d530-8af2-448e-adf2-2091f1226371,3269.95,3270,90000000,512000000,
2025-12-06 11:32:07.023,5a1f3339-52d5-4266-9003-90b9b4f9dd20,2600.65,2601,98000000,512000000,
2025-12-06 11:32:07.020,4adb1d82-d500-47dd-84d2-908a06bf2235,3344.46,3345,90000000,512000000,
2025-12-06 11:32:07.019,ae2e3a0c-e7c9-4e68-bbd5-2ae600276b3d,3251.32,3252,89000000,512000000,
2025-12-06 11:32:07.003,c8816aa9-f845-4d44-882f-827bfc5c503b,2494.2,2495,97000000,512000000,
2025-12-06 11:32:07.000,159b08c2-e496-481c-b9de-8ef1fcb511a7,3312.6,3313,89000000,512000000,
2025-12-06 11:32:06.993,815b6797-14a7-4a2e-b0c7-cb5fb3a167e7,1924.13,1925,106000000,512000000,
2025-12-06 11:32:06.987,412fc588-15f4-4650-ad2f-901f98418bed,2530.24,2531,97000000,512000000,
2025-12-06 11:32:06.987,1c5e8eae-ef11-455d-8c3e-d1831e2e1688,1883.78,1884,103000000,512000000,
2025-12-06 11:32:06.985,76fbe165-1876-4956-b367-14256ba9af72,3320.55,3321,89000000,512000000,
2025-12-06 11:32:06.969,5d97fe05-4b12-4006-9492-76288d1cfbf5,3121.27,3122,90000000,512000000,
2025-12-06 11:32:06.958,2f2edeb3-5daf-4883-b360-888063fe7b11,1953.22,1954,105000000,512000000,
2025-12-06 11:32:06.953,d1229d57-5c09-47d8-a1ac-d69c43307fc3,3500.02,3501,90000000,512000000,
2025-12-06 11:32:06.951,a06f19f2-207e-43c4-80ca-6f4e974e9f9b,3443.36,3444,90000000,512000000,
2025-12-06 11:32:06.946,41a7f20e-764e-47df-982f-f65369e474ac,2026.77,2027,100000000,512000000,
2025-12-06 11:32:06.944,0a19e654-f4d8-424a-a562-0ccf6b12a356,1893.23,1894,105000000,512000000,
2025-12-06 11:32:06.936,64a114a8-4792-4b73-977b-871f784ab69f,2557.31,2558,97000000,512000000,
2025-12-06 11:32:06.931,f0bde2d2-3e41-46d1-8192-e2ae991443f0,3227.32,3228,90000000,512000000,
2025-12-06 11:32:06.931,af5358ef-fc35-4a53-b56d-c5ba88fb7e12,3144.29,3145,90000000,512000000,
2025-12-06 11:32:06.927,59e2ab90-79b4-4829-83ad-8722e4c77e38,3139.98,3140,90000000,512000000,
2025-12-06 11:32:06.924,6e3351f8-9553-4cc1-bd59-be35828e74f1,3233.59,3234,90000000,512000000,
2025-12-06 11:32:06.913,8ab21896-6c20-4554-b6cb-4e280c7d6a98,2574.84,2575,97000000,512000000,
2025-12-06 11:32:06.912,47025113-6440-4264-8325-615f21fecf4a,1889.23,1890,104000000,512000000,
2025-12-06 11:32:06.900,368b98d5-e6e3-423a-a3c5-04409ba4e0e7,3425.26,3426,89000000,512000000,
2025-12-06 11:32:06.883,751204b7-2ea3-4805-895b-5617b7f02b87,1866.66,1867,105000000,512000000,
2025-12-06 11:32:06.868,a83270f0-6b38-4a9b-9f4a-c2220b83e905,3304.89,3305,90000000,512000000,
2025-12-06 11:32:06.866,b155dbfd-77fc-4004-a828-9934195225f8,3326.75,3327,89000000,512000000,
2025-12-06 11:32:06.860,74603509-fe36-4972-a69b-c34cd4e26af1,3215.76,3216,90000000,512000000,
2025-12-06 11:32:06.856,fc120828-f273-446b-9e15-6a77b1a3f99d,3204.11,3205,90000000,512000000,
2025-12-06 11:32:06.850,4dfb7c9e-7947-4088-a0a7-bed841afadd9,2553.52,2554,98000000,512000000,
2025-12-06 11:32:06.844,3130edc1-9885-4321-accc-15fda00913cb,3165.2,3166,89000000,512000000,
2025-12-06 11:32:06.843,2790d0cc-cb3b-471c-9e94-2db4b5482a98,2507.91,2508,97000000,512000000,
2025-12-06 11:32:06.831,9f256065-32c3-4233-b49f-e3c5437246f6,3262.82,3263,90000000,512000000,
2025-12-06 11:32:06.825,6cc8f3f5-8c8a-43ab-82d7-5639f9dd02c7,3309.24,3310,90000000,512000000,
2025-12-06 11:32:06.820,8f7a631c-991f-4b48-94bf-0d36dfe72669,3218.79,3219,90000000,512000000,
2025-12-06 11:32:06.819,eed0e442-62b4-4264-b992-21867297106a,2541.6,2542,97000000,512000000,
2025-12-06 11:32:06.807,b99a3bad-a552-4034-9388-cac1bc6d6f04,2543.01,2544,98000000,512000000,
2025-12-06 11:32:06.807,eed8ab11-4dd9-4ca7-babd-2082ddc4ff63,2506.96,2507,97000000,512000000,
2025-12-06 11:32:06.805,19797b15-a1a4-4c6e-824c-2311dec7f4b1,3329.97,3330,90000000,512000000,
2025-12-06 11:32:06.803,6d30bb58-a3a9-4528-a81a-101cef6b2509,3243.29,3244,90000000,512000000,
2025-12-06 11:32:06.800,d7020a80-232d-451b-9d59-c7d5f814620c,2542.78,2543,98000000,512000000,
2025-12-06 11:32:06.799,8054cd79-80d9-41ed-9b66-b352e67ed99e,1894.58,1895,105000000,512000000,
2025-12-06 11:32:06.793,9bf9fd81-ae79-4bcb-aab5-510672fab9b3,3240.55,3241,90000000,512000000,
2025-12-06 11:32:06.790,2a72bdc1-aa96-439e-800f-9e10ea60b772,3373.3,3374,89000000,512000000,
2025-12-06 11:32:06.785,f20cdfde-3f69-4e92-956b-a4b39c08e594,2534.88,2535,97000000,512000000,
2025-12-06 11:32:06.772,fe0c2b4a-e4f9-4b9a-ab20-4c362ab359fd,3304.82,3305,91000000,512000000,
2025-12-06 11:32:06.768,081b6b4f-bdfd-44eb-80a4-092362cf803c,3369.02,3370,93000000,512000000,
2025-12-06 11:32:06.762,76801f59-ffbc-44a9-b736-b582e685f03a,3250.22,3251,91000000,512000000,
2025-12-06 11:32:06.761,38b76eb5-697d-4ecf-be4a-eee04fe68ade,3247.38,3248,89000000,512000000,
2025-12-06 11:32:06.753,c261c2ae-5791-4451-aeed-1f63b23a4711,3173.89,3174,89000000,512000000,
2025-12-06 11:32:06.753,e0c30282-8d82-4a52-902c-fb7f67fea57e,3220.17,3221,90000000,512000000,
2025-12-06 11:32:06.752,5135e575-1038-471d-b47b-ebe9c026b261,3264.4,3265,91000000,512000000,
2025-12-06 11:32:06.744,018f3cdb-607d-4d34-aa3c-6527803fe0a7,3147.45,3148,90000000,512000000,
2025-12-06 11:32:06.739,23c66faa-7495-42af-aa62-b674a78149e0,2478.83,2479,98000000,512000000,
2025-12-06 11:32:06.735,23f943b2-cc99-46af-84bc-7c27ab691026,3426.79,3427,91000000,512000000,
2025-12-06 11:32:06.734,98624524-9c44-4eaf-9598-56fd4f47c217,2157.25,2158,99000000,512000000,
2025-12-06 11:32:06.733,c5631f4d-f077-413e-a072-7572714d2a15,3171.61,3172,89000000,512000000,
2025-12-06 11:32:06.730,27d3bdd7-44a0-4f27-a383-055eb5917950,2534.1,2535,97000000,512000000,
2025-12-06 11:32:06.722,a48b4640-8f11-4afc-9c01-34b8e06c5b6f,2455.73,2456,97000000,512000000,
2025-12-06 11:32:06.711,b09f2016-fa38-47d0-a5bd-53d8923ed491,2532.22,2533,97000000,512000000,
2025-12-06 11:32:06.710,2d7453cc-7a28-4c09-9b06-3f7c1bcb6e77,2491.23,2492,97000000,512000000,
2025-12-06 11:32:06.708,e1cc693e-b697-4ffa-833f-6acd7f534cab,3208.36,3209,90000000,512000000,
2025-12-06 11:32:06.705,0a9b01d4-daf4-4f2c-b818-ea17f6f62bb0,3058.91,3059,89000000,512000000,
2025-12-06 11:32:06.694,649e0aff-48e1-434f-bf1f-ebf625bcfe5c,2474.19,2475,97000000,512000000,
2025-12-06 11:32:06.692,12e0d68b-de47-4064-87ab-e8aed67e96aa,3285.16,3286,90000000,512000000,
2025-12-06 11:32:06.690,2fb7ae05-feb5-40e8-9c27-5d7e747b7d04,3279.92,3280,90000000,512000000,
2025-12-06 11:32:06.686,321e190f-cd6c-41d8-ab1f-b611e77e44cc,3169.42,3170,90000000,512000000,
2025-12-06 11:32:06.684,8445f6f8-c372-4a48-a09e-bc2d4289fab7,1997.24,1998,98000000,512000000,
2025-12-06 11:32:06.682,c432ea70-74da-4c5a-8f1c-489bde13def0,3009.92,3010,90000000,512000000,
2025-12-06 11:32:06.670,7fd01fcd-4d8e-4d40-b9b9-e5676185072b,3283.51,3284,90000000,512000000,
2025-12-06 11:32:06.640,c9e68bbf-78f8-4f06-bb88-de093c279f2d,3184.31,3185,89000000,512000000,
2025-12-06 11:32:06.630,ae7f91bc-8933-4380-b2a2-218aad3b064c,3163.04,3164,90000000,512000000,
2025-12-06 11:32:06.626,9225059d-4be4-4287-ad9e-7c4cc2f8183a,3207.7,3208,89000000,512000000,
2025-12-06 11:32:06.624,aef544b3-3502-4067-b09f-65c6f537e273,3363.3,3364,90000000,512000000,
2025-12-06 11:32:06.624,569a2122-fd08-4ca2-9688-85c54ae25ee7,3201.58,3202,89000000,512000000,
2025-12-06 11:32:06.623,a0e0c204-f771-4f31-8385-19f82c6316cf,3169.84,3170,89000000,512000000,
2025-12-06 11:32:06.620,9323cb8e-8893-4a8d-ac3b-d17028acb2dd,3210.26,3211,89000000,512000000,
2025-12-06 11:32:06.613,401f5294-3225-4c5e-b8db-9ed579ab84d7,3245.66,3246,90000000,512000000,
2025-12-06 11:32:06.589,764e66fc-90c3-43ad-8676-45e84a4cc47c,3128.95,3129,89000000,512000000,
2025-12-06 11:32:06.588,c4baf637-70db-430e-94b9-3c63440868b1,3264.04,3265,90000000,512000000,
2025-12-06 11:32:06.586,58349f6f-e323-45a7-b30d-7e05719df521,2431.67,2432,98000000,512000000,
2025-12-06 11:32:06.586,eab7de78-2028-4b77-9c11-2be93683bf1e,3217.69,3218,90000000,512000000,
2025-12-06 11:32:06.581,3cf01959-23f1-4228-b1b9-ea429553b0f9,3150.17,3151,90000000,512000000,
2025-12-06 11:32:06.579,b25852f3-d732-4761-8bbd-e06b7e648ffc,3142.39,3143,90000000,512000000,
2025-12-06 11:32:06.574,f51fd766-bcfe-496c-9005-3f24642042ad,2987.35,2988,89000000,512000000,
2025-12-06 11:32:06.568,f9aaccae-d0f7-45a0-af52-1efe15ae708c,2410.53,2411,97000000,512000000,
2025-12-06 11:32:06.560,ba3f1f1c-192d-45cd-8953-8aa3c41d8f7c,3163.47,3164,90000000,512000000,
2025-12-06 11:32:06.556,06c4d8a1-294e-4a15-86d6-ab44ee4c333b,3185.66,3186,90000000,512000000,
2025-12-06 11:32:06.549,fd618e0b-90e8-4d8e-8b2e-dd63b89652eb,3214.73,3215,90000000,512000000,
2025-12-06 11:32:06.544,2d61cd8b-4210-4cc1-963e-76fa1f69f9a4,3119.92,3120,90000000,512000000,
2025-12-06 11:32:06.539,973acc56-64f4-4478-9cd8-d584311e4bed,3451.3,3452,89000000,512000000,
2025-12-06 11:32:06.538,08e15984-8832-47ff-992c-3f01f83f188c,1984.64,1985,100000000,512000000,
2025-12-06 11:32:06.532,8e235c40-604e-45da-89ae-88a392b7f029,3239.65,3240,89000000,512000000,
2025-12-06 11:32:06.531,fed84107-fe3c-489c-802e-0fb9aabc047c,3201.17,3202,89000000,512000000,
2025-12-06 11:32:06.531,d4b51eba-f97b-412c-b41b-6c230af305ba,3357.23,3358,90000000,512000000,
2025-12-06 11:32:06.513,eda408a4-9f0f-482d-a6b4-1502cbdf865d,2543.55,2544,97000000,512000000,
2025-12-06 11:32:06.509,382b1e83-70bb-4ab4-b851-7990c834efe4,3260.16,3261,90000000,512000000,
2025-12-06 11:32:06.508,5e767438-9720-4bdd-853e-0afa40b42a0c,3209.16,3210,90000000,512000000,
2025-12-06 11:32:06.508,46568e2d-1b46-41d2-b728-100b7d5832e4,1907.03,1908,100000000,512000000,
2025-12-06 11:32:06.505,48da35e0-3352-4488-ac2e-712dfb073a2a,3152.78,3153,89000000,512000000,
2025-12-06 11:32:06.504,bc7f8f91-c1c4-4e09-9dd1-a2e1e2c18b2d,2510.65,2511,97000000,512000000,
2025-12-06 11:32:06.501,60dfcef7-a1a2-4048-97a0-fe68fbcb0983,3206.03,3207,90000000,512000000,
2025-12-06 11:32:06.500,f2528c04-c5f4-4b99-ae17-f2271b337fde,3129.01,3130,89000000,512000000,
2025-12-06 11:32:06.500,ee95c3c3-c5f1-4a8b-8654-7f0f529673ef,3133.96,3134,90000000,512000000,
2025-12-06 11:32:06.493,6d873aeb-250a-4929-a6ac-9a78c764fd7c,2013.86,2014,100000000,512000000,
2025-12-06 11:32:06.491,989436d0-724e-48ab-a160-02d14f1fcf0b,2551.78,2552,97000000,512000000,
2025-12-06 11:32:06.489,c14f7811-162e-4732-bf2f-4fb192954920,2475.24,2476,97000000,512000000,
2025-12-06 11:32:06.487,e1f32b1a-faa1-4a4e-bc72-52a36913f225,2501.03,2502,98000000,512000000,
2025-12-06 11:32:06.482,1ce6f9bb-3cd9-4fb9-abae-6035046a89a4,3207.77,3208,90000000,512000000,
2025-12-06 11:32:06.469,8804f074-17e2-48ba-86b0-a4efa965320f,3203.51,3204,90000000,512000000,
2025-12-06 11:32:06.469,91385004-16ea-4960-956d-b49018b0d539,3228.7,3229,89000000,512000000,
2025-12-06 11:32:06.465,3f7b3018-3753-4011-a716-ab0309520413,3158.73,3159,90000000,512000000,
2025-12-06 11:32:06.459,154811a5-5033-49a9-bfa6-e77875ca563e,3125.58,3126,90000000,512000000,
2025-12-06 11:32:06.454,80e9a6cf-ba51-4b94-9e6d-c92a795f2e72,3146.8,3147,90000000,512000000,
2025-12-06 11:32:06.452,f5d5609b-257e-4497-9166-82ea3efda7c9,2390.2,2391,98000000,512000000,
2025-12-06 11:32:06.448,f9dd3747-82a6-40b4-9710-30e1ed6bf551,3240.84,3241,90000000,512000000,
2025-12-06 11:32:06.446,15e5b01b-4f3b-418c-8368-28e565a13317,2574.84,2575,98000000,512000000,
2025-12-06 11:32:06.440,f01b9225-a295-4771-b035-0525756aa9d5,3193.73,3194,90000000,512000000,
2025-12-06 11:32:06.439,0d35e6cf-1357-478d-aa65-1df3dc24dcb5,3128.88,3129,90000000,512000000,
2025-12-06 11:32:06.436,374385f1-e862-4b85-8b23-5c5aeefa768d,2018.38,2019,101000000,512000000,
2025-12-06 11:32:06.430,9915f5a0-6d9e-4744-8d1c-46102234f2d3,3223.34,3224,90000000,512000000,
2025-12-06 11:32:06.428,c8934978-b5e0-44c2-9a34-e42f2430a3b5,3124.75,3125,90000000,512000000,
2025-12-06 11:32:06.417,0af53efb-3a69-458b-84e3-d03d45145f29,1953.6,1954,100000000,512000000,
2025-12-06 11:32:06.416,62fdbcf1-5682-497d-b9f6-d66833abc984,3124.91,3125,89000000,512000000,
2025-12-06 11:32:06.413,f85cf2ab-4745-4955-a963-966dd1d425b1,1921.04,1922,101000000,512000000,
2025-12-06 11:32:06.410,36d5688b-7e7a-41dc-86c3-da3bc917ca43,3180,3181,90000000,512000000,
2025-12-06 11:32:06.409,034aae33-d49b-4cb2-ba64-f6961e4aa531,3543.91,3544,91000000,512000000,
2025-12-06 11:32:06.407,2427cd47-a51a-4404-9ac2-74de58308c5d,2010.12,2011,99000000,512000000,
2025-12-06 11:32:06.403,bb785c20-5dff-485e-be2c-83d888e0ce22,2476.91,2477,97000000,512000000,
2025-12-06 11:32:06.400,5f057d11-702b-4170-a987-32598e5df094,3159.95,3160,89000000,512000000,
2025-12-06 11:32:06.388,f24d6c57-ee59-4485-b130-97b3994752b6,3200.74,3201,90000000,512000000,
2025-12-06 11:32:06.386,5283f7c6-2f8d-4852-8ed5-0c857aa700c7,3249.28,3250,90000000,512000000,
2025-12-06 11:32:06.378,32546109-2258-4d0f-8b31-bcdec26d81a8,3125.9,3126,90000000,512000000,
2025-12-06 11:32:06.375,7de33837-5bca-41d9-937e-e21900bec0f9,2105.2,2106,99000000,512000000,
2025-12-06 11:32:06.372,cd33c90e-9ce1-4922-823e-76557745441f,3240.91,3241,93000000,512000000,
2025-12-06 11:32:06.365,acccbb69-e1df-49ef-9237-aeed3da089d0,3137.22,3138,90000000,512000000,
2025-12-06 11:32:06.358,dc113100-ade4-482b-ab7a-3d02e396f664,3223.05,3224,90000000,512000000,
2025-12-06 11:32:06.355,396af263-9fd8-446e-85f4-66b955288259,3148.01,3149,89000000,512000000,
2025-12-06 11:32:06.348,ea52a084-769e-4543-b0ed-1b24ae7282d4,3220.53,3221,90000000,512000000,
2025-12-06 11:32:06.340,b42e0fbc-e8d6-4926-aa8f-2f7a2d14599f,3187.28,3188,90000000,512000000,
2025-12-06 11:32:06.335,562dc7d9-f29d-4175-953e-1b010a9344b3,3127.01,3128,89000000,512000000,
2025-12-06 11:32:06.334,559772c8-a4a3-41a0-981a-b1efa24dcbf9,3031.38,3032,90000000,512000000,
2025-12-06 11:32:06.334,acb3ad06-0323-4faa-8574-244770f036c5,3129.46,3130,89000000,512000000,
2025-12-06 11:32:06.333,1c028bd1-8918-4d0b-9223-835f75496cb2,2060.35,2061,99000000,512000000,
2025-12-06 11:32:06.325,a1846443-1749-416b-beff-935b003c9990,3154.17,3155,89000000,512000000,
2025-12-06 11:32:06.323,18747d30-1966-48ee-a3e0-74156915ad4d,3169.8,3170,90000000,512000000,
2025-12-06 11:32:06.318,9e45e88d-2a01-49b5-8dc2-b1ac4dfd0a87,3266.41,3267,90000000,512000000,
2025-12-06 11:32:06.317,9a8df1f4-3ce4-4a78-81c3-227d3c01be71,3229.5,3230,89000000,512000000,
2025-12-06 11:32:06.313,9db1d571-efba-4014-89e2-7eaae6617666,3222.53,3223,91000000,512000000,
2025-12-06 11:32:06.308,23ca178a-d29b-45db-b3e1-7de3755b7b3e,2443.83,2444,97000000,512000000,
2025-12-06 11:32:06.307,375916d2-3c54-45ce-b10c-ac860a25062a,3145.13,3146,90000000,512000000,
2025-12-06 11:32:06.304,5de658f3-0671-4fe5-93a1-597e3826b310,3262.49,3263,89000000,512000000,
2025-12-06 11:32:06.304,97500105-cb1b-4d3c-86b4-54da102db1cd,3287.8,3288,90000000,512000000,
2025-12-06 11:32:06.300,8113de58-a7e6-447e-864b-324ac71d2dc5,3239.68,3240,90000000,512000000,
2025-12-06 11:32:06.296,d880883b-b566-460b-af8b-d95dd6013a5c,2537.43,2538,97000000,512000000,
2025-12-06 11:32:06.295,8141a85d-fafe-4aa5-b968-a19b66698db4,3240.96,3241,90000000,512000000,
2025-12-06 11:32:06.294,efe84129-8946-49b2-8503-0c0e680b92d4,3109.93,3110,90000000,512000000,
2025-12-06 11:32:06.293,36ab771f-4f86-47a0-a1de-97d255170f45,3136.45,3137,90000000,512000000,
2025-12-06 11:32:06.290,b91383f6-d510-43d2-82b0-ec13598e1922,2574.42,2575,97000000,512000000,
2025-12-06 11:32:06.282,d7f743db-0616-4c15-a4e5-39554b85eb99,3140.43,3141,90000000,512000000,
2025-12-06 11:32:06.279,0c1d4479-92f5-4778-83b7-5a60f63576ce,3148.07,3149,90000000,512000000,
2025-12-06 11:32:06.279,7a5d6ff0-d3f7-4412-9649-d957ce23cbfd,1946.23,1947,101000000,512000000,
2025-12-06 11:32:06.279,32580783-ae3a-4051-b16c-90700ac08589,3172.88,3173,90000000,512000000,
2025-12-06 11:32:06.275,517b5645-4243-498a-ba44-1f291605bd75,1985.48,1986,100000000,512000000,
2025-12-06 11:32:06.275,3e231238-9fba-4946-bb47-0972a7087b38,3114.82,3115,90000000,512000000,
2025-12-06 11:32:06.274,9222c6e1-bc9e-4d79-9c3f-817c22e59367,2457.68,2458,97000000,512000000,
2025-12-06 11:32:06.273,e0799709-2443-4735-b2bd-64c95a901bbd,2460.74,2461,97000000,512000000,
2025-12-06 11:32:06.272,dd72eb27-0b4b-4ab3-8cb4-e9d83f229b16,3214.66,3215,89000000,512000000,
2025-12-06 11:32:06.270,75f85d51-0210-429c-97c4-6d6f671e1936,3165.6,3166,90000000,512000000,
2025-12-06 11:32:06.269,79256af1-aa1a-4a13-8aac-50b9c14bbe78,3207.49,3208,90000000,512000000,
2025-12-06 11:32:06.264,92dc5800-ffed-46f6-a60c-90dc17d76896,3212.64,3213,89000000,512000000,
2025-12-06 11:32:06.263,71430d5b-ee92-49d1-b766-1acf19dbd9b0,1870.83,1871,100000000,512000000,
2025-12-06 11:32:06.262,158a6ff1-27c7-4dfa-86ac-687240c4afc8,3178.76,3179,90000000,512000000,
2025-12-06 11:32:06.254,48169c51-2e68-474b-a35f-05d101c8567b,2475.24,2476,98000000,512000000,
2025-12-06 11:32:06.252,f2c0d2df-d658-4cce-9c11-cc12568ce805,1929.31,1930,101000000,512000000,
2025-12-06 11:32:06.251,b3043892-43ea-4315-b7a9-f029604ce05c,3228.63,3229,90000000,512000000,
2025-12-06 11:32:06.249,9507c21b-c952-4617-9bfd-e8f1f1e52166,2556.13,2557,97000000,512000000,
2025-12-06 11:32:06.249,0b8eb7f1-0574-43dd-b292-c5988897b135,3161.59,3162,90000000,512000000,
2025-12-06 11:32:06.246,d8b087b5-2773-4d83-bfef-f15ebe03d487,1986.04,1987,98000000,512000000,
2025-12-06 11:32:06.244,d1ddb845-9403-4982-994b-09fc514a7690,3103.18,3104,89000000,512000000,
2025-12-06 11:32:06.242,572a32bc-649b-4893-98c2-aa75fe15820b,2507.3,2508,98000000,512000000,
2025-12-06 11:32:06.240,b167f028-cfb7-4f51-8420-5ef8b5f4b1a4,1911.35,1912,99000000,512000000,
2025-12-06 11:32:06.238,ded18984-30b2-448b-a8a3-2bf9c097b55c,3178.03,3179,89000000,512000000,
2025-12-06 11:32:06.236,d07d2d91-facf-47fc-aba0-fb231494a2bc,3178.67,3179,92000000,512000000,
2025-12-06 11:32:06.232,acb50f07-fe0e-4b94-a6b1-f40cea2d0f9a,3180.41,3181,90000000,512000000,
2025-12-06 11:32:06.231,c93af238-4741-41fc-9f43-aec4e041ad68,3129.12,3130,89000000,512000000,
2025-12-06 11:32:06.227,ec7f5653-ff3f-44be-bcac-a8ffa0bdd61e,3160.54,3161,89000000,512000000,
2025-12-06 11:32:06.219,2369e9f0-ce54-4d9f-9503-6dccd0f37a8d,2462.64,2463,97000000,512000000,
2025-12-06 11:32:06.214,32d9ee69-4b63-4b60-bff5-471bf726b0a1,3080.03,3081,90000000,512000000,
2025-12-06 11:32:06.210,dae826f1-2c2f-47aa-88e7-2941778afb53,1950.57,1951,100000000,512000000,
2025-12-06 11:32:06.209,378025b6-733b-452b-bef2-13ff9011ace4,3109.56,3110,90000000,512000000,
2025-12-06 11:32:06.207,c9da3648-9eea-4a6f-971d-9f912f5ec2dd,3126.91,3127,89000000,512000000,
2025-12-06 11:32:06.206,f86346f8-1aab-4e77-adbc-696834b7d3f2,3166.34,3167,89000000,512000000,
2025-12-06 11:32:06.200,c9aa0446-c599-4937-96a6-91bd91115b4b,2455.99,2456,97000000,512000000,
2025-12-06 11:32:06.199,e69e6986-d154-4e21-94b2-1990c63ab9ac,3118.31,3119,90000000,512000000,
2025-12-06 11:32:06.198,f9ff3eb7-638d-490d-b075-d7558ce0f0f6,3210.97,3211,90000000,512000000,
2025-12-06 11:32:06.197,cc39fcf8-3ab1-4e84-b012-3c43389eec52,3042.23,3043,89000000,512000000,
2025-12-06 11:32:06.193,e5b406ba-6394-4059-b909-092d3ae31dad,3133.57,3134,90000000,512000000,
2025-12-06 11:32:06.192,ad1d2ae5-040d-4925-9ac8-02ed43021ad3,3204.72,3205,90000000,512000000,
2025-12-06 11:32:06.186,e96b81c8-4d27-49ab-922b-510f56cd54d0,2510.34,2511,97000000,512000000,
2025-12-06 11:32:06.177,5c854ae2-ef9d-4eb6-8290-5b22f2dfc967,3160.51,3161,90000000,512000000,
2025-12-06 11:32:06.169,b286ccf2-e5c1-4732-9cb0-588853ca8075,1887.33,1888,100000000,512000000,
2025-12-06 11:32:06.166,f4ddd5d2-b056-4c66-8f3f-c9171adb1f6c,3208.21,3209,92000000,512000000,
2025-12-06 11:32:06.166,0e424d8a-d24d-44b9-8381-dfa4c04e5da9,2452.46,2453,97000000,512000000,
2025-12-06 11:32:06.152,f6fb80f2-cc28-4696-a608-eb9d40b7e592,3163.16,3164,90000000,512000000,
2025-12-06 11:32:06.151,b948366a-06e7-4641-88b1-e38df181445f,3079.59,3080,90000000,512000000,
2025-12-06 11:32:06.146,336b54bd-f59c-4895-9871-5389d3a24c37,3179.42,3180,90000000,512000000,
2025-12-06 11:32:06.146,151fdc22-6a01-4394-a073-a4c83ec4e9b7,3207.4,3208,90000000,512000000,
2025-12-06 11:32:06.140,656710af-7ad2-4610-b15f-118850656447,3061.11,3062,90000000,512000000,
2025-12-06 11:32:06.137,830f218b-c479-4bc3-b44f-625a5b43255c,3140.78,3141,90000000,512000000,
2025-12-06 11:32:06.134,fca47975-afa1-42c3-895f-99334ac19a09,3067.91,3068,90000000,512000000,
2025-12-06 11:32:06.125,c5ca27bb-b5de-4dbb-9955-b0ddc1c45d9e,2017.88,2018,101000000,512000000,
2025-12-06 11:32:06.123,6c1cb61a-bbe7-4cd6-a1a9-ad5635423e90,3151.29,3152,90000000,512000000,
2025-12-06 11:32:06.120,1b24bc71-3fc2-4430-999b-bbda3d7f6b08,1980.13,1981,100000000,512000000,
2025-12-06 11:32:06.118,d7895de7-8553-419b-bfb1-96820cb4d21b,3199.38,3200,90000000,512000000,
2025-12-06 11:32:06.118,6d56d9e4-b6c6-4ebc-bc72-d2bd822a1f3b,3037.64,3038,90000000,512000000,
2025-12-06 11:32:06.117,668863dd-d580-4f75-88de-8268538cb26f,3174.78,3175,92000000,512000000,
2025-12-06 11:32:06.109,d9c74bf4-ae90-4064-ae5f-4055067b196f,3105.06,3106,90000000,512000000,
2025-12-06 11:32:06.109,f7de1fd4-5516-44b4-8d69-f5061107c428,1949.85,1950,99000000,512000000,
2025-12-06 11:32:06.106,b638ce2a-944c-4786-a661-fb30388376d2,3098.92,3099,91000000,512000000,
2025-12-06 11:32:06.105,8a2f8623-f766-4822-bca8-b052f2dccc96,2192.86,2193,99000000,512000000,
2025-12-06 11:32:06.097,b40cc36c-be7f-468d-aac0-5603d5ad5399,3177.05,3178,90000000,512000000,
2025-12-06 11:32:06.097,c68630f6-0e0c-43ab-adca-038b3f9c844f,3151.76,3152,90000000,512000000,
2025-12-06 11:32:06.090,e2e3922d-c4d8-4f50-aeb7-86b59de747ff,1993.45,1994,100000000,512000000,
2025-12-06 11:32:06.090,9a188b0e-4042-42e3-adcf-0c2e339538c5,3129.34,3130,90000000,512000000,
2025-12-06 11:32:06.085,c243a2c1-69ff-43a5-9ee7-7e43b0be25cf,3115.13,3116,90000000,512000000,
2025-12-06 11:32:06.085,86c5ac6c-6738-467a-88b1-fa0fed1232eb,2042.47,2043,99000000,512000000,
2025-12-06 11:32:06.083,944d5957-24ca-4a4c-bcbf-318bd9ea1c7e,3089.08,3090,89000000,512000000,
2025-12-06 11:32:06.081,89293eea-ea0c-4e99-8c2b-742429998b1b,2474.08,2475,97000000,512000000,
2025-12-06 11:32:06.078,b028f631-0abe-48cb-801e-86c794705e49,3161.73,3162,90000000,512000000,
2025-12-06 11:32:06.076,122067a8-ec8c-4c01-8699-ef631ce6500e,3180.43,3181,93000000,512000000,
2025-12-06 11:32:06.061,bb3b85b0-7ec1-4e99-aa0b-781f5beac2ff,3062.92,3063,90000000,512000000,
2025-12-06 11:32:06.055,145daed6-a350-4c98-bb49-de9cf8bd9c7b,3107.58,3108,90000000,512000000,
2025-12-06 11:32:06.045,ab64cbec-f7fe-4b99-a556-dbe07f90134b,3166.26,3167,89000000,512000000,
2025-12-06 11:32:06.041,a7cbbed7-4666-4525-bc5e-88b5102ccce3,3101.1,3102,90000000,512000000,
2025-12-06 11:32:06.031,c2dd8777-3b6a-4036-873e-8e0cac484237,3100.72,3101,90000000,512000000,
2025-12-06 11:32:06.029,b3e11b95-cbdd-492e-86d8-927a227ebd50,3057.55,3058,91000000,512000000,
2025-12-06 11:32:06.026,aa92ad32-a028-4744-b942-de7264c58078,3133.72,3134,90000000,512000000,
2025-12-06 11:32:06.024,6cf4f4ca-59ae-49c2-bfc7-72db89f36495,3139.3,3140,90000000,512000000,
2025-12-06 11:32:06.018,75459ad9-9ca4-471a-a0c3-3430040cd3ed,3163.06,3164,89000000,512000000,
2025-12-06 11:32:06.010,265a76ef-1e26-4eb7-9fff-b1b34b3d2953,3094.82,3095,90000000,512000000,
2025-12-06 11:32:06.006,2dc345dc-85e0-4ba2-a163-f5dda934851c,3129.29,3130,90000000,512000000,
2025-12-06 11:32:06.000,6db05096-8631-4009-8754-6519ac958ad9,2323.29,2324,97000000,512000000,
2025-12-06 11:32:05.994,db6976b9-3e71-405f-9d13-6823b5f7fb43,3144.01,3145,89000000,512000000,
2025-12-06 11:32:05.986,ef655c77-654c-4e03-81fd-c57450a60dfc,3113.3,3114,90000000,512000000,
2025-12-06 11:32:05.982,cdaf9d6c-41d9-4ffa-9a1f-38a3e74b6062,1917.43,1918,102000000,512000000,
2025-12-06 11:32:05.982,dec0319b-64d1-47ad-98bb-0b5abab43726,3031.41,3032,90000000,512000000,
2025-12-06 11:32:05.979,1ae09f06-f1ec-494c-9e4d-b48ff2bbf6c0,1931.46,1932,100000000,512000000,
2025-12-06 11:32:05.973,2f2a9ba0-7b5b-4dc9-ad7c-1dca5cf36089,2031.11,2032,99000000,512000000,
2025-12-06 11:32:05.961,5897dc61-17e3-4c07-bf2d-0f4e6faed1c6,3078.76,3079,89000000,512000000,
2025-12-06 11:32:05.951,367a898c-adc5-46cb-9516-d01683416ee0,3064.12,3065,89000000,512000000,
2025-12-06 11:32:05.947,5dfbf352-c94e-4f06-8644-9fd8e791b0d2,3079.13,3080,90000000,512000000,
2025-12-06 11:32:05.945,e89ba9e9-fe27-407e-8961-6c9fb0d876d7,1859.03,1860,99000000,512000000,
2025-12-06 11:32:05.943,c039f3d8-b4a9-464a-a975-fafcded2a772,1883.7,1884,99000000,512000000,
2025-12-06 11:32:05.936,4feaeb35-fb0c-4e0c-80a3-f2c074f7ae44,3146.96,3147,90000000,512000000,
2025-12-06 11:32:05.931,1d4a7172-1c14-4fec-a0f7-d5302557192b,3118.83,3119,89000000,512000000,
2025-12-06 11:32:05.930,43ca0234-d74c-4b0f-9456-92e4bd2aad9b,3120.18,3121,89000000,512000000,
2025-12-06 11:32:05.929,95c6a194-08ae-48bd-a26e-f35fcac5f9dd,3119.17,3120,90000000,512000000,
2025-12-06 11:32:05.924,7f034686-859b-416d-b13f-3bddfdbd1639,3096.27,3097,89000000,512000000,
2025-12-06 11:32:05.916,8b89ab3c-7058-4f82-9797-eb5ffeb59af6,3122.4,3123,89000000,512000000,
2025-12-06 11:32:05.909,8100becb-6c54-4633-93ab-10251e82c3d5,3049.45,3050,90000000,512000000,
2025-12-06 11:32:05.907,3b5ede45-365a-4368-a2fd-3e9925f74d78,3188.79,3189,90000000,512000000,
2025-12-06 11:32:05.899,e249e52f-e8f4-4fff-af3b-2dfc86401d94,1890.61,1891,100000000,512000000,
2025-12-06 11:32:05.895,a3d27b8d-0124-4f9d-9b99-74874be50dad,3084.56,3085,90000000,512000000,
2025-12-06 11:32:05.895,25eba1a3-81ae-49e9-9bcb-9cb0e71c453e,2426.62,2427,98000000,512000000,
2025-12-06 11:32:05.887,ea6bc120-2261-4055-b003-bd5c4e6b0407,3155.16,3156,90000000,512000000,
2025-12-06 11:32:05.881,93132e4e-a6a9-491a-a5c7-a2ffccebfc7a,1872.51,1873,100000000,512000000,
2025-12-06 11:32:05.878,03a79d44-9b5e-4f9e-86dc-0beea6b8ac1b,1946.32,1947,99000000,512000000,
2025-12-06 11:32:05.867,c18def36-f326-49c5-bb47-980367ee31e8,3046.17,3047,92000000,512000000,
2025-12-06 11:32:05.855,470daa62-fc90-4b13-b3ff-70406c6e2331,3059.2,3060,89000000,512000000,
2025-12-06 11:32:05.845,817eee57-c4ef-43ed-a526-bbe3ca809d3a,1982.24,1983,99000000,512000000,
2025-12-06 11:32:05.845,93d2c73f-6167-4ab7-99b1-640802d4590b,2003.43,2004,100000000,512000000,
2025-12-06 11:32:05.845,82027de3-0d55-4457-844f-b26aebe8f4e7,1982.62,1983,99000000,512000000,
2025-12-06 11:32:05.839,ceb03270-99e7-4c7c-a3aa-088cccdf3dbd,3125.68,3126,89000000,512000000,
2025-12-06 11:32:05.838,e00865ee-7db6-4333-9525-876db8dc00da,2541.98,2542,97000000,512000000,
2025-12-06 11:32:05.824,18587db4-a1fe-4e06-9745-27d3e5e943df,3148.59,3149,91000000,512000000,
2025-12-06 11:32:05.815,55e00888-9cef-4403-adec-ee9ccc2e4cee,2010.91,2011,99000000,512000000,
2025-12-06 11:32:05.814,6a726060-3a4b-46c4-9389-416cbde5eae9,3106.85,3107,90000000,512000000,
2025-12-06 11:32:05.814,98b4feae-d153-4e39-b662-7ddd113cfd2b,2027.23,2028,99000000,512000000,
2025-12-06 11:32:05.811,ee560919-b41c-4f40-8583-5854c0b282b3,1839.74,1840,100000000,512000000,
2025-12-06 11:32:05.805,8a727153-d3ee-47e3-82ea-64f22c327206,3045.03,3046,90000000,512000000,
2025-12-06 11:32:05.801,c3472288-65ca-4ccc-af94-96787001cf53,1955.31,1956,100000000,512000000,
2025-12-06 11:32:05.799,57a956d8-799a-4c39-9330-756b5ff165c2,3047.83,3048,90000000,512000000,
2025-12-06 11:32:05.774,86084067-566a-4d44-8743-d65edbda1c2e,1864.06,1865,100000000,512000000,
2025-12-06 11:32:05.771,f0ed7e4e-29e7-4e40-b319-0528d96b0cb3,2411,2411,97000000,512000000,
2025-12-06 11:32:05.769,594943b8-a201-446d-9432-a6c9300c78bf,1851.79,1852,100000000,512000000,
2025-12-06 11:32:05.764,7839a0ea-4d45-4487-96fb-b061a9d528da,2430.66,2431,97000000,512000000,
2025-12-06 11:32:05.764,7d223f4c-22d5-4d59-a20b-b9500d56437e,1830.9,1831,100000000,512000000,
2025-12-06 11:32:05.746,8a2586a6-e184-47e8-ad00-4269acf8e9f9,3009.62,3010,90000000,512000000,
2025-12-06 11:32:05.745,2d215389-d212-46bc-aa69-fb77f051d77d,2088.69,2089,99000000,512000000,
2025-12-06 11:32:05.744,272128c3-a5ef-45fb-8291-5b8c764a3140,1833.41,1834,98000000,512000000,
2025-12-06 11:32:05.738,2ba8ff38-1d07-4148-98f4-b625d4847b1b,2377.22,2378,97000000,512000000,
2025-12-06 11:32:05.726,654fd326-4a5f-49ee-9b19-84a19382016c,1844.84,1845,101000000,512000000,
2025-12-06 11:32:05.706,01e2ef28-2bd5-4e23-8988-cda2aa315b3a,3046.46,3047,90000000,512000000,
2025-12-06 11:32:05.700,dcb5f9e3-0674-4aa0-96bf-aeb81432457b,1854.51,1855,99000000,512000000,
2025-12-06 11:32:05.682,abebb8a1-5832-4f77-b76a-9031e9a6a157,3065.33,3066,90000000,512000000,
2025-12-06 11:32:05.678,e3e848f2-58d1-40f5-9b61-ed8ad51f8090,1913.72,1914,99000000,512000000,
2025-12-06 11:32:05.658,64627cd6-e164-4b7a-b982-8b90c6382105,2943.9,2944,90000000,512000000,
2025-12-06 11:32:05.643,d0a56091-b46c-4de7-aedb-7301fdd144fb,1872.87,1873,100000000,512000000,
2025-12-06 11:32:05.629,1d4ce523-2ebd-4d82-9da5-d923472ce57f,3113.5,3114,89000000,512000000,
2025-12-06 11:32:05.627,75a34356-191f-4c4d-a222-01dbd36f4256,3057.55,3058,89000000,512000000,
2025-12-06 11:32:05.610,81798f33-c2da-47d5-9c87-05222fb777d6,3016.45,3017,89000000,512000000,
2025-12-06 11:32:05.607,6bd81a80-a7cb-4008-aac7-72fd0ed9c863,3254.17,3255,90000000,512000000,
2025-12-06 11:32:05.575,146492bb-71c7-42f7-a58e-3ade90c00d56,1875.7,1876,101000000,512000000,
2025-12-06 11:32:05.569,bccee6f3-7f97-483a-b0db-9d0cc02eab59,1814.43,1815,100000000,512000000,
2025-12-06 11:32:05.563,9dd86e3d-1489-4741-9dad-3eb77b0b0a1e,1812.21,1813,99000000,512000000,
2025-12-06 11:32:05.549,9eef898a-b117-4ffb-b19b-59bfa4331f9a,1861.57,1862,100000000,512000000,
2025-12-06 11:32:05.543,32e36a77-7440-4f52-ad5e-8889ab9ff61f,3069.71,3070,92000000,512000000,
2025-12-06 11:32:05.540,13f320ea-9e7c-4a9b-8929-6e6ed982096d,1830.44,1831,101000000,512000000,
2025-12-06 11:32:05.535,32913d99-c06c-40f3-bdf1-a25a5f3887ee,2003.66,2004,100000000,512000000,
2025-12-06 11:32:05.519,a428d836-1ec5-4671-8e18-aa62b22ce3f3,1952.77,1953,100000000,512000000,
2025-12-06 11:32:05.506,a9ae739c-159b-4356-b928-ec1734b1babd,1903.12,1904,100000000,512000000,
2025-12-06 11:32:05.488,488c4be1-a048-413a-810d-1a9acfb008bd,1846.39,1847,99000000,512000000,
2025-12-06 11:32:05.488,1c10602d-0e9e-4dc4-9894-ea261a6d7ae0,1897.34,1898,101000000,512000000,
2025-12-06 11:32:05.426,99e93a61-4980-4fa4-b39b-b87ecc78c5ac,1871.7,1872,101000000,512000000,
2025-12-06 11:32:05.425,c515d59d-d18b-42f8-a49a-8f2a9e3914d7,1930.08,1931,98000000,512000000,
2025-12-06 11:32:05.413,4cd95828-4da3-4a0c-b2fd-c6d650166e42,1828.8,1829,101000000,512000000,
2025-12-06 11:32:05.389,a59452a1-5983-4764-a94d-7a7ecf28b236,1900.03,1901,99000000,512000000,
2025-12-06 11:32:05.381,dae954a8-2a2c-4245-bf28-ec09cda08bc3,1868.05,1869,101000000,512000000,
2025-12-06 11:32:05.365,c0ebb09b-6662-4d44-8a25-f5d019acb6fe,1934.22,1935,101000000,512000000,
2025-12-06 11:32:05.362,6793166f-1fb1-46ec-8ec6-96f9db375e1b,1924.11,1925,100000000,512000000,
2025-12-06 11:32:05.360,40dc232b-9666-46e1-8ce8-d00e77ea66bf,1792.18,1793,99000000,512000000,
2025-12-06 11:32:05.358,db6417d8-5d50-4dfe-8dc6-21923675a2a9,2918.97,2919,90000000,512000000,
2025-12-06 11:32:05.346,9d3494a3-1063-4047-afed-4f1b3f7486f3,3059.32,3060,89000000,512000000,
2025-12-06 11:32:05.324,5df41333-9e3d-432f-8a23-4c6297c9de8d,2884.29,2885,90000000,512000000,
2025-12-06 11:32:05.308,a0a9a6c2-46d8-4032-acf0-1c274c9a21bd,2981.39,2982,90000000,512000000,
2025-12-06 11:32:05.297,eb4a471a-b7a5-43c9-bf7a-590d6c7aea53,1894.01,1895,99000000,512000000,
2025-12-06 11:32:05.293,5b7137d7-05fb-436c-8289-31f1bb7d5485,1908.01,1909,100000000,512000000,
2025-12-06 11:32:05.284,7464ac3b-0189-44bc-bb89-989445a407d6,1908.72,1909,100000000,512000000,
2025-12-06 11:32:05.277,a6d203f2-50bc-4c61-ab45-a45c426a7e8c,1880.29,1881,100000000,512000000,
2025-12-06 11:32:05.268,10e870d6-77c2-4ff8-80a9-cb84f9c2e268,1883.43,1884,99000000,512000000,
2025-12-06 11:32:05.235,7cc08108-9976-463f-960f-e97ec9864fcf,1944.76,1945,99000000,512000000,
2025-12-06 11:32:05.231,24efc5b9-9fc9-432e-b86c-118b103e4b13,1975.32,1976,99000000,512000000,
2025-12-06 11:32:05.225,c3fe5b66-9705-449a-ac5d-45b5070b3412,2942.92,2943,90000000,512000000,
2025-12-06 11:32:05.205,3b7cc314-5c99-4a42-9683-a0d0cb2dff9e,1918.02,1919,99000000,512000000,
2025-12-06 11:32:05.203,25b223d2-0115-42fa-bb21-ceedbdea7c0b,2004.98,2005,101000000,512000000,
2025-12-06 11:32:05.199,b11305a3-41e7-4c5f-b5f0-c7152bcaa91f,1910.9,1911,100000000,512000000,
2025-12-06 11:32:05.194,f524cd1b-f0b8-44a3-b6d2-632522d59751,1891.02,1892,100000000,512000000,
2025-12-06 11:32:05.163,d4ee8c1c-c08b-40e9-8d85-c764085b6394,1869.47,1870,99000000,512000000,
2025-12-06 11:32:05.148,f86488d2-dfd5-4467-804d-c14843ca8ba5,1894.54,1895,100000000,512000000,
2025-12-06 11:32:05.146,e3669990-a3b7-47f1-9004-b1d9caf476e8,1849.93,1850,101000000,512000000,
2025-12-06 11:32:05.139,e4348f61-6b89-4bec-9556-c4050deb9a5d,1863.53,1864,100000000,512000000,
2025-12-06 11:32:05.084,11680004-39c8-4d4c-86ee-e5a01db4e7a1,1841.87,1842,99000000,512000000,
2025-12-06 11:32:05.071,ef64b76e-849c-4b12-842f-133450a35804,2878.01,2879,90000000,512000000,
2025-12-06 11:32:05.066,bca63448-b42b-464a-af11-c4089e09ecb6,1851.34,1852,100000000,512000000,
2025-12-06 11:32:05.052,dbb4e0e6-a6a1-408d-b2ea-44b81b66600c,1839.72,1840,102000000,512000000,
2025-12-06 11:32:05.042,b5853f86-21bf-4cc5-af8a-20b2b64ad279,1852.44,1853,101000000,512000000,
2025-12-06 11:32:05.030,96b7a31e-ac2b-4013-995c-ebd7e1a24357,2202.68,2203,97000000,512000000,
2025-12-06 11:32:05.011,2ce152b2-7e69-48cd-b7fb-42a4fc7672d8,1794.56,1795,100000000,512000000,
2025-12-06 11:32:05.005,911aa5b2-543c-4751-8a36-86770a4a0aae,2843.81,2844,92000000,512000000,
2025-12-06 11:32:05.002,46333952-ce92-4dc4-92f9-0d16c413e4cd,1809.52,1810,99000000,512000000,
2025-12-06 11:32:04.998,4e4ce8a8-e74c-4064-b1fa-94d10474c6b2,1891.91,1892,100000000,512000000,
2025-12-06 11:32:04.901,e5d7da24-0c09-485c-922c-0950d701dabf,2866.51,2867,90000000,512000000,
2025-12-06 11:32:04.894,17a265f5-7577-43b9-aeff-4de8198d505a,1851.05,1852,100000000,512000000,
2025-12-06 11:32:04.885,7cb53816-d2b2-486a-9e37-653960249416,2066.03,2067,97000000,512000000,
2025-12-06 11:32:04.883,7a55a4b7-aff3-4bfd-b3f8-d789cc741932,2793.33,2794,92000000,512000000,
2025-12-06 11:32:04.858,9d587b6c-0938-4dd8-9806-9ebbb4c93d77,2885.45,2886,92000000,512000000,
2025-12-06 11:32:04.840,ab9595f9-8f65-4551-a8dd-20bdbc893844,2752.74,2753,90000000,512000000,
2025-12-06 11:32:04.834,2c8fa740-3cab-49a9-b480-ab13e6f8c8d3,3254.8,3255,104000000,512000000,
2025-12-06 11:32:04.829,a00fd847-cf96-414b-a93c-51eb5a14aee5,2119.66,2120,97000000,512000000,
2025-12-06 11:32:04.748,0186b8ab-a9a8-46fd-8c1f-ba77c5cb3985,2961.5,2962,90000000,512000000,
2025-12-06 11:32:04.735,02067879-6d62-418e-826f-21abbe8e836b,2856.25,2857,89000000,512000000,
2025-12-06 11:32:04.682,8aa1ad95-ecda-4fe8-a762-fff8c5515b73,2603.84,2604,89000000,512000000,
2025-12-06 11:32:04.664,3683e7ec-3832-466b-b0bf-0ff35a63c274,2052.6,2053,97000000,512000000,
2025-12-06 11:32:04.657,ebbc8f13-9ccb-4351-ab6f-c16d817bd3f7,2739.26,2740,90000000,512000000,
2025-12-06 11:32:04.652,59c4397d-bfbd-4e46-beda-263435035c3e,3200.72,3201,92000000,512000000,
2025-12-06 11:32:04.651,e785a44f-b53b-4b2c-b8a6-410f4d3412c5,2867.68,2868,91000000,512000000,
2025-12-06 11:32:04.642,c73f70c6-d955-4a28-9bff-ac969c47114a,3188.5,3189,104000000,512000000,
2025-12-06 11:32:04.629,95bb802c-faca-4dd9-bb29-e1f149952381,3191.73,3192,104000000,512000000,
2025-12-06 11:32:04.619,db691900-e5d3-4e74-990e-06642c1194eb,2650.26,2651,90000000,512000000,
2025-12-06 11:32:04.615,0db40546-1985-4fa1-b4ad-04d7b04a88e8,2980.48,2981,89000000,512000000,
2025-12-06 11:32:04.603,68a2612b-687d-444f-9a93-6869ed33b3c3,2719.33,2720,91000000,512000000,
2025-12-06 11:32:04.590,efa62b26-76b6-4a91-9ab6-5047e527f04b,3101.07,3102,103000000,512000000,
2025-12-06 11:32:04.590,3ee0307c-45e5-4ce1-80f8-599aa6c10816,2059.07,2060,97000000,512000000,
2025-12-06 11:32:04.583,5dc292b2-9537-4d69-b984-e52c97a24276,2744.28,2745,90000000,512000000,
2025-12-06 11:32:04.554,3732277b-0a01-4dfa-a4a6-3d37461a31e8,2053.68,2054,97000000,512000000,
2025-12-06 11:32:04.539,365110aa-91c2-499e-a7f5-956782539913,2131.47,2132,97000000,512000000,
2025-12-06 11:32:04.516,58c41b87-d592-4763-a29a-ff7cb8d56ed7,2749.99,2750,90000000,512000000,
2025-12-06 11:32:04.511,d2c6e2e5-08e0-46a3-8ffb-faea97c1e791,2776.94,2777,89000000,512000000,
2025-12-06 11:32:04.506,5d14ff76-7151-4929-b0c6-fbb9aa5e99d8,3176.68,3177,104000000,512000000,
2025-12-06 11:32:04.475,55f8794b-6b1e-4225-84ea-eff04a10f46f,2091.23,2092,97000000,512000000,
2025-12-06 11:32:04.469,0b8fe472-a319-4833-b5f9-02e0e97da9c1,2699.35,2700,89000000,512000000,
2025-12-06 11:32:04.469,115498a6-72d9-4d33-a0ec-1e168aacc278,2079.8,2080,97000000,512000000,
2025-12-06 11:32:04.462,13ed7ca9-1c49-4efe-bd8f-deb3b4adca09,2740.05,2741,90000000,512000000,
2025-12-06 11:32:04.442,3204dd05-99fc-489f-bebb-043b9a773784,2758.24,2759,89000000,512000000,
2025-12-06 11:32:04.439,6cb97d67-d86f-44d8-8943-197fb2ec7d4b,2012.97,2013,97000000,512000000,
2025-12-06 11:32:04.430,40bbc803-63fc-4ce7-b844-0a91842c7f4a,2804.06,2805,90000000,512000000,
2025-12-06 11:32:04.405,b02886c2-c762-4344-95f2-b6a0d5380365,2687.45,2688,91000000,512000000,
2025-12-06 11:32:04.400,063ca895-6985-4205-a75e-7074010eb69a,2023.9,2024,97000000,512000000,
2025-12-06 11:32:04.379,b592ce44-c580-4968-90a2-cca384b2ab5d,2072.74,2073,98000000,512000000,
2025-12-06 11:32:04.357,31346037-76db-4075-9517-bbc6597efeea,2720.32,2721,90000000,512000000,
2025-12-06 11:32:04.353,7aeb5260-7f66-49fd-b2c6-d6aedb0639ae,3128.61,3129,104000000,512000000,
2025-12-06 11:32:04.347,ccfeb978-1c5b-4ee7-a3bb-1bc05e8a4c8d,2190.79,2191,97000000,512000000,
2025-12-06 11:32:04.330,b159decb-940c-4b05-8104-d44a0b7cdb60,2664.93,2665,90000000,512000000,
2025-12-06 11:32:04.318,77ebd624-beb7-4140-93a1-de91c342d51e,2068.89,2069,97000000,512000000,
2025-12-06 11:32:04.312,3ac820c5-b774-4925-aa37-f5b6169df409,2002.29,2003,98000000,512000000,
2025-12-06 11:32:04.308,2429a436-b94a-4539-893c-7977f048427b,3167.39,3168,104000000,512000000,
2025-12-06 11:32:04.301,01c35499-faac-4699-a458-14ffbc3dda3d,3211.42,3212,104000000,512000000,
2025-12-06 11:32:04.296,cd755a75-3fd0-4078-ac74-c9d9ba8da3ee,2114.89,2115,97000000,512000000,
2025-12-06 11:32:04.287,9d36ce21-aa0b-4147-96d1-c5d52d6ffcab,2654.99,2655,90000000,512000000,
2025-12-06 11:32:04.284,1a93f77b-2572-48d0-9d89-6bc3ff7eacef,2647.55,2648,89000000,512000000,
2025-12-06 11:32:04.281,7503d4f9-d3c4-4794-a900-50ebca929c4d,2665.47,2666,90000000,512000000,
2025-12-06 11:32:04.274,6a50ba36-e1f6-4730-92e2-9cd054fe2267,2148.4,2149,97000000,512000000,
2025-12-06 11:32:04.266,76ce5620-5eec-435b-8264-735314a9e5a7,2029.3,2030,97000000,512000000,
2025-12-06 11:32:04.260,1342a1fc-1547-4216-be37-f47275019334,2723.47,2724,89000000,512000000,
2025-12-06 11:32:04.260,fda4a183-6142-4ef8-a863-98ab094c4025,2693.68,2694,89000000,512000000,
2025-12-06 11:32:04.251,d8fee55d-9e1d-4d02-97cc-2868b6e220f7,2023.39,2024,97000000,512000000,
2025-12-06 11:32:04.246,4aee16b7-fdcb-4637-bfa9-37d2c8063397,2674.78,2675,90000000,512000000,
2025-12-06 11:32:04.245,f867139b-4168-43a2-95a0-93809a345300,1984.88,1985,97000000,512000000,
2025-12-06 11:32:04.240,c97746a8-4699-4b86-a487-ca2185798f5d,2658.86,2659,91000000,512000000,
2025-12-06 11:32:04.235,47f1d9de-27b6-4775-adc8-bebab4d5a7bc,3212.51,3213,104000000,512000000,
2025-12-06 11:32:04.225,7fe4f08a-52f4-45bf-8296-cf1e70d2a86b,2732.99,2733,93000000,512000000,
2025-12-06 11:32:04.220,208c280a-38a5-43c5-bfb4-a1db43aaf42f,2640.76,2641,91000000,512000000,
2025-12-06 11:32:04.220,e3fb23b8-2368-495e-b875-8ccd73979056,3061.24,3062,104000000,512000000,
2025-12-06 11:32:04.219,d9af1826-fb2f-485d-83fe-9dba9312b2da,3137.67,3138,103000000,512000000,
2025-12-06 11:32:04.218,d03bcadd-cced-4d87-8ec4-e0e9a39a0c67,3072.8,3073,104000000,512000000,
2025-12-06 11:32:04.212,f6e38a87-2684-4a22-85fe-d3e90a21d7a3,2640.26,2641,90000000,512000000,
2025-12-06 11:32:04.208,b62a48e4-b286-4b4f-85df-767e9105c4dc,2643.72,2644,89000000,512000000,
2025-12-06 11:32:04.201,3f63f43e-a0fe-42df-965d-378934177edf,3116.73,3117,104000000,512000000,
2025-12-06 11:32:04.199,011b9f71-2e86-4f79-a342-5c2a0423a90f,3084.05,3085,105000000,512000000,
2025-12-06 11:32:04.194,f15c2e9e-48cb-418f-8986-399fb395d59f,2013.14,2014,98000000,512000000,
2025-12-06 11:32:04.194,9a2dc8c4-0e80-4562-8428-70f77a657436,2046.03,2047,97000000,512000000,
2025-12-06 11:32:04.188,ddff0b7a-a506-450a-8dff-2d42bbaccfbe,2680.71,2681,90000000,512000000,
2025-12-06 11:32:04.169,82f49054-4af2-4dd8-a91a-01a4dcf4ee0b,2769.46,2770,90000000,512000000,
2025-12-06 11:32:04.162,8a9cf0d9-6307-46ce-af1b-f0639d4835ee,3345.38,3346,104000000,512000000,
2025-12-06 11:32:04.157,f059824e-170d-4993-be9c-4a25ac551462,2746.15,2747,90000000,512000000,
2025-12-06 11:32:04.147,2e3d82fe-9918-4dd2-9ec5-37b6411653c9,2605.8,2606,92000000,512000000,
2025-12-06 11:32:04.143,223f67b3-9e35-4efb-981f-809ee9acb8a5,2679.01,2680,92000000,512000000,
2025-12-06 11:32:04.135,dd4a3690-fad4-41b0-bb9f-18133c63f068,2107.97,2108,97000000,512000000,
2025-12-06 11:32:04.119,3904893c-e39c-427d-aef6-00d9fe5e8e05,2192.05,2193,97000000,512000000,
2025-12-06 11:32:04.095,4cbe27c8-d9a2-43f5-be6f-6d424c28c702,3080.86,3081,104000000,512000000,
2025-12-06 11:32:04.087,33ef1af3-99ae-46b1-b5a5-1b680fbd911a,2082.81,2083,97000000,512000000,
2025-12-06 11:32:04.087,6eb71f2e-af18-4427-9221-bf1aa3a4e594,2938.37,2939,104000000,512000000,
2025-12-06 11:32:04.084,ad6c7704-b50a-4230-8c0c-9d63820c3970,3034.87,3035,103000000,512000000,
2025-12-06 11:32:04.083,57b1770c-12ab-4246-9b8f-8aad5e752fed,1902.44,1903,98000000,512000000,
2025-12-06 11:32:04.064,1be6c4f1-11c7-4e13-ace1-805bbd5a91f2,2060.9,2061,97000000,512000000,
2025-12-06 11:32:04.057,13718b46-238f-4ca3-adf4-366701c7b75d,3121.86,3122,104000000,512000000,
2025-12-06 11:32:04.050,8c7400ef-aa4f-4d15-8b11-6ec6ab45bbd6,2565.11,2566,90000000,512000000,
2025-12-06 11:32:04.044,ba9bd605-72ef-4797-9d3d-304d34ecd998,1927.07,1928,97000000,512000000,
2025-12-06 11:32:04.040,0c2ed39b-7c31-4574-a399-d7b0023c6f52,1953.33,1954,97000000,512000000,
2025-12-06 11:32:04.031,b28444fe-5238-42b0-ac1b-664136611e92,3129.49,3130,104000000,512000000,
2025-12-06 11:32:04.027,58a59fe4-a8d9-4011-8010-14689a6e2a91,1928.83,1929,97000000,512000000,
2025-12-06 11:32:04.022,cab6ed47-595d-469f-9046-8f035e5a92f7,1888.66,1889,97000000,512000000,
2025-12-06 11:32:04.021,50fc3e7c-56e4-4322-aeb7-9b242c1b51ca,3022.83,3023,104000000,512000000,
2025-12-06 11:32:04.000,222795b5-6b3b-4445-8cdd-38aef8040a50,1981.58,1982,97000000,512000000,
2025-12-06 11:32:03.998,a4ee7457-dc33-4315-b71c-4eb2cd7bdf62,1902.65,1903,97000000,512000000,
2025-12-06 11:32:03.993,ab259e21-8f8f-48fb-8bf9-b805a8f59b6d,3322.29,3323,104000000,512000000,
2025-12-06 11:32:03.987,28b37b45-66c0-4e31-899f-9662e6d0febe,2710.54,2711,90000000,512000000,
2025-12-06 11:32:03.986,6bdae237-121f-41c7-830e-9ab376c8215d,2618.35,2619,90000000,512000000,
2025-12-06 11:32:03.953,572f20f8-0537-4b94-8e5d-b293d1131953,3133.65,3134,104000000,512000000,
2025-12-06 11:32:03.952,7cc3f573-158b-469e-a7a4-ba6d4af09dba,2759.85,2760,90000000,512000000,
2025-12-06 11:32:03.950,5768b44c-5a07-4823-8324-b3782f94bf7d,1963.88,1964,97000000,512000000,
2025-12-06 11:32:03.945,2a63ec96-e163-4290-9280-d26a2926aca1,3258.51,3259,104000000,512000000,
2025-12-06 11:32:03.945,e5f70863-1d53-47fb-8419-b483fbccec1b,2703.98,2704,90000000,512000000,
2025-12-06 11:32:03.942,394c4151-4274-42a3-8394-96f406a071a3,3311.91,3312,104000000,512000000,
2025-12-06 11:32:03.931,0953dace-a278-406f-b9c3-d2ffcf36edfe,2689.38,2690,89000000,512000000,
2025-12-06 11:32:03.924,09a5a472-0878-4a9e-a504-3f5d6f3ae675,3214.62,3215,104000000,512000000,
2025-12-06 11:32:03.922,db60f195-5f1b-4b41-ac73-e554db7dd147,1971.41,1972,97000000,512000000,
2025-12-06 11:32:03.920,d134add3-e4fa-4bd9-b95d-981fd8d51be9,2622.72,2623,90000000,512000000,
2025-12-06 11:32:03.917,705daf1c-9f6b-439e-a45b-d5c54c1ff3d1,3198.74,3199,104000000,512000000,
2025-12-06 11:32:03.915,9db65c89-ac66-4503-93e9-57e51d6081b9,1892.4,1893,98000000,512000000,
2025-12-06 11:32:03.913,3a744649-95d5-4931-a64e-128a0c49b8de,2055.75,2056,97000000,512000000,
2025-12-06 11:32:03.910,6f00c978-2a3a-4c28-8062-975253bc145c,1960.95,1961,97000000,512000000,
2025-12-06 11:32:03.905,9bd24c61-2e9a-406f-bf8f-3e2210ad9a29,3204.83,3205,104000000,512000000,
2025-12-06 11:32:03.904,896ffd9c-8408-4158-b7ab-8bf31128fbd8,2062.71,2063,97000000,512000000,
2025-12-06 11:32:03.903,a6a7aaa5-1830-4ff3-8f6a-8c006e23c805,1897.37,1898,97000000,512000000,
2025-12-06 11:32:03.893,11ee6a56-81d0-45e0-938a-a9827d114e83,1962.5,1963,97000000,512000000,
2025-12-06 11:32:03.893,3081fbea-3edd-4ea1-ad00-ef489a979b55,3259.29,3260,104000000,512000000,
2025-12-06 11:32:03.866,18c92336-8e48-4002-86a3-eb7bd069db60,1939.82,1940,97000000,512000000,
2025-12-06 11:32:03.848,9c4a3037-4dc5-4cc9-959c-ddf453458884,2637.43,2638,89000000,512000000,
2025-12-06 11:32:03.848,fb3a5585-c448-428c-ae70-1cb82934bb35,2198.13,2199,97000000,512000000,
2025-12-06 11:32:03.842,f1ef460b-c1dc-46c0-98a4-785443418e7d,2018.88,2019,97000000,512000000,
2025-12-06 11:32:03.825,03dab0ed-b096-4a70-a0a0-5405b09ec259,2180.24,2181,97000000,512000000,
2025-12-06 11:32:03.823,5d363500-232b-4c6a-b7d3-4123df0d882b,1940.54,1941,97000000,512000000,
2025-12-06 11:32:03.821,3eaf6dd2-152c-4548-abc0-d38c01241428,2154.81,2155,97000000,512000000,
2025-12-06 11:32:03.821,b162c4f0-5cdb-4114-b4b8-31d1f7cc6801,3304.21,3305,104000000,512000000,
2025-12-06 11:32:03.811,10847a38-149c-44dc-a5a3-f886ea4a3fbe,3019.1,3020,104000000,512000000,
2025-12-06 11:32:03.807,f220a037-74da-499c-b638-3934d78220e8,2631.3,2632,90000000,512000000,
2025-12-06 11:32:03.794,4abf6bfd-ec6d-4911-84dc-4e81ae0c0319,1984.36,1985,97000000,512000000,
2025-12-06 11:32:03.792,7b01f71e-a083-4fbe-a3d6-9cb0c1e4e2d1,2629.7,2630,90000000,512000000,
2025-12-06 11:32:03.792,750eee1b-6e53-4487-b49b-7e53a964429a,2595.01,2596,90000000,512000000,
2025-12-06 11:32:03.785,3ace0e6a-8c63-4728-a8a9-a74e522b6c41,3070.76,3071,104000000,512000000,
2025-12-06 11:32:03.783,da3b32b3-78de-4189-a166-1b4be2daa86b,3227.79,3228,104000000,512000000,
2025-12-06 11:32:03.776,96838ac9-6d25-4b9f-b076-164b05a01efb,3074.1,3075,104000000,512000000,
2025-12-06 11:32:03.771,62f8ef98-d712-4b56-8b9a-2950d5dd7416,2663.76,2664,90000000,512000000,
2025-12-06 11:32:03.763,8229cef8-4c4b-45a6-9246-045957f10e7f,1978.09,1979,97000000,512000000,
2025-12-06 11:32:03.762,e1946de5-0721-48b9-9805-b717e57760d1,3203.7,3204,104000000,512000000,
2025-12-06 11:32:03.761,5b500b2b-f066-4b40-a51c-e1dd5f9f5eb9,3404.71,3405,104000000,512000000,
2025-12-06 11:32:03.757,072033dc-3ba9-4afa-a88f-220dab49e62a,1949.75,1950,97000000,512000000,
2025-12-06 11:32:03.754,d99b1b28-7a8c-408e-9ea7-984415260123,2011.61,2012,97000000,512000000,
2025-12-06 11:32:03.746,9d5b620f-12ee-490b-bb02-17e003b421c7,1919.22,1920,97000000,512000000,
2025-12-06 11:32:03.743,015c298b-c5a9-47cc-ae36-a39afe23dec0,1953.1,1954,97000000,512000000,
2025-12-06 11:32:03.738,7ddfb02e-f722-48e9-9d84-bf7316ce5545,2727.63,2728,91000000,512000000,
2025-12-06 11:32:03.720,650cd706-ac92-414f-8210-5762d775d01c,2588.79,2589,91000000,512000000,
2025-12-06 11:32:03.719,2807f901-41c7-4046-8211-208701c97b32,2605.51,2606,90000000,512000000,
2025-12-06 11:32:03.718,db8bdb96-8d3a-4cb7-949f-7cc62a7010ee,3170.03,3171,104000000,512000000,
2025-12-06 11:32:03.717,a679458e-22aa-46b2-9733-e101f83c8c6d,2657.64,2658,90000000,512000000,
2025-12-06 11:32:03.716,b062df91-00f7-4e6f-baae-d952493081b5,2966.24,2967,104000000,512000000,
2025-12-06 11:32:03.702,90c32e64-1fe9-4ec3-92fc-6259b35d2549,1899.83,1900,98000000,512000000,
2025-12-06 11:32:03.694,df9351e5-648b-4aa8-93ab-d71742fe624c,3168.68,3169,104000000,512000000,
2025-12-06 11:32:03.691,4fc18595-5f3b-4afa-be0a-5c4301cda371,1961.44,1962,98000000,512000000,
2025-12-06 11:32:03.689,d48db02d-fb06-4dd9-ab1b-e74983b8f011,2723.05,2724,90000000,512000000,
2025-12-06 11:32:03.688,2f724ee5-5c9b-47c3-a5e6-3f5459e0a6e6,2572.05,2573,90000000,512000000,
2025-12-06 11:32:03.678,c6bcf402-fb2c-4ac3-a773-639eaec6deea,3071.7,3072,103000000,512000000,
2025-12-06 11:32:03.673,df49d1cb-eec0-419b-ae81-7f4a7ce3c3b9,1911.86,1912,97000000,512000000,
2025-12-06 11:32:03.665,91696e09-42d4-4af9-9cc5-a14eedab4949,2961.65,2962,104000000,512000000,
2025-12-06 11:32:03.665,54fcabd8-3018-4faa-b432-3fe28f2d1ee6,2588.07,2589,90000000,512000000,
2025-12-06 11:32:03.661,f93c4555-d682-4907-a861-6d30b7478448,3105.72,3106,103000000,512000000,
2025-12-06 11:32:03.659,d3f370b3-e477-4224-b33f-7aac8117b7b5,2540.72,2541,90000000,512000000,
2025-12-06 11:32:03.642,4cfcb898-a59d-4d3e-a141-59e8acc1d6ed,2066.84,2067,97000000,512000000,
2025-12-06 11:32:03.630,bcab26d1-9a49-483c-8df7-a46faeabe5f5,2874.13,2875,104000000,512000000,
2025-12-06 11:32:03.630,0295867a-53ec-412f-8069-59128d8cd7dc,3041.48,3042,104000000,512000000,
2025-12-06 11:32:03.628,83fcb468-de77-4739-9f77-7b0ff1916cc3,2023.27,2024,97000000,512000000,
2025-12-06 11:32:03.624,281312cb-21de-492f-be40-90532baaa1ee,3155.84,3156,104000000,512000000,
2025-12-06 11:32:03.620,3e6f1f9b-b773-42dc-b958-27dfbbef1dfb,2995.83,2996,103000000,512000000,
2025-12-06 11:32:03.611,b4520e06-1f2b-4fb9-bb08-ae73eeb70a19,2995.67,2996,103000000,512000000,
2025-12-06 11:32:03.610,d82bb184-6bbc-4368-8d10-842f59c2dd3f,3111.65,3112,104000000,512000000,
2025-12-06 11:32:03.604,3b468c1b-179e-47da-a566-6395d3feb36b,2585.82,2586,91000000,512000000,
2025-12-06 11:32:03.603,6291af95-6cc6-4c81-aca6-f494cac6b1fd,3009.35,3010,104000000,512000000,
2025-12-06 11:32:03.590,93950089-4c61-4945-8778-4614d88b9556,3003.57,3004,103000000,512000000,
2025-12-06 11:32:03.578,294d55dc-1cc9-4960-a964-b5e2ba20b4bd,2879.11,2880,104000000,512000000,
2025-12-06 11:32:03.560,a7faeea9-cf81-4e06-b64c-6e4901f2fde5,2089.84,2090,97000000,512000000,
2025-12-06 11:32:03.556,344b3fb6-5988-45b7-944e-7f9454dff992,3157.27,3158,104000000,512000000,
2025-12-06 11:32:03.552,36aa07cc-0739-4724-b02a-f8ed7bc46a09,3175.38,3176,104000000,512000000,
2025-12-06 11:32:03.551,8880d515-4008-4e3e-9453-805eaf4e18b5,3010.09,3011,104000000,512000000,
2025-12-06 11:32:03.543,81b34596-ab0d-41f7-a00f-db0f06ffb47f,2034.55,2035,97000000,512000000,
2025-12-06 11:32:03.542,0775aab0-3f37-4bfa-a038-221bf0e6151f,1821.67,1822,98000000,512000000,
2025-12-06 11:32:03.541,e65079f2-6b83-4a84-aa2a-6ddb9d95d9c1,3148.74,3149,103000000,512000000,
2025-12-06 11:32:03.540,65786ca8-1dd0-4bbf-ad9f-ada044789844,3095.93,3096,104000000,512000000,
2025-12-06 11:32:03.536,4cd74506-bd23-418d-bd15-756c2097143e,2957.92,2958,104000000,512000000,
2025-12-06 11:32:03.532,225affad-f046-4668-9033-1dcde4a8dfcf,1970.42,1971,97000000,512000000,
2025-12-06 11:32:03.532,a39cc2ca-4b1d-4c67-b3f1-af1ea01379a1,3276.13,3277,102000000,512000000,
2025-12-06 11:32:03.516,9b9bc47b-4d71-4f6b-92eb-d99f78db88ec,2060.87,2061,97000000,512000000,
2025-12-06 11:32:03.516,93de66df-43ad-47c3-945f-17fed60fcd68,3146.78,3147,104000000,512000000,
2025-12-06 11:32:03.512,938b5010-1aba-4b3f-adf1-b0b175c5a6a0,3035.27,3036,104000000,512000000,
2025-12-06 11:32:03.509,5c8653ef-b37c-475e-8d54-66851e6d4361,3176.01,3177,104000000,512000000,
2025-12-06 11:32:03.507,f5827120-7ce2-45cb-9713-fc6b66b33326,2032.84,2033,97000000,512000000,
2025-12-06 11:32:03.504,d6baa898-3160-45e0-bd9f-453827319db9,3113.29,3114,104000000,512000000,
2025-12-06 11:32:03.502,7ed1dce8-a2e4-4809-abe0-457556af16d3,1912.08,1913,97000000,512000000,
2025-12-06 11:32:03.493,71d261a9-0ca1-4ea5-8440-535bb514babb,3143.13,3144,104000000,512000000,
2025-12-06 11:32:03.490,6b221cfd-686d-402a-9e7d-225f29cd7872,3086.65,3087,104000000,512000000,
2025-12-06 11:32:03.490,ec76e081-d091-4418-94e7-904488f6e0df,3258.29,3259,104000000,512000000,
2025-12-06 11:32:03.484,2d3c1836-98c3-4e1f-8cc2-c5d7ec4fc7ef,1981.11,1982,97000000,512000000,
2025-12-06 11:32:03.477,f5730405-94a3-4b7c-95ba-a3eee22fb29e,2999.3,3000,104000000,512000000,
2025-12-06 11:32:03.471,9cb70f36-0208-4306-a004-d7197e202fe6,1967,1967,98000000,512000000,
2025-12-06 11:32:03.470,b9a46278-3fb2-4e6d-b86e-171c87afe0c9,3117.2,3118,104000000,512000000,
2025-12-06 11:32:03.459,c9f07ed7-b4d4-49ef-bfe9-a1c196b01392,3092.98,3093,104000000,512000000,
2025-12-06 11:32:03.456,e85fab8d-041c-4db8-9c16-ca16e110efec,3214.87,3215,102000000,512000000,
2025-12-06 11:32:03.456,519ed5cf-9709-4ea5-ab2a-31479f829eb1,2687.97,2688,90000000,512000000,
2025-12-06 11:32:03.445,70a5bf37-d56c-4414-babb-641fa3aa49db,3137.9,3138,104000000,512000000,
2025-12-06 11:32:03.443,5591d7e7-10c6-4bab-82d0-d2b59799a6dc,3138.94,3139,104000000,512000000,
2025-12-06 11:32:03.438,24c732e9-cc98-4ed3-9e7d-8ca41fbbaed7,3121.07,3122,104000000,512000000,
2025-12-06 11:32:03.437,e3f4e178-33c1-4ead-a9f6-39e5822d12bc,3086.48,3087,102000000,512000000,
2025-12-06 11:32:03.434,5f4b3dae-f9a4-4a32-a058-54121309fcb5,3283.81,3284,104000000,512000000,
2025-12-06 11:32:03.425,edd72e73-e7f5-4cd8-bd36-08ddc6058dd3,2973.57,2974,104000000,512000000,
2025-12-06 11:32:03.424,775f2d2a-f2ff-4140-be13-3f7bb2e881b6,3087.05,3088,104000000,512000000,
2025-12-06 11:32:03.424,2d11c260-814a-4d04-8cc9-71c2d303d39b,3135.38,3136,104000000,512000000,
2025-12-06 11:32:03.423,d540d80d-7dc8-43d2-b9b2-1aba18952fd7,1972.45,1973,97000000,512000000,
2025-12-06 11:32:03.422,1fbfc81c-b3af-4b14-a5fb-c4c87c97c3ee,1987.34,1988,97000000,512000000,
2025-12-06 11:32:03.420,a0e2604e-9dbe-4071-adad-67110097ea51,2554.73,2555,90000000,512000000,
2025-12-06 11:32:03.414,927e59de-ab5a-4624-a398-1585d070056d,1976.51,1977,97000000,512000000,
2025-12-06 11:32:03.411,768f826c-1c3b-483e-95b5-09d695cc5688,3035.59,3036,104000000,512000000,
2025-12-06 11:32:03.409,ec4022c2-7c64-4d6b-b548-cb78a8c65833,3095.97,3096,104000000,512000000,
2025-12-06 11:32:03.408,e3e0cc65-f0de-4818-8392-0d2638024e84,3098.18,3099,104000000,512000000,
2025-12-06 11:32:03.397,6c3d9c1e-bb7f-4bb8-9f90-2de8d695a755,3077.16,3078,104000000,512000000,
2025-12-06 11:32:03.396,4a731e1b-ffd8-4013-8f01-923e944c4351,2992.82,2993,103000000,512000000,
2025-12-06 11:32:03.394,694596db-106f-46f2-bb0c-1e037bca52e0,2084.32,2085,97000000,512000000,
2025-12-06 11:32:03.391,8eedea4d-f46d-47ff-a515-575b98d565f6,3258.4,3259,104000000,512000000,
2025-12-06 11:32:03.389,825b750f-bb57-4b26-87ba-4b40849f43c5,3109.45,3110,104000000,512000000,
2025-12-06 11:32:03.389,dd0fdc3d-08d3-4a5f-9c52-876ac992ed24,1932.52,1933,97000000,512000000,
2025-12-06 11:32:03.386,75ea584b-3873-4604-b587-466b0c51dda5,2995.5,2996,104000000,512000000,
2025-12-06 11:32:03.385,1a85c51c-8098-4c8f-9fbe-1ceabcfa5698,2977.32,2978,103000000,512000000,
2025-12-06 11:32:03.379,7da4b3d9-8d4f-487a-ba23-4e578a4c5f7b,3179.24,3180,104000000,512000000,
2025-12-06 11:32:03.369,5352d778-e82c-417c-a10c-0f518b3d2e9e,2002.07,2003,97000000,512000000,
2025-12-06 11:32:03.367,2d5de5f0-f488-47cf-8564-450f96ba8204,2026.18,2027,97000000,512000000,
2025-12-06 11:32:03.365,3f2ad98d-1e4e-4dbf-ac99-2f52080a1bc3,3053.01,3054,104000000,512000000,
2025-12-06 11:32:03.365,4edc087b-79b9-4ed1-b4f5-a7be55462d24,1994.8,1995,97000000,512000000,
2025-12-06 11:32:03.359,1de04aa1-9a7f-4a6a-988b-5c83c10b9960,3078.87,3079,104000000,512000000,
2025-12-06 11:32:03.358,51e9678a-b742-4a5a-94f5-274c37605e60,3151.91,3152,104000000,512000000,
2025-12-06 11:32:03.356,41a5f875-9875-485a-8519-991c6b4f9a2e,2532.21,2533,90000000,512000000,
2025-12-06 11:32:03.351,3405fbde-7438-402e-8a48-ef42ddbd84ac,3168.54,3169,104000000,512000000,
2025-12-06 11:32:03.332,02b404e0-be17-48f6-8a44-338691eabbcf,2998.37,2999,103000000,512000000,
2025-12-06 11:32:03.331,63fecd89-437a-418d-8f6e-d0a84b222b32,2664.93,2665,91000000,512000000,
2025-12-06 11:32:03.329,310ffee7-91e7-4a55-984e-9ce78b2b5980,3101.34,3102,104000000,512000000,
2025-12-06 11:32:03.323,3ba7612d-88b1-449f-a9a0-3ae1a03552e7,2592.34,2593,90000000,512000000,
2025-12-06 11:32:03.322,84233853-1452-4e2a-aa08-019f250f1777,3018.55,3019,104000000,512000000,
2025-12-06 11:32:03.319,187ad43b-6451-41f6-bdfb-30f3715d4c6e,3217.36,3218,103000000,512000000,
2025-12-06 11:32:03.314,752edcfb-0d87-4957-a6c8-2385366ef939,3175.77,3176,104000000,512000000,
2025-12-06 11:32:03.312,03fe7de4-ffe7-4e39-a911-7febaa265dc7,3182.92,3183,104000000,512000000,
2025-12-06 11:32:03.299,bfb8f3e6-2a68-4df5-8a63-929402095949,3043.84,3044,104000000,512000000,
2025-12-06 11:32:03.295,43acb907-cddc-4958-a3a9-62e5dc69e1af,1987.68,1988,97000000,512000000,
2025-12-06 11:32:03.292,185e028d-a55d-407a-93c6-56270746aad5,3050.8,3051,104000000,512000000,
2025-12-06 11:32:03.286,54a6ef0b-c05c-4fc0-aa10-6dea205aaeb2,3093.3,3094,104000000,512000000,
2025-12-06 11:32:03.285,3aa66426-eee4-4890-9e50-dcb319ed27a1,1934.88,1935,97000000,512000000,
2025-12-06 11:32:03.285,d2edc7f9-33e4-40ac-95aa-da59b92bda5d,1888.94,1889,98000000,512000000,
2025-12-06 11:32:03.280,de0cf6b9-a3e3-4a2f-848b-949c354a58b0,2589.94,2590,91000000,512000000,
2025-12-06 11:32:03.279,8c2b959a-fb20-4fba-a94d-fffa5f8d17bb,3112.62,3113,103000000,512000000,
2025-12-06 11:32:03.277,eae41f64-2421-4961-bd58-d890ddb3ef72,2090.15,2091,97000000,512000000,
2025-12-06 11:32:03.275,46bf02ee-e51e-4b6f-bf3c-e1767fbed7dd,1923.88,1924,97000000,512000000,
2025-12-06 11:32:03.275,bc4c7fba-65f5-493b-a09d-e07ffb92d92a,3018.8,3019,104000000,512000000,
2025-12-06 11:32:03.267,1de07370-2b23-4faa-bb23-7ed027274a94,2001.9,2002,97000000,512000000,
2025-12-06 11:32:03.265,425263ba-06b2-4d8d-a450-8cdfddd376fe,3077.85,3078,103000000,512000000,
2025-12-06 11:32:03.260,910afa78-19fe-40d4-8b37-e7867bad3d23,1933.82,1934,97000000,512000000,
2025-12-06 11:32:03.252,fbbbcda3-a587-4b2f-b78f-269aa8b7ea69,3149.97,3150,104000000,512000000,
2025-12-06 11:32:03.251,fbe88245-8d95-4a4f-8d05-2830d529d6e0,2951.42,2952,104000000,512000000,
2025-12-06 11:32:03.242,285815bd-7713-456f-9b72-2c191c4cdcd7,3093.21,3094,104000000,512000000,
2025-12-06 11:32:03.239,a35eb975-e7aa-4c6d-9ba9-71d6a53b4fc0,3121.88,3122,104000000,512000000,
2025-12-06 11:32:03.237,33f508be-fcdf-476c-8b64-5608fa498df7,3108.87,3109,104000000,512000000,
2025-12-06 11:32:03.233,9fc92d31-e356-4933-8a1c-6259192a9c6f,3159.99,3160,104000000,512000000,
2025-12-06 11:32:03.229,0aca3077-a520-4d88-a7a8-0127398db67c,1952.54,1953,97000000,512000000,
2025-12-06 11:32:03.228,e5ef92bf-bc40-4ef2-8f93-d145141afc70,3060.02,3061,104000000,512000000,
2025-12-06 11:32:03.228,a4a819a8-fe4a-4201-a815-b9ebf0e4a9e4,1986.08,1987,97000000,512000000,
2025-12-06 11:32:03.227,29b597d1-9c05-450e-b800-0b516ef4c1b1,1944.03,1945,98000000,512000000,
2025-12-06 11:32:03.216,ccaed4a6-525f-4ad5-b630-62eb40bfd0ce,3143.61,3144,103000000,512000000,
2025-12-06 11:32:03.207,ae5c68bf-1705-47ba-a57d-e80fca15ef00,1951.66,1952,97000000,512000000,
2025-12-06 11:32:03.202,e0b480c8-9683-4aec-96fa-53d13233d6d2,3038.64,3039,104000000,512000000,
2025-12-06 11:32:03.199,a829c043-e0ba-42a6-9cd9-0792528762d3,2887.28,2888,100000000,512000000,
2025-12-06 11:32:03.198,3d34c751-1a71-4289-b911-4f6c943d8544,3119.16,3120,104000000,512000000,
2025-12-06 11:32:03.185,85be4032-1655-477a-afb1-ebaabc5bcc15,1964.59,1965,97000000,512000000,
2025-12-06 11:32:03.181,1c26c85f-9015-4c7f-acf0-491eaf289a88,1929.07,1930,97000000,512000000,
2025-12-06 11:32:03.179,fb271794-ec61-4a88-a401-76dc8732b91d,3094.8,3095,104000000,512000000,
2025-12-06 11:32:03.179,7d727bbf-f3c9-425c-a030-e1a13f729ff5,1932.05,1933,97000000,512000000,
2025-12-06 11:32:03.178,3d92f204-e3c7-4d51-ae03-785cd6fa527f,2997.19,2998,103000000,512000000,
2025-12-06 11:32:03.177,c1de7b28-d201-433f-bc5a-3bf0b67f4f37,2986.86,2987,103000000,512000000,
2025-12-06 11:32:03.174,7e793689-44ec-4053-9390-a5f20218634b,2967.61,2968,104000000,512000000,
2025-12-06 11:32:03.159,49be52b9-26da-4f2b-bdea-6d6a872cd121,3080.02,3081,104000000,512000000,
2025-12-06 11:32:03.147,44847c70-610f-4d13-b634-1ff3e7bf4924,3043.58,3044,104000000,512000000,
2025-12-06 11:32:03.146,e015d217-5305-4089-ad0a-db1834e28340,2935.78,2936,104000000,512000000,
2025-12-06 11:32:03.141,411ded12-0520-4364-8d55-5da881e7a614,3075.54,3076,102000000,512000000,
2025-12-06 11:32:03.140,522ee2ff-8534-4458-9a7a-0cf9ac048925,2976.92,2977,104000000,512000000,
2025-12-06 11:32:03.129,8ef3350c-e402-4f2b-8392-dbcb38fe347f,3062.24,3063,104000000,512000000,
2025-12-06 11:32:03.128,94054c24-9ac1-4043-807b-d222a320f2ca,3040.66,3041,104000000,512000000,
2025-12-06 11:32:03.126,9fe12402-c4e8-457d-9953-8b3e09389d7c,2993.81,2994,104000000,512000000,
2025-12-06 11:32:03.123,8aeef504-5c94-40c8-92dd-30ecd7fd2b0c,3044.94,3045,104000000,512000000,
2025-12-06 11:32:03.123,bd57824c-b0ce-40e6-a5c9-bede81c11c49,3058.4,3059,104000000,512000000,
2025-12-06 11:32:03.123,99668b32-b114-4ccf-a7f8-f963d2d3dbfa,3057.88,3058,104000000,512000000,
2025-12-06 11:32:03.117,395a7612-7588-409c-848f-196e35ea74ff,3096.34,3097,104000000,512000000,
2025-12-06 11:32:03.116,b5a82ba7-0174-4810-b448-88c589cf7132,3117.14,3118,104000000,512000000,
2025-12-06 11:32:03.114,8789e498-5755-48af-bb1b-7f9b75520222,3046.04,3047,104000000,512000000,
2025-12-06 11:32:03.114,cdae90de-9f37-4e3c-8baa-1e8631a6e8a5,3034.3,3035,104000000,512000000,
2025-12-06 11:32:03.113,13f5422c-96c8-4226-bc90-b0316997aa5b,3080.37,3081,104000000,512000000,
2025-12-06 11:32:03.112,9bcc168d-2b8e-4736-bb19-45ff17449cae,1953.92,1954,98000000,512000000,
2025-12-06 11:32:03.112,44a973b1-4622-43b6-b51c-d516e51df283,1907.74,1908,97000000,512000000,
2025-12-06 11:32:03.112,7df316b2-f507-4c4a-ae25-5235d583dc8c,3043.01,3044,104000000,512000000,
2025-12-06 11:32:03.102,e678bb31-d2df-4c9d-acae-0f2a015511c5,2996.5,2997,104000000,512000000,
2025-12-06 11:32:03.100,e37acf93-f8a5-4178-b7af-cfe98b2d0ee0,3093.95,3094,104000000,512000000,
2025-12-06 11:32:03.097,050d89a6-7e99-4bfe-877a-b0c15737e4a1,2805.14,2806,103000000,512000000,
2025-12-06 11:32:03.095,ee4385b9-6cb6-4321-9ef7-6545f7f6741a,3076.23,3077,103000000,512000000,
2025-12-06 11:32:03.095,a56f6045-98a2-4d81-afd7-da26276b1fca,3019.33,3020,104000000,512000000,
2025-12-06 11:32:03.095,f44ffd3f-1ff0-49c9-9508-b92bbb571805,1962.79,1963,97000000,512000000,
2025-12-06 11:32:03.093,588683fd-369f-47f5-86b0-a7347d3d1a83,2943.79,2944,104000000,512000000,
2025-12-06 11:32:03.091,7a1b9076-088f-4ccc-99c8-7a744facc00b,3138.01,3139,104000000,512000000,
2025-12-06 11:32:03.090,74dcd62f-fc75-4271-9eeb-0bc3cf5a515f,2943.33,2944,104000000,512000000,
2025-12-06 11:32:03.081,bcd30bbb-f23c-4c79-b540-7b5718f98a24,3075.86,3076,103000000,512000000,
2025-12-06 11:32:03.079,deda2310-db1b-4f74-81e7-ecab511b8fb3,2993.21,2994,104000000,512000000,
2025-12-06 11:32:03.075,6b0eca39-1f03-40d0-99b7-a40926570e9d,3106.49,3107,104000000,512000000,
2025-12-06 11:32:03.067,d2b720ee-cedc-4aef-a194-00cc39cfd6d4,3120.61,3121,102000000,512000000,
2025-12-06 11:32:03.056,7161561c-48ec-4723-b258-2af0aec24f30,2929.81,2930,104000000,512000000,
2025-12-06 11:32:03.056,aceee175-2a29-4bbd-a8c7-cd8bdd432d4d,3055.32,3056,104000000,512000000,
2025-12-06 11:32:03.045,2f2fa13d-1c50-4e5a-ad0f-e96fdf203d7d,2976.54,2977,105000000,512000000,
2025-12-06 11:32:03.043,d590a69e-23f5-4670-af7c-0a375eaac5ba,3041.72,3042,104000000,512000000,
2025-12-06 11:32:03.043,b1557eda-6a65-46c4-bed1-aba667a92dd3,3070.75,3071,104000000,512000000,
2025-12-06 11:32:03.042,1f9c7ef6-b0d4-483f-8848-f540cab13b18,3055.26,3056,104000000,512000000,
2025-12-06 11:32:03.041,fa5421c1-91ff-476d-a4e9-5e5f6778debc,3062.24,3063,104000000,512000000,
2025-12-06 11:32:03.041,7898b194-0057-48a6-a9b9-03e26c3ece6d,2976.49,2977,104000000,512000000,
2025-12-06 11:32:03.036,e50fc6ed-f35d-4b84-978b-9867a1ccbfa8,1922.12,1923,97000000,512000000,
2025-12-06 11:32:03.030,c32c971a-332b-41eb-9b97-62e8f0e20fb7,2989.84,2990,104000000,512000000,
2025-12-06 11:32:03.028,f165184b-ea63-406a-9eae-450ea1b65dd3,3114.84,3115,104000000,512000000,
2025-12-06 11:32:03.026,4b2110d5-5403-4968-9f55-1f090f7745e3,2968.62,2969,104000000,512000000,
2025-12-06 11:32:03.025,c1d6da9e-0ac2-4e1f-8188-258f69a5d180,2986,2986,104000000,512000000,
2025-12-06 11:32:03.025,f407cf08-faa2-45c4-b5cb-cb814a865a45,2886.91,2887,103000000,512000000,
2025-12-06 11:32:03.018,630e64da-043c-4757-b33a-f2445e33b203,3050.12,3051,103000000,512000000,
2025-12-06 11:32:03.017,d640f2b5-94bb-41d9-be46-e27ccfff5ca1,3103.2,3104,104000000,512000000,
2025-12-06 11:32:03.013,2468e3b7-a0af-4032-b867-e9e44aae7b6b,3039.24,3040,104000000,512000000,
2025-12-06 11:32:03.012,4e17f637-2dbd-4c64-a94b-6d740df63cc0,2926.9,2927,104000000,512000000,
2025-12-06 11:32:03.009,fb923311-b987-437d-b7d3-d843c99b70d1,3062.71,3063,103000000,512000000,
2025-12-06 11:32:03.005,b7774461-fd3c-4b75-aa31-92cb60c6200e,2858.94,2859,103000000,512000000,
2025-12-06 11:32:03.005,c249a901-70ca-429d-890a-195903229cef,3033.73,3034,104000000,512000000,
2025-12-06 11:32:03.002,31ef4695-d677-4271-a718-00724a8b854d,2933.74,2934,104000000,512000000,
2025-12-06 11:32:03.001,0191d708-6fef-47b6-85d3-766deed80737,3039.63,3040,104000000,512000000,
2025-12-06 11:32:03.000,32a975e5-2f07-45dc-bc20-0322a0247cb1,3068.9,3069,104000000,512000000,
2025-12-06 11:32:02.999,ba60a26f-b6c2-43f7-9b3d-11c41837276f,2998.49,2999,104000000,512000000,
2025-12-06 11:32:02.995,f593f4a0-f260-40a0-932d-4a84f33158bb,2989.01,2990,104000000,512000000,
2025-12-06 11:32:02.988,18f63f55-2cc3-4d68-abad-692e9f9c8678,2979.66,2980,104000000,512000000,
2025-12-06 11:32:02.986,474de3d6-95fc-4ce7-b738-83b7f5c6aa77,3038.43,3039,104000000,512000000,
2025-12-06 11:32:02.986,19773c42-1624-4b57-9f67-b9dc4e15e69f,2982.11,2983,104000000,512000000,
2025-12-06 11:32:02.986,0339a747-baad-4e31-a2df-9131a5861aba,3038.99,3039,104000000,512000000,
2025-12-06 11:32:02.981,9155ebbb-fdde-47a9-afd7-f810b7e27b36,2991.99,2992,104000000,512000000,
2025-12-06 11:32:02.977,fefe37a8-adf7-4f01-860e-befd69da0613,3018.73,3019,104000000,512000000,
2025-12-06 11:32:02.976,4e8292c6-b8b3-4340-83bd-0a8568b5aea7,3031.83,3032,104000000,512000000,
2025-12-06 11:32:02.964,c4ff2cdd-67da-44d4-a106-ec45a24c6fa4,3048.28,3049,104000000,512000000,
2025-12-06 11:32:02.955,a9c5e0a2-2a90-4755-8efc-daf4beccb08e,3069.43,3070,104000000,512000000,
2025-12-06 11:32:02.952,df5040f0-f72e-4250-bc65-54c821963d8a,2968.49,2969,104000000,512000000,
2025-12-06 11:32:02.951,17194e3d-1a4b-462f-a0da-49a8845d7d7a,2936.8,2937,103000000,512000000,
2025-12-06 11:32:02.947,50d50192-644f-4cdf-81b0-143067682b5f,3047.46,3048,104000000,512000000,
2025-12-06 11:32:02.941,fdd46370-5441-472a-a8db-5c92adcb2542,3036.42,3037,104000000,512000000,
2025-12-06 11:32:02.940,4a87f148-e18d-4bf5-b4f1-9efaa40c3933,2990.95,2991,103000000,512000000,
2025-12-06 11:32:02.936,6768fb12-f813-4496-9e25-138834c6753c,3077.84,3078,103000000,512000000,
2025-12-06 11:32:02.935,e0b6f4d9-ceba-48f2-a7cc-c11c118fbd19,2968.59,2969,104000000,512000000,
2025-12-06 11:32:02.916,5e2cf325-8fce-41d3-9009-a3f9c7699b3c,2907.68,2908,104000000,512000000,
2025-12-06 11:32:02.913,e255d9df-ed21-4435-b5d1-56d697f4d1eb,2914.76,2915,103000000,512000000,
2025-12-06 11:32:02.907,f149a652-3237-4c48-a5c7-b8063da3331f,2978.67,2979,104000000,512000000,
2025-12-06 11:32:02.905,c05e7ae2-b402-4121-9412-5eb3aa354044,3047.17,3048,103000000,512000000,
2025-12-06 11:32:02.903,e9cac1cc-a2d8-405b-9b3f-a3988356034c,2835.51,2836,103000000,512000000,
2025-12-06 11:32:02.901,103ade97-aef0-4d1c-a842-13d2024e581c,2994.97,2995,104000000,512000000,
2025-12-06 11:32:02.900,83bc9726-c00f-483f-a14c-51928ca82330,3031.86,3032,104000000,512000000,
2025-12-06 11:32:02.899,d6391b4a-b622-4dfd-a547-a6e9409b0201,3011.78,3012,104000000,512000000,
2025-12-06 11:32:02.885,07c24982-cb28-4c1e-9096-d68efebe85ec,2980.97,2981,104000000,512000000,
2025-12-06 11:32:02.884,2d71c096-0f78-4edf-b64c-2b875d495c5d,2818.48,2819,104000000,512000000,
2025-12-06 11:32:02.880,eea26e89-39c5-4935-842b-47db30a32827,2998.94,2999,104000000,512000000,
2025-12-06 11:32:02.871,50cb7b51-d4da-43d3-899c-c5d3bc4742dd,2920.58,2921,104000000,512000000,
2025-12-06 11:32:02.867,3a4744f9-164a-40f6-aed8-b6f3e5b2398e,2951.47,2952,105000000,512000000,
2025-12-06 11:32:02.856,917a3749-17bb-4db1-8561-ced48158e77c,2977.76,2978,104000000,512000000,
2025-12-06 11:32:02.854,0176043f-1b5e-4f4d-a2b8-b401ac3b8f8d,3159.64,3160,104000000,512000000,
2025-12-06 11:32:02.851,6c2f29a3-a0ee-469e-9c90-757ce08d3459,3012.12,3013,104000000,512000000,
2025-12-06 11:32:02.850,b4e92ce9-f2e0-4a62-a04d-b24036c5e857,2993.42,2994,104000000,512000000,
2025-12-06 11:32:02.849,c3a498f7-97ff-4bae-835a-438f22504cd8,2744.47,2745,104000000,512000000,
2025-12-06 11:32:02.845,fa7e71da-d054-4ccc-a8c3-56a7814beb31,2950.49,2951,104000000,512000000,
2025-12-06 11:32:02.837,ed7e238f-be76-4af1-8c73-6fcc534306f0,2949.19,2950,104000000,512000000,
2025-12-06 11:32:02.835,1238eabe-a5f4-4a27-841a-a92a006a4c92,3060.71,3061,104000000,512000000,
2025-12-06 11:32:02.807,090ef2b3-2fce-4702-bee8-8cd359a92f36,2384.48,2385,91000000,512000000,
2025-12-06 11:32:02.795,f5e9ed6e-5df3-4671-b2ca-59058af15a5f,2889.48,2890,104000000,512000000,
2025-12-06 11:32:02.795,d66474dc-71e1-4d55-ba8f-fe3a58792524,2946.88,2947,104000000,512000000,
2025-12-06 11:32:02.782,a60caac8-0f3a-448d-935c-77e16e530c0c,3140.26,3141,102000000,512000000,
2025-12-06 11:32:02.778,bcbc1901-94bf-4e31-be4b-a2adf72a98b9,3090.19,3091,104000000,512000000,
2025-12-06 11:32:02.774,9738b146-891f-470f-bda6-4557224d1b81,2979.98,2980,105000000,512000000,
2025-12-06 11:32:02.774,ff7c403f-22f8-41ab-a1b1-fa22dcacb2c0,2998.74,2999,104000000,512000000,
2025-12-06 11:32:02.757,7a8c9a15-4b28-4a09-9f4a-ca39739096d4,3054.89,3055,103000000,512000000,
2025-12-06 11:32:02.752,9b80047c-b15d-4a85-8f88-042ce9ca52cc,2916.16,2917,104000000,512000000,
2025-12-06 11:32:02.749,4f9da569-ef24-4f95-a4cf-1b50856ddc34,2815.68,2816,104000000,512000000,
2025-12-06 11:32:02.749,e577f811-3f19-4233-845d-281def3d804c,2408.78,2409,90000000,512000000,
2025-12-06 11:32:02.747,16c3d457-8758-406b-bf05-af2be8e3e8b0,2955.72,2956,104000000,512000000,
2025-12-06 11:32:02.742,4abe973c-aec5-4487-bec7-e712a9da6177,2906.18,2907,104000000,512000000,
2025-12-06 11:32:02.731,d2c05d1a-3965-4dc4-8bc2-f8818a874d73,2951.51,2952,104000000,512000000,
2025-12-06 11:32:02.711,9a296816-a5fb-4f70-91f7-1d1c75c84c5a,3016.57,3017,104000000,512000000,
2025-12-06 11:32:02.700,baa90084-4bdb-4802-a24e-cbcfd58a880c,2840.77,2841,104000000,512000000,
2025-12-06 11:32:02.699,a6126b72-88b4-4bad-ba8d-a95b75668ea7,2978.62,2979,104000000,512000000,
2025-12-06 11:32:02.686,37988a6c-6886-49e7-ba63-69c5c6406674,2330.1,2331,92000000,512000000,
2025-12-06 11:32:02.668,36bded1a-cb36-4b76-9da5-ff5755343878,2815.97,2816,104000000,512000000,
2025-12-06 11:32:02.666,6f14b849-af10-470d-93ee-7de6a9bc28fb,3000.92,3001,104000000,512000000,
2025-12-06 11:32:02.666,483b6257-05d4-44f2-a009-ea56dbd370d9,3034.06,3035,104000000,512000000,
2025-12-06 11:32:02.630,956fce53-8338-43cf-ba03-26b4e12bdfcb,2966.43,2967,104000000,512000000,
2025-12-06 11:32:02.588,3278c027-ec1d-4f90-b886-675cc34c9624,2815.89,2816,104000000,512000000,
2025-12-06 11:32:02.583,371e6bf1-4263-4b24-a6ad-94d385590322,2281.23,2282,89000000,512000000,
2025-12-06 11:32:02.555,8ff823d1-5506-4531-b8f2-b5ea89c30641,2777.19,2778,103000000,512000000,
2025-12-06 11:32:02.543,d5c4dc2c-470f-4f89-bae0-37e68fb84ef3,2914.39,2915,104000000,512000000,
2025-12-06 11:32:02.499,5998e210-80c5-43a9-82e8-ec01999ec883,3005.49,3006,104000000,512000000,
2025-12-06 11:32:02.492,c65e084d-a183-4d17-9512-b4b8ffc2171b,2194.4,2195,90000000,512000000,
2025-12-06 11:32:02.469,e6f5d263-9c1f-4b8b-821c-33a951dc7f9b,2270.57,2271,91000000,512000000,
2025-12-06 11:32:02.461,e2cf2146-2040-497c-bf44-1971305e6e1a,2687.55,2688,103000000,512000000,
2025-12-06 11:32:02.429,0e5022e0-dda6-49cf-b8e1-440446b6bf54,2931.65,2932,104000000,512000000,
2025-12-06 11:32:02.426,738c913d-5606-43dc-aac0-fa3fcd6c531a,2752.64,2753,104000000,512000000,
2025-12-06 11:32:02.417,9ffaa8f8-b1e5-4583-b603-abf25de1ec58,2345.96,2346,91000000,512000000,
2025-12-06 11:32:02.396,39be1cfa-42b5-4ded-a976-d9aa18ace451,2290.16,2291,91000000,512000000,
2025-12-06 11:32:02.374,4ec5571e-bea3-4b95-8fa6-c3fe18b2ab91,2190.37,2191,90000000,512000000,
2025-12-06 11:32:02.370,9c272e55-2687-4f7e-b20e-fcffae3fdc28,2271.12,2272,89000000,512000000,
2025-12-06 11:32:02.346,1760e2c8-93a1-4c46-be61-b2ee93de1b6f,2917.26,2918,104000000,512000000,
2025-12-06 11:32:02.316,8a8979ee-dd45-4aa5-9605-60227bce3e12,2211.66,2212,89000000,512000000,
2025-12-06 11:32:02.310,b483bfb9-54ff-4912-92d1-4129f67bc30a,2826.66,2827,104000000,512000000,
2025-12-06 11:32:02.280,0f942051-4444-41fe-9269-66cad6b81402,2259.99,2260,90000000,512000000,
2025-12-06 11:32:02.276,cb912624-0358-4a52-bb1a-cc6e63de04d9,3017.51,3018,104000000,512000000,
2025-12-06 11:32:02.269,f4170241-699b-4525-9c2c-2954b17b52d6,2828.91,2829,104000000,512000000,
2025-12-06 11:32:02.268,5e5c93a9-9b36-4b69-baf4-6675dc6af231,2195.35,2196,93000000,512000000,
2025-12-06 11:32:02.242,461f9fdf-5915-42c4-95f5-f80610fd7839,2156.71,2157,90000000,512000000,
2025-12-06 11:32:02.236,c0d89813-42ee-42f0-99b9-7e5b3c7acd43,2299.76,2300,89000000,512000000,
2025-12-06 11:32:02.209,51009ddd-c8c0-427e-b3a9-3293fa26429e,2232.75,2233,89000000,512000000,
2025-12-06 11:32:02.205,157fe9b4-5f25-498d-8311-7e7d1fec4db9,2180.57,2181,90000000,512000000,
2025-12-06 11:32:02.173,5c1ade3b-2163-4a8a-8074-438d963642b4,2206.66,2207,90000000,512000000,
2025-12-06 11:32:02.160,1a62ffa2-bb5c-42d3-a859-3c59a67b5791,2147.96,2148,91000000,512000000,
2025-12-06 11:32:02.159,77e3c941-7831-4e6b-9f03-3a3427fba761,2704.9,2705,103000000,512000000,
2025-12-06 11:32:02.156,eb93287a-b0d1-4d56-acce-9dd54bf601fe,2259.09,2260,90000000,512000000,
2025-12-06 11:32:02.147,966e6ee7-7598-4fec-944c-e279bfe61332,2317.35,2318,90000000,512000000,
2025-12-06 11:32:02.145,48d6ee98-44b5-45a7-85d5-9bcfdc27184f,2699.72,2700,104000000,512000000,
2025-12-06 11:32:02.133,be39cff7-1852-49dd-b317-9ac16ede1ce8,2200.68,2201,90000000,512000000,
2025-12-06 11:32:02.121,1c08645a-08f7-4d07-bc45-e50c0c7196ff,2370.35,2371,90000000,512000000,
2025-12-06 11:32:02.110,c7c3096c-db71-4c56-af42-f3ace5882697,2159.4,2160,90000000,512000000,
2025-12-06 11:32:02.106,12ee55fa-7e87-421e-a64e-1c9cefeead1c,2187.74,2188,90000000,512000000,
2025-12-06 11:32:02.064,e22df2d5-ddb6-4ca8-a08a-22eb254020da,2549.44,2550,103000000,512000000,
2025-12-06 11:32:02.063,4c8db498-fd74-4669-8b7a-0605977b7ab7,2613.49,2614,104000000,512000000,
2025-12-06 11:32:02.057,015b46b3-d420-4da4-8b6a-fa7c426e9161,2159.4,2160,89000000,512000000,
2025-12-06 11:32:02.048,6cbc3f81-8e05-44fb-8f69-7e8f86e4ab2f,2875.04,2876,103000000,512000000,
2025-12-06 11:32:02.045,2cfbd107-e3cc-4b5c-9954-bf61fe26a510,2136.18,2137,89000000,512000000,
2025-12-06 11:32:02.037,204df5e0-91e9-4bd4-929e-20b9318f9ad6,2162.95,2163,94000000,512000000,
2025-12-06 11:32:02.011,37ff060f-156d-4167-a630-c92628761531,2084.03,2085,90000000,512000000,
2025-12-06 11:32:02.002,c32cbb18-6be9-4b5f-8f46-f162b3c3ed21,2130.89,2131,91000000,512000000,
2025-12-06 11:32:01.989,ec9b4054-ffbf-4772-93f0-e5dae523af97,2316.57,2317,93000000,512000000,
2025-12-06 11:32:01.984,5ab160f8-78f8-4ed5-ae4c-d20934a70643,2238.8,2239,91000000,512000000,
2025-12-06 11:32:01.968,88c1ff95-b974-4438-9e5f-d6794fe52467,2139.88,2140,89000000,512000000,
2025-12-06 11:32:01.962,38427444-d4c8-4664-8b23-9175f5d83595,2120.96,2121,92000000,512000000,
2025-12-06 11:32:01.962,e0552031-6b02-4d13-8881-71687066e925,2794.4,2795,104000000,512000000,
2025-12-06 11:32:01.948,6427820e-e8ab-425b-bf41-b8e2185920a8,2356.15,2357,93000000,512000000,
2025-12-06 11:32:01.929,eff8a646-1763-4677-9a8d-d22a9487b55b,2128.33,2129,92000000,512000000,
2025-12-06 11:32:01.921,481f8043-3e51-48ff-a6f5-f5b4e64cd7b3,2174.29,2175,89000000,512000000,
2025-12-06 11:32:01.911,106003bf-6ee8-4433-b17d-f6b6e74cebd2,2117.48,2118,90000000,512000000,
2025-12-06 11:32:01.883,9728eb22-1dc2-48f2-a171-06bb353c9148,2656.97,2657,104000000,512000000,
2025-12-06 11:32:01.879,9f7a7ee0-755d-4577-9304-3bccb9455100,2270.72,2271,90000000,512000000,
2025-12-06 11:32:01.868,741a2e4b-cd46-4cab-a06b-692171efde54,2561.96,2562,104000000,512000000,
2025-12-06 11:32:01.851,fdeb62f0-b9a5-433b-a3b5-3e05da11482d,2285.97,2286,90000000,512000000,
2025-12-06 11:32:01.846,318112fe-413d-44f4-bf73-c32d4c82e7ff,2731.19,2732,104000000,512000000,
2025-12-06 11:32:01.839,0669be15-012f-40e3-8a14-7d7041ee3d2a,2070.49,2071,90000000,512000000,
2025-12-06 11:32:01.830,860ed8f4-cc9a-48f1-9928-3fb9047a2562,2750.59,2751,104000000,512000000,
2025-12-06 11:32:01.824,83dcd581-153a-4a77-9153-67ec03d7510e,2369.76,2370,94000000,512000000,
2025-12-06 11:32:01.824,d82b5b2b-7544-4a93-b3d7-4bba7d5ca764,2107.92,2108,91000000,512000000,
2025-12-06 11:32:01.822,de406e03-8cd4-44e8-ab43-f7c7780dabb1,2951.05,2952,102000000,512000000,
2025-12-06 11:32:01.822,e03a9d2e-26fa-4178-bd42-d3b50dc0a413,2653.91,2654,104000000,512000000,
2025-12-06 11:32:01.816,fc2666f4-8bcf-47c5-a355-c58910e5bb3d,2263.58,2264,90000000,512000000,
2025-12-06 11:32:01.806,8b1d4d07-bc3b-4537-aad2-de0e658aaeee,2100.96,2101,91000000,512000000,
2025-12-06 11:32:01.796,d0cf909e-919e-4aab-ae4a-66cd83537f1d,2027.81,2028,89000000,512000000,
2025-12-06 11:32:01.787,3ccc7c88-c280-4657-9825-dcffe8d6a305,2100.65,2101,92000000,512000000,
2025-12-06 11:32:01.781,c2648449-0a82-4c42-af01-c34bc69cec8f,2102.57,2103,89000000,512000000,
2025-12-06 11:32:01.777,ce17e0bb-0158-4097-ad6b-cc699c6c05ec,2678.12,2679,104000000,512000000,
2025-12-06 11:32:01.773,3feced96-0ccd-4b2b-b414-81f5840adfa3,2732.25,2733,104000000,512000000,
2025-12-06 11:32:01.769,09585267-719c-477f-8ef2-48182b3c26c2,2090.67,2091,90000000,512000000,
2025-12-06 11:32:01.760,5a9e5d62-ee8e-472b-bc4d-627930e10b42,2713.9,2714,103000000,512000000,
2025-12-06 11:32:01.756,840d65e9-a191-4a6a-9684-33067ab26781,2677.94,2678,104000000,512000000,
2025-12-06 11:32:01.754,937a1705-0014-4c7c-9d6a-01a323c0c216,2160.95,2161,90000000,512000000,
2025-12-06 11:32:01.733,7d3a4580-315b-4e9e-99b0-77227ea3f9d8,2136.76,2137,90000000,512000000,
2025-12-06 11:32:01.732,2e1b995d-5609-4966-ba61-951a25bcf0ce,2091.15,2092,90000000,512000000,
2025-12-06 11:32:01.706,57c4a666-83c8-4c56-aa87-f14e912457a3,2700.35,2701,104000000,512000000,
2025-12-06 11:32:01.701,ce2e9551-2d86-4da6-b437-2ff0b3b6d542,2070.29,2071,90000000,512000000,
2025-12-06 11:32:01.686,f366b234-a6c2-4f71-a664-56c6289fb27a,2597.4,2598,104000000,512000000,
2025-12-06 11:32:01.667,33f07fae-950d-43de-87e2-57f9bfac7eed,2518.23,2519,104000000,512000000,
2025-12-06 11:32:01.658,9a903c36-8303-4db9-933c-a466d65013d1,2248.69,2249,90000000,512000000,
2025-12-06 11:32:01.654,23d70552-ceb4-45c0-afe9-a23bf1056c15,2492.16,2493,104000000,512000000,
2025-12-06 11:32:01.653,b473a146-3c5c-4180-b37e-d625649f4257,2577.49,2578,104000000,512000000,
2025-12-06 11:32:01.651,cf385351-59db-4ad7-a8f1-873b069ad9f4,2186.88,2187,92000000,512000000,
2025-12-06 11:32:01.629,3a2c0405-82b9-453e-89ff-82db8df7bd83,2581.16,2582,104000000,512000000,
2025-12-06 11:32:01.625,1a2e8bca-4eb9-48b5-95e4-0571af51d207,2246.3,2247,90000000,512000000,
2025-12-06 11:32:01.623,4008459b-7865-4156-a141-c46e045618fa,2250.84,2251,93000000,512000000,
2025-12-06 11:32:01.621,19dcea8f-b033-46b5-b66d-6532d73a98c0,2666.71,2667,104000000,512000000,
2025-12-06 11:32:01.614,10b033ce-e790-4f02-a4d2-15c9cad8c2d7,2761.7,2762,104000000,512000000,
2025-12-06 11:32:01.613,671e3a5c-5e7e-47d6-ab18-a3eb908edab4,2670.92,2671,104000000,512000000,
2025-12-06 11:32:01.605,da6b3607-3553-4d3c-9fc8-7a4e57e893d6,2595.46,2596,104000000,512000000,
2025-12-06 11:32:01.592,29349aed-d88d-42f1-97f0-a37dcba6c526,2610.94,2611,104000000,512000000,
2025-12-06 11:32:01.589,6e4ca1b7-f50b-499c-9d92-a72b45389557,2159.67,2160,93000000,512000000,
2025-12-06 11:32:01.579,c3c69c59-16df-44df-8ecc-8f7c5c724e64,2062.77,2063,89000000,512000000,
2025-12-06 11:32:01.571,adc589e9-8bf5-4288-bd46-2c61a3551568,3155.47,3156,100000000,512000000,
2025-12-06 11:32:01.567,b51aedba-bf76-4099-b6bb-a3a07b5ccb26,2417.2,2418,103000000,512000000,
2025-12-06 11:32:01.566,c8e8df3b-d44d-4f3b-b406-d634a7381e59,2670.78,2671,103000000,512000000,
2025-12-06 11:32:01.562,c459c0c7-a1f5-49b0-8d0d-7f2d2553b91d,2194.22,2195,90000000,512000000,
2025-12-06 11:32:01.532,6d9a3210-b3e3-4d23-81f9-5cc16fdbe952,2574.63,2575,104000000,512000000,
2025-12-06 11:32:01.521,62e76e43-040e-4ef2-bd31-7d7019880ee1,2688.31,2689,104000000,512000000,
2025-12-06 11:32:01.520,c3208493-2266-4cbd-aecd-9cc047ba8bee,2603.68,2604,104000000,512000000,
2025-12-06 11:32:01.513,4d2b3318-a2b8-45f2-b6fe-79ff90197241,2141.2,2142,91000000,512000000,
2025-12-06 11:32:01.512,210e991a-fd5f-4d43-ab61-56329f3a2c49,2573.03,2574,104000000,512000000,
2025-12-06 11:32:01.504,31061dbd-3cf7-41bc-8ada-1e42aaa1cf5d,2532.94,2533,103000000,512000000,
2025-12-06 11:32:01.491,b363eda4-8c27-4ac4-9579-90e115450fdd,2608.43,2609,104000000,512000000,
2025-12-06 11:32:01.489,e45797f4-eb3d-4b5a-9c44-d9a6c1e095cd,2239.09,2240,93000000,512000000,
2025-12-06 11:32:01.486,5d13952a-e1ba-410b-a2ae-9582cbb0444d,2207.69,2208,93000000,512000000,
2025-12-06 11:32:01.486,6a64bfc8-46b6-4721-bbbd-2050bd8bde86,2160.42,2161,93000000,512000000,
2025-12-06 11:32:01.483,456e9178-8b99-434d-b61d-c394579eee24,3269.24,3270,99000000,512000000,
2025-12-06 11:32:01.474,2a71e97d-008a-443a-9688-c0ad0740227a,2662.45,2663,103000000,512000000,
2025-12-06 11:32:01.474,d62eb96d-5039-4cae-8ef0-9029bbca2021,2508.8,2509,104000000,512000000,
2025-12-06 11:32:01.466,28009d88-845c-4ba3-b823-f855a9c84868,2186.12,2187,92000000,512000000,
2025-12-06 11:32:01.460,6b7aed44-fd9f-45d9-bea3-dbd5630bbf41,2644.02,2645,104000000,512000000,
2025-12-06 11:32:01.459,a18fd4ec-2ac9-491e-a16e-e98a8ee4e25f,2161.24,2162,89000000,512000000,
2025-12-06 11:32:01.453,a745022a-5e01-4c4a-a60e-87962222b907,2563.53,2564,104000000,512000000,
2025-12-06 11:32:01.443,46d857ed-86d1-4893-98c0-f3bfb44b986a,2178.5,2179,90000000,512000000,
2025-12-06 11:32:01.436,d687a938-96b1-4d13-b8f1-1b7e72687b0e,2571.18,2572,104000000,512000000,
2025-12-06 11:32:01.435,b1aa6eae-51a3-4eab-a597-75a7a67b2f9a,3170.49,3171,99000000,512000000,
2025-12-06 11:32:01.434,35c0ab23-4bb2-46b6-bf2f-3aa6f1c75f6b,2072.99,2073,90000000,512000000,
2025-12-06 11:32:01.428,968a7e52-eee4-447e-84ba-7902568df2f8,2218.92,2219,90000000,512000000,
2025-12-06 11:32:01.424,ff701b03-4fa1-4577-8e93-c0f7989f7cb1,2153.07,2154,91000000,512000000,
2025-12-06 11:32:01.422,9b1d3a08-1324-4e8f-ad82-efe72c7ff89b,3147.74,3148,100000000,512000000,
2025-12-06 11:32:01.421,8e3c2fb0-2836-4fcf-827c-56decff1fe6c,2180.58,2181,90000000,512000000,
2025-12-06 11:32:01.402,fc6af76e-4dce-4fe3-9f2c-1b9d074a8fc9,2509.2,2510,104000000,512000000,
2025-12-06 11:32:01.383,5377866f-955f-4b6a-bcda-9d39ed70cd58,2116.13,2117,90000000,512000000,
2025-12-06 11:32:01.374,112d8c14-16e4-4e50-81e8-0010eae8720b,2441.65,2442,104000000,512000000,
2025-12-06 11:32:01.362,8de7a7f0-a17c-4cdb-a263-c3089b31cd22,2198.95,2199,92000000,512000000,
2025-12-06 11:32:01.348,299fa9f3-b967-4f0d-bec8-dfda0c37c766,2144.48,2145,90000000,512000000,
2025-12-06 11:32:01.347,9735947c-817b-4de3-abca-c3518397301c,2735.22,2736,104000000,512000000,
2025-12-06 11:32:01.329,989bc6d5-7e9f-4327-b385-8881d92241b8,2045.46,2046,90000000,512000000,
2025-12-06 11:32:01.323,46c751bf-80ed-4f1b-922c-51f5600a8f80,2219.42,2220,93000000,512000000,
2025-12-06 11:32:01.320,4b943094-164b-4f3c-94d4-eda8eaac745d,3134.44,3135,100000000,512000000,
2025-12-06 11:32:01.317,ba4fc970-e09d-4352-98b3-1dd514439ae6,2141.74,2142,90000000,512000000,
2025-12-06 11:32:01.312,ac3bb9ff-d79d-4e96-a17b-ad593098ff6e,2168.88,2169,89000000,512000000,
2025-12-06 11:32:01.294,6ae8cda0-f5f6-4245-a33d-2de1119d8c03,2117.79,2118,90000000,512000000,
2025-12-06 11:32:01.294,f747f632-9435-48a4-a1c3-0c6105a61d40,2154.12,2155,90000000,512000000,
2025-12-06 11:32:01.284,4755e278-5848-43fb-8c68-0db1b4234526,2557.92,2558,104000000,512000000,
2025-12-06 11:32:01.271,7fc39db8-297b-433c-b8fc-73ffd9b91a34,2615.42,2616,104000000,512000000,
2025-12-06 11:32:01.268,7abbbb39-60b6-4faa-9969-ae2965858085,2160.75,2161,94000000,512000000,
2025-12-06 11:32:01.265,d4d02047-1154-4905-aaf5-1e7d15fb2f6c,2169.42,2170,90000000,512000000,
2025-12-06 11:32:01.248,b8e13a9a-c58d-4ca8-9bea-cc927101671d,2127.67,2128,90000000,512000000,
2025-12-06 11:32:01.246,85a3be6f-b5b7-46a7-97c2-510ee40c15e7,2150.53,2151,89000000,512000000,
2025-12-06 11:32:01.241,f1c1cf4d-4c35-47f9-81fe-b6fbc31a37dd,2160.35,2161,91000000,512000000,
2025-12-06 11:32:01.239,36a16187-de5c-4e58-a68c-c510c3a46fd1,2066.92,2067,89000000,512000000,
2025-12-06 11:32:01.234,ac5b106f-66b5-4e83-8bf0-0538457bc43c,2624.24,2625,104000000,512000000,
2025-12-06 11:32:01.228,94472516-c6f2-447f-ae2a-1f747d835037,2520.55,2521,104000000,512000000,
2025-12-06 11:32:01.225,666964a8-cbe7-4208-b9b2-563377cb82e0,2146.82,2147,93000000,512000000,
2025-12-06 11:32:01.199,93734246-cd5f-4ce0-a628-cad9cfdbc818,2534.84,2535,104000000,512000000,
2025-12-06 11:32:01.198,bdca20e2-ae40-498e-8d29-0f3ffc0a165f,3115.72,3116,99000000,512000000,
2025-12-06 11:32:01.178,097930b6-c666-4158-a408-03fe57d2fc85,2603.53,2604,104000000,512000000,
2025-12-06 11:32:01.178,05e3f7da-3a0c-42f2-a8ab-8848eeda2a87,2658.82,2659,104000000,512000000,
2025-12-06 11:32:01.178,5732b567-fc92-448b-9f7b-38e74970eef7,2136.96,2137,90000000,512000000,
2025-12-06 11:32:01.174,a8d0c147-4de3-4f39-b11b-18e6dbfe3097,2011.23,2012,91000000,512000000,
2025-12-06 11:32:01.167,7c2a927d-6a69-4507-8454-d8ca9370fffa,2612.1,2613,104000000,512000000,
2025-12-06 11:32:01.164,e23d79ac-e507-4f66-9800-f654d8fc9049,2108.07,2109,90000000,512000000,
2025-12-06 11:32:01.156,cf4ca235-6338-47a6-a620-c42de094199a,2546.63,2547,104000000,512000000,
2025-12-06 11:32:01.143,5ecc260d-6988-40c7-9d52-4ba67b617c65,2991.34,2992,98000000,512000000,
2025-12-06 11:32:01.138,f6892672-3db8-4036-b813-32c54c6511c8,3083.6,3084,99000000,512000000,
2025-12-06 11:32:01.131,1274b9d8-a038-4656-8a29-cbb76d825952,2108.66,2109,90000000,512000000,
2025-12-06 11:32:01.129,c8829aed-8dad-487d-9a7c-45698ed159d7,3089.19,3090,99000000,512000000,
2025-12-06 11:32:01.125,a89b4242-89bd-4900-b7df-bef9a720b1fb,2772.16,2773,103000000,512000000,
2025-12-06 11:32:01.115,229bdf5a-1821-41b7-a2a0-5d8765a5b7c8,2080.49,2081,90000000,512000000,
2025-12-06 11:32:01.112,08ff44e7-0660-4600-8150-8f709caf9681,3051.44,3052,100000000,512000000,
2025-12-06 11:32:01.103,363d7752-b0c7-47a5-b9fd-de74715c761f,2557.48,2558,104000000,512000000,
2025-12-06 11:32:01.098,7aa3c8e4-b567-48e2-ac0a-3ab42a77ae27,2557.4,2558,104000000,512000000,
2025-12-06 11:32:01.095,53cff750-8c9c-4fee-be06-1255379a0816,3072.18,3073,99000000,512000000,
2025-12-06 11:32:01.092,524cc654-0b4c-4e59-953f-9165d5fa84c0,2567.66,2568,104000000,512000000,
2025-12-06 11:32:01.092,73d8b23c-1e14-4921-9e7e-4beed223d36d,2086.77,2087,90000000,512000000,
2025-12-06 11:32:01.085,b6266f9f-adba-4842-bb3d-bc0239e5d5d8,2460.24,2461,104000000,512000000,
2025-12-06 11:32:01.081,af5d1108-bcf5-4169-9979-8a4a238c4cc1,3155.43,3156,99000000,512000000,
2025-12-06 11:32:01.074,ed8968e9-9128-4d7a-aadc-1804764334b1,3006.36,3007,100000000,512000000,
2025-12-06 11:32:01.071,2389bd43-b3ac-4a9a-a231-6d4bc305954c,3233.35,3234,99000000,512000000,
2025-12-06 11:32:01.068,5e33c647-915c-40ca-a786-5b9a85b2ac18,2527.42,2528,104000000,512000000,
2025-12-06 11:32:01.053,c639a344-8b16-41de-b3f8-be67392ba165,2626.87,2627,104000000,512000000,
2025-12-06 11:32:01.043,e6a30e2f-9c6b-42d2-8628-e4249704b97a,3090.87,3091,99000000,512000000,
2025-12-06 11:32:01.016,37f816a9-a0da-46cc-979d-8f050360bf01,2978.04,2979,99000000,512000000,
2025-12-06 11:32:01.002,aa8b46be-fc1d-4478-ac88-3b1c634f5e83,2614.37,2615,104000000,512000000,
2025-12-06 11:32:00.992,0ca69086-bcf5-4a95-814b-dc1c34003c0b,2970.28,2971,100000000,512000000,
2025-12-06 11:32:00.992,99a7ee8d-0edc-45c6-99bb-b2085c08772a,2977.26,2978,99000000,512000000,
2025-12-06 11:32:00.897,1bbad106-684b-4cf9-b730-d68b9ead84c6,2987.06,2988,99000000,512000000,
2025-12-06 11:32:00.848,41b06378-b49f-4ce8-b082-00e180986535,2450.2,2451,104000000,512000000,
2025-12-06 11:32:00.846,b8299ee0-e7b8-40d1-ba2a-cc4e76b01f57,3174.07,3175,98000000,512000000,
2025-12-06 11:32:00.831,dcd84b5e-ed70-4442-ad74-157afe732a2d,2465.34,2466,104000000,512000000,
2025-12-06 11:32:00.826,85b60f52-0696-4f04-b5f3-1c4bc8aa90c6,2651.76,2652,104000000,512000000,
2025-12-06 11:32:00.814,9458c8d5-9a9a-4893-9c98-2af33317459d,2896.19,2897,99000000,512000000,
2025-12-06 11:32:00.803,53eff6c3-5ce0-4152-9086-3270325f42c7,3297.25,3298,100000000,512000000,
2025-12-06 11:32:00.801,7cf73a2d-fb46-4ea2-a906-a3e45faaee1c,2508.35,2509,104000000,512000000,
2025-12-06 11:32:00.768,f5941559-ea3b-4752-961e-e784c91cdcae,2917.17,2918,100000000,512000000,
2025-12-06 11:32:00.758,db07814d-ec54-4702-a2ec-28cc06f484a4,2551.36,2552,104000000,512000000,
2025-12-06 11:32:00.730,b185fe38-aacf-4972-b390-5a9b7b8790b8,3024.39,3025,99000000,512000000,
2025-12-06 11:32:00.725,0418eb3d-8eaf-45e0-a580-77d59b1eca27,2489.87,2490,104000000,512000000,
2025-12-06 11:32:00.709,feeee7b1-2be3-4aa0-bf24-5b0203e7ce06,2795.25,2796,98000000,512000000,
2025-12-06 11:32:00.709,2efef466-0571-422e-98fe-384ea283f49c,3195.28,3196,100000000,512000000,
2025-12-06 11:32:00.695,d355ea0c-ec93-40cd-9da9-4dcf3baa3ffd,2895.43,2896,100000000,512000000,
2025-12-06 11:32:00.694,629f0067-38ab-472a-b0e0-d9f700cd5153,2920.44,2921,100000000,512000000,
2025-12-06 11:32:00.682,4e0fc8c3-c571-4f73-9040-44bb7efe8dac,3254.24,3255,99000000,512000000,
2025-12-06 11:32:00.679,905333dd-3126-4510-8c89-6a3e39f6d650,2526.62,2527,104000000,512000000,
2025-12-06 11:32:00.671,bb5779fc-147e-47b6-b23b-0a26f0982f46,3114.33,3115,100000000,512000000,
2025-12-06 11:32:00.664,e4e8ac74-2bea-4752-8930-4696d7be1bfe,3169.64,3170,100000000,512000000,
2025-12-06 11:32:00.663,924fe76f-6bab-4959-a9b2-f03824efdfe5,2971.06,2972,99000000,512000000,
2025-12-06 11:32:00.657,1a3974f0-9b20-4903-9d5a-0f3ff1cdb5af,2527.22,2528,104000000,512000000,
2025-12-06 11:32:00.650,643734e6-31c1-4fac-b262-519ed4dee0fe,3189.88,3190,98000000,512000000,
2025-12-06 11:32:00.638,deb03599-1107-4b1e-a442-7114423b62e0,3162.91,3163,99000000,512000000,
2025-12-06 11:32:00.623,403e4a3b-a5cf-4085-9df9-1ec39464fa83,3180.52,3181,100000000,512000000,
2025-12-06 11:32:00.617,a2f7f2aa-d465-45a8-87bf-f8da67e034f8,3154.76,3155,98000000,512000000,
2025-12-06 11:32:00.605,28b7ab2a-9b70-4b21-bcb0-f8c3b21d2bc4,3131.77,3132,99000000,512000000,
2025-12-06 11:32:00.600,eb81f36d-a4f3-486b-8f77-351c634b1eaf,3209.4,3210,98000000,512000000,
2025-12-06 11:32:00.587,64d98b14-fcac-4a7d-be11-f11b23ac995c,3169.93,3170,100000000,512000000,
2025-12-06 11:32:00.572,9fad0f45-04ba-4d42-94b3-2a1180d06876,3111.53,3112,99000000,512000000,
2025-12-06 11:32:00.566,46a5128e-00aa-4ffb-8f3e-e767a6e2877c,3096.65,3097,99000000,512000000,
2025-12-06 11:32:00.562,627222c0-42b2-46e1-b953-a04e01cccbdf,3090.68,3091,99000000,512000000,
2025-12-06 11:32:00.562,e4e1898c-c4b5-4f74-b1a2-c1cb8c33c5e1,3119.7,3120,99000000,512000000,
2025-12-06 11:32:00.539,6ea10853-8c51-4193-b80f-d13b8dafdb52,3114.7,3115,98000000,512000000,
2025-12-06 11:32:00.537,e8c65a93-5cb1-4e61-adb9-d13d0806d3fd,3255.59,3256,98000000,512000000,
2025-12-06 11:32:00.530,6b7f3fc1-38b1-4055-9297-49b81162f0fe,3122.21,3123,99000000,512000000,
2025-12-06 11:32:00.521,f1130a26-0df7-474c-809e-7f71ebdf3408,3064.04,3065,100000000,512000000,
2025-12-06 11:32:00.521,ff2b1d0c-38f5-4dab-923f-8862d02c1dcd,3011.43,3012,99000000,512000000,
2025-12-06 11:32:00.495,cebdcad4-60e4-46bc-8765-1b43ba7dedb6,3233.7,3234,99000000,512000000,
2025-12-06 11:32:00.486,a9b0eb05-78ef-4328-8fd9-9675cdc08794,3051.32,3052,100000000,512000000,
2025-12-06 11:32:00.464,00d77f2c-cd8c-4022-a759-346e03fd6d5f,3051.18,3052,100000000,512000000,
2025-12-06 11:32:00.457,76fb998d-dff0-474c-9fe2-8433e73daaf8,3214.64,3215,99000000,512000000,
2025-12-06 11:32:00.453,41cda28f-3e89-417c-9e7b-d4bd2763cfdb,3088.25,3089,99000000,512000000,
2025-12-06 11:32:00.441,a589df2c-1c06-485d-8bf7-304a9cf2707b,3030.82,3031,98000000,512000000,
2025-12-06 11:32:00.433,3aee098d-e743-4137-a2b0-bcd8f8dab28f,3050.65,3051,98000000,512000000,
2025-12-06 11:32:00.431,56700e51-694f-4211-9758-dac216545e56,3112.91,3113,100000000,512000000,
2025-12-06 11:32:00.402,513c3ea1-9b2c-43cd-b18d-6950418a8485,3132.34,3133,98000000,512000000,
2025-12-06 11:32:00.397,5fcb6538-a979-4105-b764-d6ee9c908c8a,2059.9,2060,103000000,512000000,
2025-12-06 11:32:00.393,a48c2c5c-5dad-47fb-9338-09708dcd3644,3089.76,3090,100000000,512000000,
2025-12-06 11:32:00.392,e2fca106-bd57-48d8-88ac-6c0a97fdb249,2984,2985,100000000,512000000,
2025-12-06 11:32:00.391,5ba53c34-8be8-40f3-9b2a-04be5af5229f,3089.76,3090,99000000,512000000,
2025-12-06 11:32:00.380,0610fd3e-3459-41c2-8074-6eb424d332e3,3055.62,3056,98000000,512000000,
2025-12-06 11:32:00.380,8c18e3fe-2c88-43a9-a7e2-13b6d42d41c9,2992.18,2993,100000000,512000000,
2025-12-06 11:32:00.378,0eb3e7e0-aa98-4303-9b6f-d3c5538ad833,3095.99,3096,99000000,512000000,
2025-12-06 11:32:00.368,6ef1c115-8f62-4894-8fb6-420687a6a83c,3093.12,3094,99000000,512000000,
2025-12-06 11:32:00.366,4165e3ed-c709-430f-97db-632932a2e31f,3076.58,3077,99000000,512000000,
2025-12-06 11:32:00.355,797bceef-ba48-4dcd-93b1-c84a3b8a5ad3,3069.52,3070,100000000,512000000,
2025-12-06 11:32:00.346,caf258d6-209e-47eb-ac64-22a664d058ea,3057.65,3058,100000000,512000000,
2025-12-06 11:32:00.341,800f576a-542f-4b4a-8715-d7c5ed152d86,3295.27,3296,100000000,512000000,
2025-12-06 11:32:00.333,48cadda6-a961-42f7-9509-be1b3001c454,2889.97,2890,98000000,512000000,
2025-12-06 11:32:00.333,a680d344-f394-4a1d-89db-d8213954cb8a,2315.27,2316,104000000,512000000,
2025-12-06 11:32:00.332,a98b0ef9-a109-486e-a110-d74f98f847be,3093.75,3094,99000000,512000000,
2025-12-06 11:32:00.326,1bd775d3-ab3f-416b-ac59-720d2314fb4e,3113.51,3114,100000000,512000000,
2025-12-06 11:32:00.326,639a4e3c-3ab6-4625-bf20-287808bfde9b,3115.43,3116,99000000,512000000,
2025-12-06 11:32:00.319,fa848083-6bc4-466a-bf33-219220633063,3011.89,3012,100000000,512000000,
2025-12-06 11:32:00.316,f40bc617-220b-4556-980e-6fb3650beaa0,3028.72,3029,99000000,512000000,
2025-12-06 11:32:00.315,87114092-e0d4-4a1a-9619-86674b573d40,2091.49,2092,104000000,512000000,
2025-12-06 11:32:00.311,98f7ba39-cb4e-4f2d-a3ca-fbd7ecddf5e8,3056.42,3057,100000000,512000000,
2025-12-06 11:32:00.310,8b98701d-9596-4612-984c-6d07b493d2a9,3003.97,3004,100000000,512000000,
2025-12-06 11:32:00.304,fa96fbfb-0785-4e81-815f-89477eb1b64a,3109.19,3110,99000000,512000000,
2025-12-06 11:32:00.301,acf73c92-5ef8-466a-844d-8e19268156c6,3030.14,3031,100000000,512000000,
2025-12-06 11:32:00.298,d8a78c61-c6a1-4b35-9eb2-6b61b9b815ad,3045.39,3046,100000000,512000000,
2025-12-06 11:32:00.297,8ad761e4-0e06-4afc-88dd-7636b1bcb690,3130.42,3131,99000000,512000000,
2025-12-06 11:32:00.296,602feb91-658b-4698-b132-32c996e02194,3011.55,3012,99000000,512000000,
2025-12-06 11:32:00.293,9f94122b-6a7f-4bdc-a4fd-b086e5350d59,3125.38,3126,99000000,512000000,
2025-12-06 11:32:00.291,c9c38c58-e83a-4316-be54-c7099428ff16,2066.49,2067,102000000,512000000,
2025-12-06 11:32:00.288,802eddc1-427f-4ee5-ae03-86b042443ee4,2093.25,2094,104000000,512000000,
2025-12-06 11:32:00.280,96b0c260-5c3d-4903-9bcf-4d8a425b8e79,3011.12,3012,100000000,512000000,
2025-12-06 11:32:00.276,3e67967c-0f0b-4d7d-b511-29212afa2747,3044.69,3045,98000000,512000000,
2025-12-06 11:32:00.270,c6c56c5b-2980-46c2-8cd6-de9fa948e168,3062.1,3063,99000000,512000000,
2025-12-06 11:32:00.264,5c6f9bcf-a25e-4c0e-870d-a4459094b51a,3023.75,3024,100000000,512000000,
2025-12-06 11:32:00.264,e7cf4516-3aaa-4b94-b33d-4f303621aa7d,3018.69,3019,100000000,512000000,
2025-12-06 11:32:00.260,60a94935-bdb2-44a7-99c7-479dcb81f6d4,3064.11,3065,100000000,512000000,
2025-12-06 11:32:00.247,1959acf0-5c19-44a4-833c-d04ac9d583b6,3179.34,3180,98000000,512000000,
2025-12-06 11:32:00.239,469e322b-ac38-4c57-97ae-7855a2f1beaf,3051.22,3052,98000000,512000000,
2025-12-06 11:32:00.238,e53cad08-5786-4909-bd77-8c257599c439,3034.75,3035,98000000,512000000,
2025-12-06 11:32:00.232,ef034d34-ecf1-4f87-9110-d2624299d0b9,3032.12,3033,98000000,512000000,
2025-12-06 11:32:00.228,23875155-b1f2-4192-a4d7-4cc2386a1b25,3053.42,3054,99000000,512000000,
2025-12-06 11:32:00.226,89f8b013-4bb0-4ae0-b8c7-6a798fc6fd8b,3176.16,3177,99000000,512000000,
2025-12-06 11:32:00.210,ab36f1f7-6d8e-4451-9ee3-2682340693f0,3054.7,3055,100000000,512000000,
2025-12-06 11:32:00.203,2db3213c-95ec-4c6c-90bc-be89efd40ecc,3052.64,3053,99000000,512000000,
2025-12-06 11:32:00.197,dc0399aa-1499-4b19-a6c1-84d05b8fc11d,3025.37,3026,100000000,512000000,
2025-12-06 11:32:00.197,77b9aba2-fd63-4b4a-9af6-ce966878d52e,2872.53,2873,98000000,512000000,
2025-12-06 11:32:00.190,995f1d33-dce8-4f6f-ad1d-4e07806daf95,3059.34,3060,101000000,512000000,
2025-12-06 11:32:00.185,270a7aa0-825d-4a65-bb57-843d2de921a9,2040.83,2041,105000000,512000000,
2025-12-06 11:32:00.182,b7bbfbb3-0c3d-4b86-9b07-46e49436e221,3090.18,3091,100000000,512000000,
2025-12-06 11:32:00.180,d0d95180-74a4-4ef9-aed1-15549f208905,3051.72,3052,99000000,512000000,
2025-12-06 11:32:00.176,40485bd7-5032-4109-801e-441d805aa0d8,2025.05,2026,105000000,512000000,
2025-12-06 11:32:00.174,84f91dda-bee2-43d9-ba97-f68859ab6ef6,3071.64,3072,99000000,512000000,
2025-12-06 11:32:00.169,13b2a13b-76ef-4d75-a78e-455ba9fdef8c,3015.97,3016,100000000,512000000,
2025-12-06 11:32:00.160,13880b56-09f8-46a9-83b0-c3a629c0faa0,3011.63,3012,99000000,512000000,
2025-12-06 11:32:00.157,c58db73a-616e-4423-a90a-921fcb40be54,3005.33,3006,98000000,512000000,
2025-12-06 11:32:00.155,08179504-37f1-4620-a854-a312294027c6,3008.94,3009,100000000,512000000,
2025-12-06 11:32:00.150,939d888c-14a8-49c9-ade4-4177fb788bf1,2993.03,2994,99000000,512000000,
2025-12-06 11:32:00.149,5bba492d-5e05-458c-93c2-8eb451a0d5c8,3085.42,3086,99000000,512000000,
2025-12-06 11:32:00.141,e4102d13-08f8-46b3-b0b6-eee431f9d0ac,2956.56,2957,100000000,512000000,
2025-12-06 11:32:00.137,af031959-a76f-4ed1-bfc3-ed7cdbd992a7,3014.05,3015,99000000,512000000,
2025-12-06 11:32:00.135,05413c1e-0fc1-4c0a-836a-aa2bbf64298a,2975.49,2976,99000000,512000000,
2025-12-06 11:32:00.133,09b700c0-d4b6-4f17-9e88-b386f039ec86,3128.21,3129,100000000,512000000,
2025-12-06 11:32:00.130,39f4f492-7f16-40ac-8562-dc2dc488c158,2999.86,3000,99000000,512000000,
2025-12-06 11:32:00.130,75eb0eae-ea47-4024-b99e-40986da0ecbc,2992.17,2993,100000000,512000000,
2025-12-06 11:32:00.124,e5496d40-3a1c-40a3-95d9-3570c16a0d2c,3030.15,3031,100000000,512000000,
2025-12-06 11:32:00.115,cc2cd10c-a1a5-4008-95c4-53f8c103ee15,2953.92,2954,99000000,512000000,
2025-12-06 11:32:00.112,e2ab3a8f-b6d9-4f8e-bb9e-08a8387c1b4f,2982.66,2983,100000000,512000000,
2025-12-06 11:32:00.112,58095fcb-00cb-4bfe-a888-1463b0ff688b,3050.38,3051,100000000,512000000,
2025-12-06 11:32:00.108,14d61364-6c88-4206-8825-95e6d1f7a3d9,3087.75,3088,100000000,512000000,
2025-12-06 11:32:00.107,67ad056d-3fd0-49cf-b088-856185f7d54b,2986.17,2987,99000000,512000000,
2025-12-06 11:32:00.101,4ab06cd5-3ff3-4ce2-8fe3-e06b1dc7e42f,2979.77,2980,100000000,512000000,
2025-12-06 11:32:00.094,9348724f-92da-40c8-9dc7-350b7bd7d15b,2997.84,2998,99000000,512000000,
2025-12-06 11:32:00.092,e7bdfd0b-6601-4499-a05e-2a9e1d5f9c5e,2022.89,2023,104000000,512000000,
2025-12-06 11:32:00.088,a8af3fda-6cb9-4610-a2fd-13f3fdfd04fa,2967.92,2968,100000000,512000000,
2025-12-06 11:32:00.087,68e95c44-6c3b-4fd5-a906-84585aae7841,2970.43,2971,100000000,512000000,
2025-12-06 11:32:00.085,17e0542b-f329-4d83-9f42-fc22dd9d2ce7,2030.17,2031,104000000,512000000,
2025-12-06 11:32:00.084,10d4407e-8905-4030-ba3d-2507d71b17bd,2975.69,2976,99000000,512000000,
2025-12-06 11:32:00.082,328a3d07-cc4d-4acf-909d-3ed07a6876dc,2054.66,2055,104000000,512000000,
2025-12-06 11:32:00.081,ab1e2c2e-bf0e-4e0f-84cd-b9e746e0db0f,3009.22,3010,100000000,512000000,
2025-12-06 11:32:00.079,66c6eea8-e615-43b3-8c13-a22b23687482,2928.25,2929,100000000,512000000,
2025-12-06 11:32:00.075,a4cc43ce-eca4-450f-9f75-4e73de779b25,3033.31,3034,99000000,512000000,
2025-12-06 11:32:00.074,41b2e268-f6be-4a62-8622-f92271a8167a,3073.95,3074,98000000,512000000,
2025-12-06 11:32:00.070,8b297c5e-c3bf-4d1d-b162-7c9386042067,3031.45,3032,99000000,512000000,
2025-12-06 11:32:00.069,de2e0a77-53a2-4812-8981-3f4022a33e1e,2984.76,2985,100000000,512000000,
2025-12-06 11:32:00.069,5d3b948d-a041-4477-9ae4-8b46d10ec82c,3071.67,3072,100000000,512000000,
2025-12-06 11:32:00.068,810350bc-c67e-410c-ae64-ae4d07412c31,3003.63,3004,100000000,512000000,
2025-12-06 11:32:00.064,334905f1-abd9-4a38-92ec-37661ab254d8,3011.51,3012,99000000,512000000,
2025-12-06 11:32:00.059,31008f17-0596-475f-bc8f-7a3487226bf0,2952.99,2953,99000000,512000000,
2025-12-06 11:32:00.058,5fe6e3e3-63f8-4da3-87e3-bd14bb5199ac,3012.21,3013,100000000,512000000,
2025-12-06 11:32:00.058,f09e663e-04e9-47f5-a61f-1e81f1b1d8ad,3011.47,3012,98000000,512000000,
2025-12-06 11:32:00.058,4feac28d-efde-4c22-baf6-946948b31362,2937.09,2938,100000000,512000000,
2025-12-06 11:32:00.055,5fa6f323-b102-4b15-9c8a-ef1d1df9dbc1,2969.7,2970,100000000,512000000,
2025-12-06 11:32:00.041,6f54203f-3c46-4321-b979-398c426bfecc,3053.05,3054,100000000,512000000,
2025-12-06 11:32:00.039,7960f3b0-5c10-43ff-8f90-14ff11be6915,2957.17,2958,100000000,512000000,
2025-12-06 11:32:00.037,1895dcc2-6acd-4fed-9e7c-4c0aa0f11ad2,2006.66,2007,104000000,512000000,
2025-12-06 11:32:00.033,943dcaf2-41a4-41bc-bb94-e763adee0f8f,3012.36,3013,100000000,512000000,
2025-12-06 11:32:00.031,afb1c58b-9cb0-4f11-babe-acedd91a313f,3013.39,3014,100000000,512000000,
2025-12-06 11:32:00.028,b96c767b-bb32-4ff0-948d-fb407df9f615,3023.46,3024,98000000,512000000,
2025-12-06 11:32:00.025,a41a440a-a377-405a-a179-0ee0bf8a172d,2990.78,2991,99000000,512000000,
2025-12-06 11:32:00.024,e7bcd5a4-dd18-4ed2-a210-cfa0101159d1,2991.23,2992,100000000,512000000,
2025-12-06 11:32:00.022,e4a708e7-c469-4510-af66-e4090f424d33,3051.41,3052,99000000,512000000,
2025-12-06 11:32:00.019,6271b26c-675a-47e8-8873-305d222c2f41,3013.52,3014,99000000,512000000,
2025-12-06 11:32:00.018,10eb7a4b-1272-4a0d-8cdc-2f7176fe9f67,2954.01,2955,100000000,512000000,
2025-12-06 11:32:00.013,64510392-54d0-4839-88e4-223b4666efb8,2996.09,2997,99000000,512000000,
2025-12-06 11:32:00.011,1037b9a9-bbd3-481b-932b-4e125fe02742,2036.07,2037,104000000,512000000,
2025-12-06 11:32:00.009,51755acb-edfb-4563-92d5-80b6af5031f4,3025.67,3026,100000000,512000000,
2025-12-06 11:32:00.008,6387d835-f89f-40db-841f-29816f390036,2942.87,2943,98000000,512000000,
2025-12-06 11:32:00.004,0d7fb737-4fe1-4218-942c-2e59c8d5f2c4,2005.21,2006,102000000,512000000,
2025-12-06 11:32:00.004,663ffb52-f71f-4cae-ac56-a135733fad5b,2952.59,2953,100000000,512000000,
2025-12-06 11:32:00.003,dcac205d-2d38-4171-9548-9c4865c68365,2972.14,2973,100000000,512000000,
2025-12-06 11:32:00.003,ec6e7f70-9a23-4c0a-884a-366651e93635,1996.71,1997,104000000,512000000,
2025-12-06 11:31:59.997,50b78f0e-7039-4f47-878d-7642a3c368b4,3064.72,3065,99000000,512000000,
2025-12-06 11:31:59.997,75241abc-2673-406f-9456-0eaf93388fef,3032.57,3033,100000000,512000000,
2025-12-06 11:31:59.997,7e59ea16-a1c1-4500-a8e8-5957593ccad5,2990.02,2991,99000000,512000000,
2025-12-06 11:31:59.995,8e4fbdb1-2b3d-4306-b325-794ed91c6fa0,2934.94,2935,100000000,512000000,
2025-12-06 11:31:59.994,1a8851a5-12a3-44e3-ad4a-6187d668ded0,2987.31,2988,99000000,512000000,
2025-12-06 11:31:59.993,b78e7fac-928f-4e7e-92a1-c08597dbaced,2867.38,2868,100000000,512000000,
2025-12-06 11:31:59.991,7604eb4c-4bcc-4580-91fc-4fb69a084be5,2935.71,2936,100000000,512000000,
2025-12-06 11:31:59.988,7fd4145c-3869-4bb4-993d-48a31197af12,3014.17,3015,99000000,512000000,
2025-12-06 11:31:59.978,885c2928-277e-4b74-ac4d-ef508b42e074,3031.42,3032,100000000,512000000,
2025-12-06 11:31:59.978,e216aed0-7ba9-4e8c-b0ca-e1654880a370,2968.97,2969,98000000,512000000,
2025-12-06 11:31:59.976,a75a5e20-8dcc-4338-82a2-f0748dbc2dde,2967.85,2968,99000000,512000000,
2025-12-06 11:31:59.974,d8dace53-3a53-4242-882b-7e95fbc86fff,2957.08,2958,98000000,512000000,
2025-12-06 11:31:59.973,5f5bf71b-eb40-4779-8acd-f352012bead1,3009.81,3010,100000000,512000000,
2025-12-06 11:31:59.973,859220e8-2d5e-4a7a-a716-8bd34642ec01,2966.7,2967,98000000,512000000,
2025-12-06 11:31:59.969,f594b39a-9f69-4ef1-a98e-f4ea12993bf5,2028.62,2029,105000000,512000000,
2025-12-06 11:31:59.963,a69e717c-8743-425d-9082-d5b946a912ed,2956.72,2957,100000000,512000000,
2025-12-06 11:31:59.958,9ad5b1e8-eb9f-4867-b1a2-295859c6d503,2009.15,2010,104000000,512000000,
2025-12-06 11:31:59.958,7fe276d7-5382-4fb4-8c7a-27eb1b8fdda8,2944.79,2945,100000000,512000000,
2025-12-06 11:31:59.956,f7b12d40-ab79-4cf4-bff4-1221806b8619,2973.12,2974,99000000,512000000,
2025-12-06 11:31:59.954,50f89abc-4c0e-4c43-b154-3da96bfc74f2,2996.05,2997,100000000,512000000,
2025-12-06 11:31:59.953,f1554744-fc0d-45a3-8290-20fffb8b6198,2970.96,2971,99000000,512000000,
2025-12-06 11:31:59.951,8e3a6279-508e-48d9-b8fb-6e36e032eab3,2948.96,2949,100000000,512000000,
2025-12-06 11:31:59.949,49e0f172-1aa8-44bd-9700-412585137728,2953.02,2954,99000000,512000000,
2025-12-06 11:31:59.946,34acd34c-ad80-4ca8-975e-4be9362651a5,3056.85,3057,99000000,512000000,
2025-12-06 11:31:59.945,5ebde7b4-eace-417d-a6a4-b2868cbdb2b2,2976.34,2977,100000000,512000000,
2025-12-06 11:31:59.941,f0bdadd5-fed6-4a2c-837b-5b2c50eb9d14,2907.88,2908,99000000,512000000,
2025-12-06 11:31:59.941,fd3e36c0-2b1f-4cbb-a77e-538676204deb,3046.74,3047,98000000,512000000,
2025-12-06 11:31:59.941,1060474c-f98e-42ff-aca6-cfbec2aa48f8,3011.55,3012,101000000,512000000,
2025-12-06 11:31:59.933,5e21de0d-9303-48d3-aaa9-24cb05fed89f,2970.09,2971,100000000,512000000,
2025-12-06 11:31:59.930,b40ef617-315d-4502-b225-3d8b4a448388,2938.33,2939,100000000,512000000,
2025-12-06 11:31:59.928,af2ac12f-368e-4520-b83e-bf0a0a0d8461,2923.29,2924,99000000,512000000,
2025-12-06 11:31:59.928,297c2706-fcc6-499e-81bc-63887fa5bd8c,2956.44,2957,99000000,512000000,
2025-12-06 11:31:59.927,e485db3d-d543-47f2-bf0f-624421644ae8,2921.34,2922,98000000,512000000,
2025-12-06 11:31:59.925,d4fd99e2-b1f8-45d8-a5a0-db79369410d6,1972.39,1973,104000000,512000000,
2025-12-06 11:31:59.921,b3ecd1dd-9819-4a92-9d9a-784cbd3c389e,1937.86,1938,104000000,512000000,
2025-12-06 11:31:59.918,69328f76-93ac-43b9-aee2-33b2123029b1,1915.84,1916,103000000,512000000,
2025-12-06 11:31:59.915,4451041a-c3c6-4941-b140-05dc61487e72,2932.4,2933,100000000,512000000,
2025-12-06 11:31:59.915,45b894bb-2834-4923-980b-540610973f9a,2970.7,2971,100000000,512000000,
2025-12-06 11:31:59.914,da0184ad-bae2-445b-8bf3-15966a34cf24,1953.87,1954,104000000,512000000,
2025-12-06 11:31:59.911,bbfea9c8-1dce-455c-96fd-fb5ef02a4289,1986.62,1987,104000000,512000000,
2025-12-06 11:31:59.909,bb1e9551-fde8-499a-bff7-00cd478f7490,3020.83,3021,100000000,512000000,
2025-12-06 11:31:59.909,eb507dd6-16c8-42a1-8cd2-a513dce58765,1974.01,1975,104000000,512000000,
2025-12-06 11:31:59.909,d0257e1b-d0e2-4d6d-9a1f-5afd4b53fdbc,2992.03,2993,100000000,512000000,
2025-12-06 11:31:59.906,e08425cf-364e-4eb3-8108-8c1ad3d5bbc5,2916.08,2917,99000000,512000000,
2025-12-06 11:31:59.904,c5c49b23-2c5f-497c-997f-4c720cbd0627,2987.99,2988,100000000,512000000,
2025-12-06 11:31:59.900,4b64f1d2-bd17-46c9-851d-5b4ff5eda053,2909.75,2910,100000000,512000000,
2025-12-06 11:31:59.895,f07ead48-a80b-4a7c-ae4a-d2de3a89e93c,3000.13,3001,100000000,512000000,
2025-12-06 11:31:59.892,3799d52a-039d-4ab4-8e10-c3d3f0ec2e5d,2983.35,2984,99000000,512000000,
2025-12-06 11:31:59.890,e41053fe-be59-49df-9e3a-5fe666847392,2962.16,2963,100000000,512000000,
2025-12-06 11:31:59.885,ea045f5d-8d43-401c-ab53-0867e821d87e,1957.14,1958,104000000,512000000,
2025-12-06 11:31:59.884,d3ce2549-eeeb-4ca7-8aed-587a8ca154e2,1988.62,1989,104000000,512000000,
2025-12-06 11:31:59.883,af2ede18-d976-4de9-93b7-9b57cb243463,2908.9,2909,99000000,512000000,
2025-12-06 11:31:59.880,596e4cee-3fad-4d8c-9dc5-6dce23498bd2,3078.43,3079,99000000,512000000,
2025-12-06 11:31:59.875,7ef479b6-6205-4851-87a1-3586bfc3fc3a,2969.52,2970,98000000,512000000,
2025-12-06 11:31:59.874,e9ab40fe-0062-46d2-b123-74eb274253df,2875.2,2876,100000000,512000000,
2025-12-06 11:31:59.873,20c3be05-17e6-4030-89cc-a0fa1c262b37,2967.97,2968,99000000,512000000,
2025-12-06 11:31:59.872,ee5e35a4-b942-4b6b-ba56-28e13da7368a,2864.3,2865,100000000,512000000,
2025-12-06 11:31:59.871,2cf4eab3-7035-4bcd-bb86-52b188078d67,2938.74,2939,100000000,512000000,
2025-12-06 11:31:59.871,0136a733-7acc-4fe0-8e91-a0c46f27a0cf,2858.23,2859,100000000,512000000,
2025-12-06 11:31:59.868,c4afcdea-8959-4cf8-9ae1-a04f242f5e75,1935.23,1936,104000000,512000000,
2025-12-06 11:31:59.857,3c37acb1-94f0-49fe-98e6-39b6ef3d359e,3051.32,3052,100000000,512000000,
2025-12-06 11:31:59.850,45de5ef4-d399-44f7-8b55-b2ecadef50e8,2992.67,2993,100000000,512000000,
2025-12-06 11:31:59.849,bc61473e-e356-487d-b3f5-c0d7429b78a9,2888.23,2889,99000000,512000000,
2025-12-06 11:31:59.846,fffafb83-633d-4464-90cd-fbfc28e53994,2815.94,2816,99000000,512000000,
2025-12-06 11:31:59.842,f836f216-13fd-4d13-b249-c6be65cd7d5d,2795.52,2796,100000000,512000000,
2025-12-06 11:31:59.842,add37107-9ab9-4684-917f-0075ab4c5113,2971.32,2972,99000000,512000000,
2025-12-06 11:31:59.833,5266b04e-8040-4c3b-8cd0-39076090f375,2909.49,2910,99000000,512000000,
2025-12-06 11:31:59.832,ca74edba-ec5c-452e-bca8-883da464d9b8,2895.55,2896,99000000,512000000,
2025-12-06 11:31:59.827,8146998a-0089-413c-8a49-c14cfb11f777,2871.98,2872,100000000,512000000,
2025-12-06 11:31:59.819,862e009b-a82c-49ab-b563-a81798d20753,2113.28,2114,104000000,512000000,
2025-12-06 11:31:59.819,7ff40f5e-946e-4fc5-9129-7a89fae25b0c,2913.36,2914,100000000,512000000,
2025-12-06 11:31:59.812,93c8ba96-28fa-4331-8f20-ba7ab3cbd625,1929.69,1930,104000000,512000000,
2025-12-06 11:31:59.808,9c0d7c09-92c5-4545-9bb5-331c366a02e4,1920.32,1921,104000000,512000000,
2025-12-06 11:31:59.808,303ada6d-7a21-4228-9287-237d654ac39c,1916.03,1917,105000000,512000000,
2025-12-06 11:31:59.805,711c4f91-9dcc-435e-8e1f-211aab3d2d4b,1893.58,1894,105000000,512000000,
2025-12-06 11:31:59.798,c82a7ff5-c306-4e09-971f-0e6ab2e18357,2051.63,2052,103000000,512000000,
2025-12-06 11:31:59.790,209caf73-b729-4a21-ada0-12ab90ce8b57,1874.63,1875,103000000,512000000,
2025-12-06 11:31:59.788,239450e9-9112-42ec-90bf-df232a61d167,3011.5,3012,99000000,512000000,
2025-12-06 11:31:59.784,99e20478-2667-4ff2-bb4f-17ddfc248436,2890.29,2891,100000000,512000000,
2025-12-06 11:31:59.779,c18dfec3-bd8a-4dd2-93fb-b8dcc380f5b2,3005.54,3006,99000000,512000000,
2025-12-06 11:31:59.777,8686f484-7a46-4266-b497-4f0cb59d11ce,1927.73,1928,105000000,512000000,
2025-12-06 11:31:59.769,9cbc381c-261a-4ba2-ada4-0dd2453adcd4,2852.25,2853,99000000,512000000,
2025-12-06 11:31:59.767,ad830acd-0e7d-4765-9eb6-85c016e517a1,2873.37,2874,100000000,512000000,
2025-12-06 11:31:59.764,a0a61cf3-2a96-4600-a00b-efdacaac4c31,3009.87,3010,100000000,512000000,
2025-12-06 11:31:59.751,15f48c00-ca92-42eb-a6af-294d7e580538,2994.47,2995,99000000,512000000,
2025-12-06 11:31:59.733,4fbda12d-2778-45eb-9e7f-f98df2939c5d,1897.36,1898,103000000,512000000,
2025-12-06 11:31:59.726,7742ff91-4658-4b19-9004-f57823b690f2,1857.76,1858,104000000,512000000,
2025-12-06 11:31:59.726,0f84041b-7057-4cd5-a9c1-d862532ba8dc,1905.84,1906,104000000,512000000,
2025-12-06 11:31:59.724,62bff7a6-104c-4f96-ab1d-b907150ef262,2852.07,2853,99000000,512000000,
2025-12-06 11:31:59.718,d6bf2a5b-a97d-4b53-ae31-09440c2862b1,1892.9,1893,105000000,512000000,
2025-12-06 11:31:59.718,e612b4d2-020c-4cea-a4e1-c789591c89b0,2962.86,2963,99000000,512000000,
2025-12-06 11:31:59.716,d7f0c361-e9eb-4d85-b131-3285f59bceea,1901.95,1902,104000000,512000000,
2025-12-06 11:31:59.714,dc54d0c8-e9a9-4f4b-a79f-08a8b388d815,2832.22,2833,100000000,512000000,
2025-12-06 11:31:59.709,3ddddbde-8e66-41dd-80f6-08ebc4c55693,1857.17,1858,104000000,512000000,
2025-12-06 11:31:59.695,9ce79484-dcd2-4cb5-b023-63d292515f90,2862.95,2863,99000000,512000000,
2025-12-06 11:31:59.694,378fca06-f37e-4880-91ed-5a3a6384c07d,1875.96,1876,105000000,512000000,
2025-12-06 11:31:59.678,1267d97d-6cbf-4b3f-a4a7-7b094cbe8f09,1901.13,1902,104000000,512000000,
2025-12-06 11:31:59.675,3cbbef3b-9073-4e38-b1d2-2a4150cd41b8,2969.9,2970,100000000,512000000,
2025-12-06 11:31:59.673,fabc25b8-2e0d-485e-ad99-169a9a396eb7,2837.41,2838,100000000,512000000,
2025-12-06 11:31:59.665,c1da8f65-a020-444f-a6f8-f6380b9630ea,1991.25,1992,104000000,512000000,
2025-12-06 11:31:59.650,f9021815-36e3-4afb-a984-845f6219698a,2850.68,2851,100000000,512000000,
2025-12-06 11:31:59.644,17bf04ef-ffba-427a-869a-8e5337fb163d,2926.47,2927,100000000,512000000,
2025-12-06 11:31:59.638,0af6640c-2bd6-4cac-94f2-57ffa3b8ca75,2821.36,2822,100000000,512000000,
2025-12-06 11:31:59.636,5c67053c-bd16-4e3f-a509-ade1af82ead8,2964.18,2965,98000000,512000000,
2025-12-06 11:31:59.633,f024c37b-6dbf-44d7-ac77-8f35b1f0f5f6,2045.25,2046,105000000,512000000,
2025-12-06 11:31:59.633,b1fd952b-d5af-4b56-9247-313104a4cfbb,1914.31,1915,105000000,512000000,
2025-12-06 11:31:59.631,ec5f2b76-f89f-4b40-ac42-7774cb0269bd,1868.83,1869,104000000,512000000,
2025-12-06 11:31:59.627,e70aaec0-30e3-4a55-9093-828706d79d64,2912.84,2913,100000000,512000000,
2025-12-06 11:31:59.607,930bb8b0-3cfc-469b-9eb9-a2f84889fc2a,2931.69,2932,99000000,512000000,
2025-12-06 11:31:59.605,fe26ed8b-c22a-43b6-884a-1be7499927c0,1855.67,1856,104000000,512000000,
2025-12-06 11:31:59.602,ed72d2e7-5810-454c-9029-a5704b5173e4,2782.62,2783,99000000,512000000,
2025-12-06 11:31:59.600,08159f61-b21e-4704-bb3a-df179d895c00,2042.13,2043,104000000,512000000,
2025-12-06 11:31:59.582,2215c63d-d7c6-4fc1-bc52-a43ee94d1fa7,2149.79,2150,102000000,512000000,
2025-12-06 11:31:59.550,ee97d65d-856c-480e-82af-88fe67976d7b,2028.99,2029,103000000,512000000,
2025-12-06 11:31:59.540,c95e1f37-9a02-4334-8069-bf4b745ee108,2007.6,2008,104000000,512000000,
2025-12-06 11:31:59.533,13d7bba7-7bc8-4076-9d93-54ff9e98edd5,1991.54,1992,104000000,512000000,
2025-12-06 11:31:59.522,5a3dfb9d-c049-498f-a194-419c0f07727e,2003.05,2004,104000000,512000000,
2025-12-06 11:31:59.504,61c33ec1-fea4-4b23-bdb3-4c0ed4c0727e,2775.74,2776,98000000,512000000,
2025-12-06 11:31:59.502,40df3098-b5a1-4915-b7c7-6bb18d5565eb,2065.51,2066,102000000,512000000,
2025-12-06 11:31:59.473,06274f97-c079-41d2-a32b-1e62f776a2cd,2893.79,2894,99000000,512000000,
2025-12-06 11:31:59.452,11047d47-0a44-4b15-a963-8f2a0eb076fd,1954.32,1955,104000000,512000000,
2025-12-06 11:31:59.451,ba5704fc-2828-47ab-bbf7-18e14fb65056,2690.59,2691,100000000,512000000,
2025-12-06 11:31:59.440,6921630c-cfb5-4757-b101-d39526e2f3ad,2530.63,2531,100000000,512000000,
2025-12-06 11:31:59.435,262e2614-148f-4f4c-82a6-e13cce656f99,2079.98,2080,104000000,512000000,
2025-12-06 11:31:59.430,002f60b2-0350-4c71-a5c8-3246ab98218c,2715.8,2716,99000000,512000000,
2025-12-06 11:31:59.425,394e2a53-7b6c-442b-a390-d946fd779e63,2731.27,2732,100000000,512000000,
2025-12-06 11:31:59.412,bb0e3182-2b9b-49aa-9adf-b6d6a90c5ba6,2829.48,2830,100000000,512000000,
2025-12-06 11:31:59.397,e8408b45-881a-4a2c-a515-c1d31e066c0d,2065.28,2066,104000000,512000000,
2025-12-06 11:31:59.392,ec4a0e6a-fc10-44b0-b6ca-c700f07bbaa9,1926.93,1927,104000000,512000000,
2025-12-06 11:31:59.392,83dae498-364a-429c-a8da-a6c65626d0c9,2862.98,2863,99000000,512000000,
2025-12-06 11:31:59.384,437c4d07-e93a-4a7e-a82d-2fe79b56f003,2824.46,2825,99000000,512000000,
2025-12-06 11:31:59.366,505e56d0-354b-419b-9cbb-f9c7aefc3b6b,1990.07,1991,103000000,512000000,
2025-12-06 11:31:59.360,07c15c71-e7de-464d-ad14-7761943750fe,1975.62,1976,103000000,512000000,
2025-12-06 11:31:59.354,73265680-bb03-4ff3-9d41-b0d102617962,1871.6,1872,100000000,512000000,
2025-12-06 11:31:59.334,24c10ee5-bc3d-46fe-a99b-3eddb4b8445f,2012.56,2013,102000000,512000000,
2025-12-06 11:31:59.333,efd0889e-1254-46b5-a5f2-d806ecf8fb07,2016.53,2017,104000000,512000000,
2025-12-06 11:31:59.311,c6a490b3-7620-4c8b-a4b3-8c3dfda2d042,1899.14,1900,104000000,512000000,
2025-12-06 11:31:59.295,b6dd97eb-6c3b-42d2-9857-388c0736a5f6,2830.33,2831,99000000,512000000,
2025-12-06 11:31:59.281,f672d8eb-f7b2-49df-bad8-fb09236ab11f,1996.15,1997,104000000,512000000,
2025-12-06 11:31:59.275,2818ca95-021a-4bc0-aa64-669abfaba34c,1955.39,1956,104000000,512000000,
2025-12-06 11:31:59.269,96973ea2-dc06-41d6-b75c-8c1f0d2a448b,1986.74,1987,104000000,512000000,
2025-12-06 11:31:59.263,7ebac928-9b9e-4078-a968-1e00f9a7782e,1983.93,1984,104000000,512000000,
2025-12-06 11:31:59.252,cfd316c4-a955-41e8-8b98-8d93f0d21d39,2893.48,2894,99000000,512000000,
2025-12-06 11:31:59.251,c8aee168-daf9-4b3a-add1-7e70cd582935,1963.88,1964,104000000,512000000,
2025-12-06 11:31:59.250,c5ff7bc1-44d1-42f9-8406-ce798b1c7dcf,1885.46,1886,104000000,512000000,
2025-12-06 11:31:59.242,deadf96b-c309-4923-b377-c6a791496d12,1907.56,1908,103000000,512000000,
2025-12-06 11:31:59.238,d77d91a3-01cc-4b0f-8bb6-c20ce2294909,1969.43,1970,104000000,512000000,
2025-12-06 11:31:59.224,cc6360cf-264f-4314-981a-0702de287709,1972.9,1973,104000000,512000000,
2025-12-06 11:31:59.219,0fba8b4e-2965-41f0-bf96-22383ea2eb39,2630.27,2631,100000000,512000000,
2025-12-06 11:31:59.197,e4d374e9-74a4-4dba-ab68-0271c9a15437,1981.67,1982,104000000,512000000,
2025-12-06 11:31:59.192,4b0cce9c-be12-461a-93ad-096bbd91b076,1918.85,1919,104000000,512000000,
2025-12-06 11:31:59.164,38c9e51d-3022-4cd6-8595-75276ca02e79,1842.59,1843,104000000,512000000,
2025-12-06 11:31:59.160,37750a98-8f2a-424e-97ef-f4acc16bffc4,2619.74,2620,99000000,512000000,
2025-12-06 11:31:59.160,02336d44-1bcb-4e0b-9d56-62231c3c1426,2620.42,2621,99000000,512000000,
2025-12-06 11:31:59.152,9f971398-d61b-4d21-80a3-4953d4896783,1910.61,1911,104000000,512000000,
2025-12-06 11:31:59.152,194975a2-85c9-41c5-9d6b-736cb27978f2,2558.65,2559,99000000,512000000,
2025-12-06 11:31:59.143,e384dc1e-ec1f-4fca-8da0-56c807e4c8c5,2635.07,2636,99000000,512000000,
2025-12-06 11:31:59.140,848295fb-6b4e-4691-bcc4-fba1d21b7e25,2572.66,2573,99000000,512000000,
2025-12-06 11:31:59.118,437dc95f-5b4a-4ecc-acc7-e864033a41c5,1996.47,1997,104000000,512000000,
2025-12-06 11:31:59.115,4607aa48-30b4-4b99-9104-3b4520247436,1905.78,1906,103000000,512000000,
2025-12-06 11:31:59.111,19fc0b3f-6108-4cc1-9f6a-bc555442ba73,1926.62,1927,104000000,512000000,
2025-12-06 11:31:59.111,0a894566-714a-40a0-97f2-96aad289ff99,1852.8,1853,104000000,512000000,
2025-12-06 11:31:59.103,aa781022-77aa-4961-b96c-ded79fd42189,2598.66,2599,99000000,512000000,
2025-12-06 11:31:59.102,8fbdbc0c-5c47-4795-af62-55446a687557,2671.7,2672,99000000,512000000,
2025-12-06 11:31:59.101,11304b9c-9851-4fc9-8427-632c9400b55b,1936.69,1937,104000000,512000000,
2025-12-06 11:31:59.098,78288fdd-03ec-4511-a66a-4f2163049e82,1844.16,1845,100000000,512000000,
2025-12-06 11:31:59.096,297ae66a-d013-4eff-a81e-dad497f7e925,1921.03,1922,104000000,512000000,
2025-12-06 11:31:59.092,160c2ceb-3580-4848-84a8-f6af21bcf39e,1909.06,1910,104000000,512000000,
2025-12-06 11:31:59.091,c6b6ddf8-0fcb-4c87-8cd8-f4f9d15b03ed,2692.66,2693,100000000,512000000,
2025-12-06 11:31:59.088,3dafdca6-16e2-41fa-9517-528309403c57,1875.37,1876,105000000,512000000,
2025-12-06 11:31:59.085,29e5252c-04d4-4a41-801f-49fa9b8d9eeb,1906.71,1907,104000000,512000000,
2025-12-06 11:31:59.082,1ba75186-da3d-45fd-ad94-c8ef593f3354,2600.68,2601,100000000,512000000,
2025-12-06 11:31:59.069,711d6aca-27f2-4cee-917a-cc5c99afb0a8,1878.13,1879,104000000,512000000,
2025-12-06 11:31:59.069,3ec188b5-3194-45c3-bcff-563bdb194feb,2653.97,2654,98000000,512000000,
2025-12-06 11:31:59.069,d9066269-06ea-4294-92c1-36167d5b111e,2696.58,2697,100000000,512000000,
2025-12-06 11:31:59.066,fe023062-8cee-477b-86be-45320ede2f9f,1915.76,1916,104000000,512000000,
2025-12-06 11:31:59.065,909a4b83-dc28-415c-8ed6-a915475718e5,2714.69,2715,100000000,512000000,
2025-12-06 11:31:59.046,3f1b6466-4354-451b-b545-d7fc8c0d6481,1876.3,1877,104000000,512000000,
2025-12-06 11:31:59.038,4d68cc4c-f40c-4bf7-88f9-a87f2ebad9df,2514.88,2515,100000000,512000000,
2025-12-06 11:31:59.028,dc6f13c6-d34c-43d3-aec8-21b6983803e5,2585.19,2586,100000000,512000000,
2025-12-06 11:31:59.024,9d92ee15-47ce-49a2-9a0d-594b87068413,1918.25,1919,104000000,512000000,
2025-12-06 11:31:59.013,c13c4a72-fa50-463e-9bd8-36d6d7622778,1895.99,1896,102000000,512000000,
2025-12-06 11:31:59.006,94634709-d24c-4c59-8e65-d9fbb348f933,1897.71,1898,103000000,512000000,
2025-12-06 11:31:59.005,2fb7dd08-2ac6-4f75-a6d2-0ebc7f4cedaf,2548.05,2549,99000000,512000000,
2025-12-06 11:31:59.001,86a3666b-2e56-4609-940b-3c0c1a2dd32e,2550.99,2551,100000000,512000000,
2025-12-06 11:31:58.982,68be905c-6137-4738-b0a0-efeec2e9809c,2650.58,2651,100000000,512000000,
2025-12-06 11:31:58.977,f3d1be6d-07e3-4da1-bcd2-a20a953fbd4c,1867.72,1868,104000000,512000000,
2025-12-06 11:31:58.969,9902a9bd-b9fa-4882-8db5-42a8ec949096,2670.77,2671,100000000,512000000,
2025-12-06 11:31:58.961,31123f6e-3e84-4c92-aca8-900e41b4a2ad,2489.63,2490,99000000,512000000,
2025-12-06 11:31:58.935,98779fa8-7fc4-4fe0-ad61-3371bc7b2526,2541.31,2542,100000000,512000000,
2025-12-06 11:31:58.930,40896d61-c75a-4de2-b84d-68c989766654,2620.02,2621,99000000,512000000,
2025-12-06 11:31:58.928,76d99a9b-47c3-4f53-8813-5a100402a1ce,2496.16,2497,100000000,512000000,
2025-12-06 11:31:58.911,309bf541-cfdb-4904-9a57-2bbe97697717,2558.32,2559,99000000,512000000,
2025-12-06 11:31:58.897,9e88bbbc-6487-4fa4-a32a-56a6ed652cd6,2485.65,2486,100000000,512000000,
2025-12-06 11:31:58.896,624c17be-e501-4b4f-a35d-2db9fb5654ac,2588.86,2589,99000000,512000000,
2025-12-06 11:31:58.889,57cd39d9-69a8-4cf7-9e68-fd14581f9626,2574,2575,99000000,512000000,
2025-12-06 11:31:58.877,c7cfb08d-3e0d-4b12-ad31-4fd6ce2f1747,2681.49,2682,98000000,512000000,
2025-12-06 11:31:58.861,49a4b978-8edb-480b-b292-f08b0c80f4c2,2751.6,2752,98000000,512000000,
2025-12-06 11:31:58.853,7294d763-9720-4bd6-9b8d-9accc792370d,2611.6,2612,100000000,512000000,
2025-12-06 11:31:58.850,2ae4aa6e-0302-40e6-890f-411b38e93ef8,2693.58,2694,99000000,512000000,
2025-12-06 11:31:58.849,b58c5505-bf74-4e1d-9450-f159786164ab,2476.2,2477,99000000,512000000,
2025-12-06 11:31:58.832,20d2241b-a880-4e52-8ece-e7812cfa5a47,2578.08,2579,100000000,512000000,
2025-12-06 11:31:58.819,5975fe1f-3ad8-46b8-af40-d64cf23c39e4,2583.87,2584,99000000,512000000,
2025-12-06 11:31:58.813,6badf27b-5405-4a07-ae59-feb3f206a461,2443.39,2444,99000000,512000000,
2025-12-06 11:31:58.725,33fbaff0-3c27-4370-8787-bc9450a7af17,2650.6,2651,99000000,512000000,
2025-12-06 11:31:58.722,5e571460-c81c-4794-afd6-6e32f9b449ba,2714.21,2715,99000000,512000000,
2025-12-06 11:31:58.686,86fa0e9a-b8b4-4b67-b345-7fb87621547a,2584.31,2585,98000000,512000000,
2025-12-06 11:31:58.661,adef8b68-c678-4a41-90d5-cad8f3053389,2627.13,2628,100000000,512000000,
2025-12-06 11:31:58.650,c0f99964-e410-4722-b973-a31f748521b6,2474.67,2475,99000000,512000000,
2025-12-06 11:31:58.618,094eac8b-f910-4208-a1cc-e9df10b27e7b,2332.88,2333,100000000,512000000,
2025-12-06 11:31:58.609,6251399f-1c88-4a6a-be5e-577d9526f975,2553.63,2554,100000000,512000000,
2025-12-06 11:31:58.605,8b298b2b-ca77-40de-b669-578aced50802,2595.65,2596,99000000,512000000,
2025-12-06 11:31:58.574,58cbfded-cc92-4c67-8d3f-92d60543c740,2526.95,2527,99000000,512000000,
2025-12-06 11:31:58.573,257de593-7d3d-4776-8467-97f9a441f503,2490.21,2491,100000000,512000000,
2025-12-06 11:31:58.554,1419397d-bf08-474f-90c7-ca2c9a9a47e1,2548.43,2549,99000000,512000000,
2025-12-06 11:31:58.546,5a8963e8-b958-469e-8a1d-67e401cb3a3f,2552.44,2553,99000000,512000000,
2025-12-06 11:31:58.539,93f65a79-f7fb-4ffe-abdc-52004d38baf6,2451.59,2452,100000000,512000000,
2025-12-06 11:31:58.533,efd03bdb-d889-417b-8905-fbc9f8233c71,2546.73,2547,100000000,512000000,
2025-12-06 11:31:58.525,1442df73-b652-4fd0-9a72-3e429e07cfb2,2532.89,2533,100000000,512000000,
2025-12-06 11:31:58.514,50ff0a9d-990a-4b9d-9f31-48b94aec5448,2530.51,2531,100000000,512000000,
2025-12-06 11:31:58.429,29f1fd1a-e0d1-4702-bc71-2ad9315de282,2550.85,2551,100000000,512000000,
2025-12-06 11:31:58.398,74061430-fba3-4868-b775-810e088024d4,2559.51,2560,100000000,512000000,
2025-12-06 11:31:58.393,7268e532-5b3f-4993-b8d9-4505fa50e544,3142.73,3143,96000000,512000000,
2025-12-06 11:31:58.382,7b59e549-69d6-423f-b6d1-3fff6be29239,2406.85,2407,100000000,512000000,
2025-12-06 11:31:58.360,4b754dc2-6a85-483b-81c3-09ca00fed7ee,2563.89,2564,99000000,512000000,
2025-12-06 11:31:58.351,e96e1f13-b7fc-4786-ab26-a26c8e856705,2308.82,2309,100000000,512000000,
2025-12-06 11:31:58.341,78312fb4-daf3-4d34-b226-abed9a282e8f,2555.87,2556,101000000,512000000,
2025-12-06 11:31:58.328,da17641f-f801-4355-be6c-da070071c07a,2015.96,2016,98000000,512000000,
2025-12-06 11:31:58.253,56b1d339-53bf-40f4-b23c-dab554a29ce6,3251.63,3252,97000000,512000000,
2025-12-06 11:31:58.245,298fdad1-f2fe-46af-9593-06d8d7656617,3166.8,3167,97000000,512000000,
2025-12-06 11:31:58.237,709285ae-a349-4753-add9-190b338cb573,2368.71,2369,100000000,512000000,
2025-12-06 11:31:58.212,ab2c848a-3183-49d5-9005-6a5242b95d1d,2075.5,2076,99000000,512000000,
2025-12-06 11:31:58.208,0a4daab3-f259-4fbf-8619-f58a4de31d1e,2100.39,2101,98000000,512000000,
2025-12-06 11:31:58.202,65790015-427f-4f02-96d3-c2703a21d703,2464.47,2465,99000000,512000000,
2025-12-06 11:31:58.202,989d7654-4356-4668-8e20-a70d1a0d1fd6,3221.62,3222,97000000,512000000,
2025-12-06 11:31:58.197,bd6fbdad-c601-4a9a-9a44-77b414d9bff7,2471.57,2472,100000000,512000000,
2025-12-06 11:31:58.183,5558f85b-ee07-40f0-a910-af4af0a3baca,2010.81,2011,99000000,512000000,
2025-12-06 11:31:58.180,5bfcb068-9ffb-418d-814f-586e5ca647a7,3195.83,3196,97000000,512000000,
2025-12-06 11:31:58.167,5b1eceb7-f186-4108-a420-37852fd5cd84,2468.4,2469,99000000,512000000,
2025-12-06 11:31:58.134,a111d03b-3946-4d95-ad43-409c000adb94,1982.86,1983,99000000,512000000,
2025-12-06 11:31:58.131,689abd62-4045-4378-a8aa-9badadee18ba,1930.28,1931,99000000,512000000,
2025-12-06 11:31:58.123,cc10d475-b268-4f88-a170-ecc1a0cf69a5,3105.04,3106,96000000,512000000,
2025-12-06 11:31:58.115,6299b93f-3595-4c7e-a395-1df46de22e13,2416.65,2417,100000000,512000000,
2025-12-06 11:31:58.099,7ce4a31a-c205-4439-9984-dfcf2556abd9,2391.94,2392,100000000,512000000,
2025-12-06 11:31:58.076,c72fbf9a-cdf3-41fe-b485-abfe4676ea86,3091.02,3092,96000000,512000000,
2025-12-06 11:31:58.057,55267ce1-d142-4971-836f-53b403ba024a,3072.91,3073,96000000,512000000,
2025-12-06 11:31:58.052,7fdf2419-e453-4b8f-9bc9-8dfe2c6361a5,3066.85,3067,97000000,512000000,
2025-12-06 11:31:58.049,a7bfaee1-158b-48c6-a182-01f1459b9509,1967.53,1968,100000000,512000000,
2025-12-06 11:31:58.039,9aed1fd7-dec4-4e37-b30b-367ab15ebef4,3129.92,3130,97000000,512000000,
2025-12-06 11:31:58.035,4f281a1a-7700-41df-bd89-b9b86153e89a,1865.17,1866,100000000,512000000,
2025-12-06 11:31:58.032,ecce6f3a-200b-4f8c-9c16-411090bdf27f,3047.46,3048,97000000,512000000,
2025-12-06 11:31:58.020,e1542739-49fd-453b-8bd9-92beb0348f74,1970.18,1971,99000000,512000000,
2025-12-06 11:31:58.017,10946ff0-4e72-4369-b8b5-f03992738830,1984.28,1985,100000000,512000000,
2025-12-06 11:31:58.016,496a4907-77b5-4a01-a660-93d248835153,3030.79,3031,97000000,512000000,
2025-12-06 11:31:58.010,a7725508-c790-4faf-a144-5d1d460f02b1,2220.47,2221,100000000,512000000,
2025-12-06 11:31:58.009,ff489df2-8f7c-409d-92b0-28d770591f59,3023.4,3024,96000000,512000000,
2025-12-06 11:31:57.996,8c64100e-52fd-4af1-a7f0-b4c058ca06ef,3131.3,3132,97000000,512000000,
2025-12-06 11:31:57.993,9332d8e2-f15b-42f4-a4b1-5beaba433d2f,1870.65,1871,98000000,512000000,
2025-12-06 11:31:57.984,7eca55dc-9b58-4228-8049-83262589f811,1982.47,1983,98000000,512000000,
2025-12-06 11:31:57.983,a3bb9cc1-38cd-4e95-ae71-90bd8610b45e,1917.55,1918,100000000,512000000,
2025-12-06 11:31:57.974,94e2042f-6deb-4389-abc1-46af00bcb3af,1907.03,1908,99000000,512000000,
2025-12-06 11:31:57.972,c242e613-451b-4b16-8a05-ed90368b66e6,2986.34,2987,96000000,512000000,
2025-12-06 11:31:57.959,840722f8-ac29-4979-8e72-be5125c84147,1925.82,1926,100000000,512000000,
2025-12-06 11:31:57.953,390a6ae8-beab-410d-83c3-757818b864c6,1931.24,1932,98000000,512000000,
2025-12-06 11:31:57.940,d36a2891-7def-4877-8230-eef7c4797aae,3144.02,3145,96000000,512000000,
2025-12-06 11:31:57.936,51d4984e-668c-4448-84d1-385f810c3946,1923.46,1924,100000000,512000000,
2025-12-06 11:31:57.933,e882b628-ac31-4488-ac75-19c391b6ada2,1896.84,1897,100000000,512000000,
2025-12-06 11:31:57.925,d409789b-fc55-4653-a36e-1a109ff61158,1931.14,1932,100000000,512000000,
2025-12-06 11:31:57.921,be89e2b4-f496-4c58-983a-edb32bafa2bc,1894,1895,100000000,512000000,
2025-12-06 11:31:57.912,1a7ec808-267c-45fa-afb4-26125832ab91,2927.74,2928,96000000,512000000,
2025-12-06 11:31:57.909,9d5d6d72-d11b-48cc-a06e-20f7dcab4455,1946.92,1947,99000000,512000000,
2025-12-06 11:31:57.909,170730c3-153b-4b04-b1ab-405fa455d15f,1847.34,1848,99000000,512000000,
2025-12-06 11:31:57.906,d702637e-5b19-436f-a1a4-1b9aeb266fa0,2923.17,2924,96000000,512000000,
2025-12-06 11:31:57.898,856d29de-21c3-4114-baae-3fb6cfb479dc,1844.24,1845,99000000,512000000,
2025-12-06 11:31:57.894,6c51f452-2a38-4e4e-864a-927709b6f32b,2908.69,2909,96000000,512000000,
2025-12-06 11:31:57.882,9d37a6ca-2b6e-404f-891d-2faafa37665d,1852.23,1853,99000000,512000000,
2025-12-06 11:31:57.881,0187dfa6-17a8-4566-a75e-f078efdc2db4,1844.68,1845,99000000,512000000,
2025-12-06 11:31:57.880,96227a67-376b-4a97-a70b-c4c3ba3ce968,1889.56,1890,100000000,512000000,
2025-12-06 11:31:57.878,2b9b0190-9df9-4c44-b2f6-db0b68fb833e,3084.67,3085,96000000,512000000,
2025-12-06 11:31:57.877,90a44e93-5e68-4fb5-b61e-54e41c398d19,1887.27,1888,100000000,512000000,
2025-12-06 11:31:57.872,64572e2d-db40-41e7-a7f8-cb115847c739,1859.64,1860,98000000,512000000,
2025-12-06 11:31:57.866,8780d180-51f3-46ef-950a-7da6fe8a07cf,1889.71,1890,98000000,512000000,
2025-12-06 11:31:57.846,a9a9e178-1a2b-45be-af9f-fd391ca382e8,1800.38,1801,100000000,512000000,
2025-12-06 11:31:57.831,d2ad2913-694e-4165-8ea0-17fee2af3749,1885.94,1886,99000000,512000000,
2025-12-06 11:31:57.829,60be4be3-c7a1-48fb-9030-a4de662ced4e,3373.26,3374,96000000,512000000,
2025-12-06 11:31:57.825,0c666ce9-b159-4dca-9aa7-a38f2c949a55,1849.97,1850,99000000,512000000,
2025-12-06 11:31:57.806,a764d200-aa86-4022-8f17-c96d271d8071,1821.93,1822,99000000,512000000,
2025-12-06 11:31:57.806,308e5144-be5f-4695-a6c8-6562c8ace83a,1851.77,1852,99000000,512000000,
2025-12-06 11:31:57.799,c27df2f0-f0c1-4b14-98df-55192f485501,1881.33,1882,100000000,512000000,
2025-12-06 11:31:57.795,81b13130-1145-4bbf-b212-de6e7dac40c9,1788.08,1789,99000000,512000000,
2025-12-06 11:31:57.792,e31a951a-b93a-401c-864e-33058aa1d9c2,2893.12,2894,96000000,512000000,
2025-12-06 11:31:57.791,9bef43e5-85f3-4a8e-adec-9a61e05cb6e7,2969.93,2970,97000000,512000000,
2025-12-06 11:31:57.760,142e7a0b-6ed8-4b8b-9589-5e32a2b12acc,1817.3,1818,100000000,512000000,
2025-12-06 11:31:57.756,87599d80-0024-4e50-9b4c-a59d8e92f962,2883.44,2884,97000000,512000000,
2025-12-06 11:31:57.747,d923b367-80e2-4b60-b8b6-7c851c87aad6,1841.68,1842,100000000,512000000,
2025-12-06 11:31:57.744,061ff58a-547d-454d-b678-f06c2021a018,1848.28,1849,99000000,512000000,
2025-12-06 11:31:57.735,42f28fb7-4c9f-4bd7-b8b2-a51b38981a15,1874.55,1875,99000000,512000000,
2025-12-06 11:31:57.709,4b53cc1f-1e76-4093-8496-1988fbe25546,1807.57,1808,101000000,512000000,
2025-12-06 11:31:57.702,98cafdd8-adf6-4ea6-bf59-cf9b159153df,1811.77,1812,99000000,512000000,
2025-12-06 11:31:57.684,66893234-6171-4c51-b7f1-50c8af08b848,2900.51,2901,97000000,512000000,
2025-12-06 11:31:57.670,1c42eb44-24f0-4ce6-b8a2-18c8d683ccf2,3073.31,3074,97000000,512000000,
2025-12-06 11:31:57.667,d3b8326d-4eef-45d7-88d1-9c495fd543bc,1990.12,1991,100000000,512000000,
2025-12-06 11:31:57.665,525f5cef-7233-4fa7-a419-60a43b61d96d,1816.04,1817,100000000,512000000,
2025-12-06 11:31:57.585,a93271c5-fb79-4b9f-adce-d259f2785d2d,3259.41,3260,97000000,512000000,
2025-12-06 11:31:57.570,da60b30c-a3e2-4538-b214-c8fbd4f1faee,2022.93,2023,99000000,512000000,
2025-12-06 11:31:57.537,440b6def-3840-4b98-92b3-92f8d76cdc86,2033.54,2034,100000000,512000000,
2025-12-06 11:31:57.534,28390506-0eb3-45b2-b2be-9c151f6c25f4,3236.03,3237,97000000,512000000,
2025-12-06 11:31:57.529,d39a7908-3ba2-47b9-bce3-8da54469c629,1959.73,1960,99000000,512000000,
2025-12-06 11:31:57.517,a9a47f85-9311-4970-a9a5-941bfe1dfd8f,1982.58,1983,99000000,512000000,
2025-12-06 11:31:57.513,e07b8901-954a-4149-9797-1ba545743902,1967.52,1968,98000000,512000000,
2025-12-06 11:31:57.500,c5621c5d-081d-4b49-88d5-71297ca96ccf,3088.27,3089,96000000,512000000,
2025-12-06 11:31:57.499,38a2019a-4a65-4056-815d-b90914089b83,3291.53,3292,97000000,512000000,
2025-12-06 11:31:57.491,cae03435-1c7c-4c57-add1-53d1c6f42e39,3190.39,3191,97000000,512000000,
2025-12-06 11:31:57.490,798dd4f7-120c-4e0d-94b7-bee265097832,1857.05,1858,100000000,512000000,
2025-12-06 11:31:57.488,ff8db7d1-d610-4a1a-8120-aa02d94a8294,3161.18,3162,97000000,512000000,
2025-12-06 11:31:57.470,26cb5b6d-ea26-4091-9085-f08f4a923300,1936.29,1937,99000000,512000000,
2025-12-06 11:31:57.465,ce2f2ba9-3bda-4283-96a5-f1641026fba6,3245.3,3246,96000000,512000000,
2025-12-06 11:31:57.464,00763189-bb82-40cb-a03e-c49fd846c954,3134.52,3135,97000000,512000000,
2025-12-06 11:31:57.457,136e7391-db65-4cae-a3de-5d75d352f9c7,3233.23,3234,96000000,512000000,
2025-12-06 11:31:57.454,20d7a09f-9435-4ee6-92b6-a7595a9505fb,3189.6,3190,97000000,512000000,
2025-12-06 11:31:57.453,60e05bd7-791d-4207-9d85-5210afc8dfad,3179.14,3180,96000000,512000000,
2025-12-06 11:31:57.447,ac3c8cf8-b0bc-4b4a-8f7a-fda8974a5f20,1855.14,1856,100000000,512000000,
2025-12-06 11:31:57.446,39a084de-1483-4e2b-9cdc-e7f04a2a8a1e,3121.98,3122,97000000,512000000,
2025-12-06 11:31:57.441,1be70b62-5c3e-4647-b47c-584b80a8c720,3152.68,3153,97000000,512000000,
2025-12-06 11:31:57.439,98803723-e298-4076-99dc-ffe8b4e7cb13,3116.75,3117,96000000,512000000,
2025-12-06 11:31:57.423,6f4d4d3f-a6ae-4517-8db8-644996925b8d,3236.21,3237,97000000,512000000,
2025-12-06 11:31:57.423,f4c5a081-9d14-4ff1-9ab6-16bfaad329ea,3167.74,3168,97000000,512000000,
2025-12-06 11:31:57.420,fb64b535-68d0-44af-bcc1-901d18afe59b,3206.37,3207,96000000,512000000,
2025-12-06 11:31:57.418,5c082433-c023-45e7-9549-917c2bd672a4,3261.32,3262,97000000,512000000,
2025-12-06 11:31:57.418,f91aaebb-631e-400a-8bfd-b690700debec,2172.46,2173,99000000,512000000,
2025-12-06 11:31:57.416,431c467f-ec25-485c-adb1-b82ddec95f4a,2114.32,2115,99000000,512000000,
2025-12-06 11:31:57.415,090c1800-5648-45c1-90dc-ca5147160419,2711.54,2712,97000000,512000000,
2025-12-06 11:31:57.404,e52ba068-95f0-41e4-9b84-71bfd4f295e8,3249.67,3250,96000000,512000000,
2025-12-06 11:31:57.403,3e29e1b5-09c2-47a8-8669-53be6022c122,1828.11,1829,98000000,512000000,
2025-12-06 11:31:57.392,6a131934-8770-432e-ae5f-95c9d51cba32,3148.55,3149,97000000,512000000,
2025-12-06 11:31:57.392,efa65014-3abc-4d6c-8d99-917ac19eb090,3142.58,3143,97000000,512000000,
2025-12-06 11:31:57.387,ae69f028-68e8-4de0-b95f-cc9f35efde17,3115.6,3116,96000000,512000000,
2025-12-06 11:31:57.382,be975e12-3e41-4b5c-b180-1e47a26823d7,3232.76,3233,97000000,512000000,
2025-12-06 11:31:57.371,7bc8dff6-8608-46c4-8b23-aad29600dbf6,3148.07,3149,96000000,512000000,
2025-12-06 11:31:57.368,75f5dcef-7022-45a2-840d-d2f347d14b8e,1896.8,1897,98000000,512000000,
2025-12-06 11:31:57.364,fef2f940-d798-4d39-80d2-53992ded65c9,1958.45,1959,100000000,512000000,
2025-12-06 11:31:57.363,320fea4e-20f3-4003-96cf-cfad36e4e112,3095.77,3096,97000000,512000000,
2025-12-06 11:31:57.353,ad15a1fb-7116-4bc4-99be-aa5dc90b6f61,3213.09,3214,97000000,512000000,
2025-12-06 11:31:57.347,d77bd3d6-eaa9-41f5-93fb-8f8e82dbb319,1848.86,1849,100000000,512000000,
2025-12-06 11:31:57.347,ba4652d1-eb32-434f-87fd-beece9a709eb,1993.83,1994,100000000,512000000,
2025-12-06 11:31:57.346,ad904a0d-9de3-4bb4-9090-f0e1875023ef,3124.74,3125,96000000,512000000,
2025-12-06 11:31:57.345,5fb272e9-b2ab-4aca-8e08-6135f1529dae,3175.01,3176,96000000,512000000,
2025-12-06 11:31:57.338,2d84c56b-12e6-49db-975c-9cb89c156a1b,1883.06,1884,100000000,512000000,
2025-12-06 11:31:57.321,fed6eeb5-c395-415e-971e-8382b29ad665,1950.83,1951,98000000,512000000,
2025-12-06 11:31:57.314,1d24814b-860a-4641-a3c2-9ff30ebf0365,1858.34,1859,98000000,512000000,
2025-12-06 11:31:57.312,ff03be60-71a2-4a97-9f78-acfb08172faa,3095.98,3096,97000000,512000000,
2025-12-06 11:31:57.307,95020016-3c1b-45d2-8b14-b6953b4e2747,1881.54,1882,100000000,512000000,
2025-12-06 11:31:57.304,bf6226a3-b539-4f14-982a-ad0ba673310c,1969.77,1970,99000000,512000000,
2025-12-06 11:31:57.302,8201cf9e-f96b-4891-aa5a-230dd1ef6d0a,1873.26,1874,99000000,512000000,
2025-12-06 11:31:57.299,6fa4f38b-e7ca-489e-a5dd-7a68aee9e7f0,1816.34,1817,99000000,512000000,
2025-12-06 11:31:57.296,28b778d0-d17b-4f13-b3bf-27d31efd8560,3110.95,3111,96000000,512000000,
2025-12-06 11:31:57.291,ac01e753-34d2-4b5d-9e93-5ecd58c36113,2990.19,2991,96000000,512000000,
2025-12-06 11:31:57.290,55860740-8b46-487d-97d1-84e6b6eeb462,3173.91,3174,96000000,512000000,
2025-12-06 11:31:57.278,bc95aed9-5d72-4ba4-afe2-9afc5cc046d9,3035.01,3036,96000000,512000000,
2025-12-06 11:31:57.277,9fe96685-b8af-4be1-ac7d-66098fe91988,1933.2,1934,98000000,512000000,
2025-12-06 11:31:57.276,7b615eeb-bf22-4ab9-877a-302d16f064b5,3096,3096,96000000,512000000,
2025-12-06 11:31:57.274,96bf2229-5727-4af7-8edf-6f6ec4b79d6e,3275.55,3276,96000000,512000000,
2025-12-06 11:31:57.274,e9b84348-b2e2-4127-a46a-07d9001b7c3c,3011.75,3012,97000000,512000000,
2025-12-06 11:31:57.272,84c9d622-1e1e-4095-b411-fbd9c663a5cc,3129.57,3130,97000000,512000000,
2025-12-06 11:31:57.268,df94ae26-9495-4019-8868-aa7fde97e7ab,3174.46,3175,97000000,512000000,
2025-12-06 11:31:57.267,88515ee9-4217-4d60-81a1-f3d5168a201c,1895.61,1896,100000000,512000000,
2025-12-06 11:31:57.267,a08b944a-443b-4ec7-90ec-1bfe286a0ed8,3114.71,3115,97000000,512000000,
2025-12-06 11:31:57.266,ab857f19-9666-4615-a1db-f1ff2c208eb7,3034.93,3035,96000000,512000000,
2025-12-06 11:31:57.266,6735c889-12a8-4ed1-94e3-500441d106cf,1905.73,1906,100000000,512000000,
2025-12-06 11:31:57.265,4391a497-ace4-4da1-bf9b-8ac4f8ea7759,3091.08,3092,96000000,512000000,
2025-12-06 11:31:57.264,b197e4dc-4c42-4cfe-844a-0d20c6d445f2,1909.89,1910,99000000,512000000,
2025-12-06 11:31:57.263,2e66368a-e754-4f5f-8bb3-d98f4c97123d,1930.1,1931,100000000,512000000,
2025-12-06 11:31:57.263,9fbaf82e-7c62-4989-9df3-1d16a86b819b,3137.84,3138,96000000,512000000,
2025-12-06 11:31:57.263,fccae5e6-11b3-46a5-b943-d2c034a798a8,2993.32,2994,96000000,512000000,
2025-12-06 11:31:57.262,ffb80e57-b606-4db2-88fd-e3ae14b57212,3029.37,3030,96000000,512000000,
2025-12-06 11:31:57.258,152f71e6-86ed-4abc-b9fd-a93f19f0b1e7,3135.04,3136,97000000,512000000,
2025-12-06 11:31:57.255,39404f50-6af4-4f8a-b927-7d78bec2cc04,3115.19,3116,97000000,512000000,
2025-12-06 11:31:57.254,45783e28-9f03-4ef5-bbdb-49358ea44228,1903.26,1904,99000000,512000000,
2025-12-06 11:31:57.251,7ae463b9-e646-4067-9e8a-2bb3319f1157,1792.13,1793,100000000,512000000,
2025-12-06 11:31:57.250,55ebd025-4bea-45a5-982f-76d5cf64ab6f,3310.34,3311,96000000,512000000,
2025-12-06 11:31:57.241,f717264c-709b-4abb-84a0-3c9e60e7d6bd,1908.51,1909,100000000,512000000,
2025-12-06 11:31:57.240,8d650b85-01ed-4737-908b-0499773450e5,3060.82,3061,97000000,512000000,
2025-12-06 11:31:57.240,925c5ed7-0508-4f8d-8aeb-a8b1465972ae,3066.3,3067,97000000,512000000,
2025-12-06 11:31:57.238,b1838f4f-4d56-4209-a461-502c96591219,1950.45,1951,99000000,512000000,
2025-12-06 11:31:57.230,6cadf93b-1f17-4fc7-a372-659a377a08a4,3075.37,3076,97000000,512000000,
2025-12-06 11:31:57.226,110a0f14-d740-4bef-b690-de89fee353aa,3045.3,3046,96000000,512000000,
2025-12-06 11:31:57.226,dfd8088a-0807-4e3d-a72e-169ff4c3e43e,1897.46,1898,99000000,512000000,
2025-12-06 11:31:57.219,2d411a56-29a1-4d11-a8de-878a768a39f9,3224.1,3225,97000000,512000000,
2025-12-06 11:31:57.217,c9b2319c-1f53-4601-8515-4bdc65a82f68,3027.68,3028,97000000,512000000,
2025-12-06 11:31:57.212,a144a066-708f-463a-8de7-2efb338e268e,3095.27,3096,97000000,512000000,
2025-12-06 11:31:57.209,87756065-64fe-4deb-874f-c997f6ec1111,1883.15,1884,100000000,512000000,
2025-12-06 11:31:57.206,dccdd8db-40b1-489f-9b91-3166332a3d6c,3183.04,3184,97000000,512000000,
2025-12-06 11:31:57.204,982a8fc6-c6e3-496f-a29d-3fd306bbb870,3106.3,3107,97000000,512000000,
2025-12-06 11:31:57.195,ea1159fd-f151-4c4b-b02f-fc7678a334dd,3112.77,3113,96000000,512000000,
2025-12-06 11:31:57.192,46ee49c3-c8be-4d5f-9f05-adef26051ef4,2989.09,2990,97000000,512000000,
2025-12-06 11:31:57.191,033dbc7f-9fc2-4caf-9093-74a4cf6622bf,3114.34,3115,97000000,512000000,
2025-12-06 11:31:57.187,b6540ade-3f37-43fa-958a-b467e3f858ad,3033.44,3034,96000000,512000000,
2025-12-06 11:31:57.184,cca0abf2-801a-456d-a60b-773f0322a2d4,1876.02,1877,99000000,512000000,
2025-12-06 11:31:57.182,8b874a30-35e6-4eb3-8169-c1025cb7bbbf,3101.02,3102,96000000,512000000,
2025-12-06 11:31:57.178,ac746fb9-8974-473d-8353-2d835aafb6d2,3014.3,3015,96000000,512000000,
2025-12-06 11:31:57.177,807535c2-2316-4b25-b860-59a57aff5e6d,3115.02,3116,96000000,512000000,
2025-12-06 11:31:57.173,8f30c524-944e-49fd-a74a-b9041bdd1498,1869.78,1870,99000000,512000000,
2025-12-06 11:31:57.170,dc387fb8-7767-437d-8ba1-d14f64226c26,1843.04,1844,100000000,512000000,
2025-12-06 11:31:57.170,770e1ea9-4ecc-495a-b059-908c351a7aa9,3270.96,3271,96000000,512000000,
2025-12-06 11:31:57.168,7e3e385b-31d6-40a2-86ce-cb649b89e69a,1836.74,1837,100000000,512000000,
2025-12-06 11:31:57.166,fe02c5f4-2c19-4e7b-a78c-87f29137f257,1849.7,1850,99000000,512000000,
2025-12-06 11:31:57.165,bd99dd32-b571-40ba-9005-197dfbad2854,1858.4,1859,100000000,512000000,
2025-12-06 11:31:57.163,c2dcfd20-30c2-4683-9e93-057fb9978769,1853.73,1854,100000000,512000000,
2025-12-06 11:31:57.163,2ee1edfd-5717-4d22-a680-85de70ad9133,1847.14,1848,101000000,512000000,
2025-12-06 11:31:57.157,06841e8b-0508-45ec-8660-7792e567e8d0,3076.36,3077,96000000,512000000,
2025-12-06 11:31:57.156,973ee4f1-23ef-452e-823d-1c0f51d00b7d,1888.44,1889,100000000,512000000,
2025-12-06 11:31:57.155,60c09586-3c42-48a8-b558-015ccf30aeb8,3072.61,3073,97000000,512000000,
2025-12-06 11:31:57.155,1a27c8c4-52b0-46cf-a4ae-56b9b146ebfb,3029.23,3030,97000000,512000000,
2025-12-06 11:31:57.154,5158e8db-59e3-410c-a18e-8d5603ce89f6,3017.81,3018,96000000,512000000,
2025-12-06 11:31:57.150,e323f05a-48ad-44b0-8202-13f2b8a8635e,3154.57,3155,97000000,512000000,
2025-12-06 11:31:57.150,1168d175-c0e4-4eb7-a630-8574ec16f751,3034.8,3035,96000000,512000000,
2025-12-06 11:31:57.144,1edac462-abad-4dd8-ac4d-3c8718850ddb,3035.72,3036,96000000,512000000,
2025-12-06 11:31:57.143,64cc56ad-d567-46b7-b5b0-74e46a8ceae6,1889.94,1890,100000000,512000000,
2025-12-06 11:31:57.143,733d2c2a-9200-43df-b6db-b030c9ebdde7,3013.39,3014,96000000,512000000,
2025-12-06 11:31:57.143,f321762e-7c5a-4b3e-a326-246bdf667501,2984.39,2985,96000000,512000000,
2025-12-06 11:31:57.142,d0e703c5-4084-49c5-b38e-561cc0756818,3061.43,3062,96000000,512000000,
2025-12-06 11:31:57.135,66dd8455-54b1-4fc2-8f71-407e2f367de8,3051.94,3052,97000000,512000000,
2025-12-06 11:31:57.135,ad39c03d-ad4e-48d3-af13-6a520788c56f,3073.82,3074,97000000,512000000,
2025-12-06 11:31:57.131,0d74a794-3423-4d60-9e35-5da88478856a,2976.84,2977,97000000,512000000,
2025-12-06 11:31:57.131,e0af7522-8fa7-4e0f-b8bf-26c89aa0a6cd,3054.13,3055,97000000,512000000,
2025-12-06 11:31:57.120,0abe76d8-2526-4f00-9fe1-39c5f1751806,3130.88,3131,96000000,512000000,
2025-12-06 11:31:57.117,28ec566d-c81d-4ada-a722-2a8abdc78568,3120.61,3121,96000000,512000000,
2025-12-06 11:31:57.113,271fc6d5-583b-4364-acf0-b3f2b99d2a0c,1871.94,1872,99000000,512000000,
2025-12-06 11:31:57.110,f9cdc5ee-88d9-40e1-986b-5f152aea25ee,1853.01,1854,100000000,512000000,
2025-12-06 11:31:57.110,2109e4b8-fea1-4907-be81-a6844576d211,3014.12,3015,96000000,512000000,
2025-12-06 11:31:57.108,5b8f3034-ca25-46d4-9e0e-87b0e34e1c76,3022.93,3023,96000000,512000000,
2025-12-06 11:31:57.106,e372b88b-dc03-4f4a-9f4f-df1d585afab4,2963.68,2964,97000000,512000000,
2025-12-06 11:31:57.103,0161d3c6-a6ae-465c-9a04-1ac35e8508b1,3022.46,3023,97000000,512000000,
2025-12-06 11:31:57.103,13ade489-8f57-4376-b1bc-3e113b0924eb,2995.78,2996,96000000,512000000,
2025-12-06 11:31:57.100,eb763426-59d4-4dbd-8405-aa3ea4e49346,1851.12,1852,99000000,512000000,
2025-12-06 11:31:57.099,943e2a91-c105-48d1-85a7-768512f15fb7,3014.66,3015,97000000,512000000,
2025-12-06 11:31:57.098,b88f6b94-a833-40bf-be32-e7476a6b8252,1851.84,1852,99000000,512000000,
2025-12-06 11:31:57.097,2006dc7d-4fe5-4d31-899a-7ca33f03b549,3115.19,3116,97000000,512000000,
2025-12-06 11:31:57.097,4c5cbbb2-8534-4eaa-9569-b77b74ef8ca5,2995.38,2996,96000000,512000000,
2025-12-06 11:31:57.096,e706332a-ea4e-4708-9d8b-bce500a98243,1818.05,1819,99000000,512000000,
2025-12-06 11:31:57.094,d03c8f7d-6aa2-455a-a40f-0551ed45a156,2993.57,2994,96000000,512000000,
2025-12-06 11:31:57.090,57cd2169-6713-4e45-9e1d-109d7951fd3e,3071.23,3072,97000000,512000000,
2025-12-06 11:31:57.087,578e445d-9ae4-4048-944c-cabeee5e2b5d,3016.12,3017,96000000,512000000,
2025-12-06 11:31:57.084,86fff3fc-12b7-436a-803c-f14f323055e3,3115.5,3116,96000000,512000000,
2025-12-06 11:31:57.078,fbeeff9e-b86f-4929-8355-c0a3dbd23485,2956.55,2957,97000000,512000000,
2025-12-06 11:31:57.076,3d51c09d-6e6b-4d1a-8040-7bd7fcd275a2,3004.53,3005,97000000,512000000,
2025-12-06 11:31:57.075,55a2952f-82e3-42dd-a907-cbcd75398427,2994.11,2995,97000000,512000000,
2025-12-06 11:31:57.071,85c53745-c7de-42ab-af74-839cc5105c48,2996.68,2997,97000000,512000000,
2025-12-06 11:31:57.071,58fd32b9-e31e-497b-a345-0761f1ae952a,3037.61,3038,97000000,512000000,
2025-12-06 11:31:57.070,159c0d39-af0c-4ba8-874a-3a379bebf842,3172.51,3173,97000000,512000000,
2025-12-06 11:31:57.063,704cc2e4-6ede-4ee3-adcb-d929f5ff2c15,3012.45,3013,97000000,512000000,
2025-12-06 11:31:57.059,1dbc3e27-3723-446f-9589-a71bb9456131,2990.55,2991,96000000,512000000,
2025-12-06 11:31:57.052,6c46a525-405d-4f31-98c1-3b0f5463717d,3013.72,3014,97000000,512000000,
2025-12-06 11:31:57.051,03878ab0-b4cc-46b8-82e3-eaff1844a6e1,3048,3048,97000000,512000000,
2025-12-06 11:31:57.050,34c88d1e-428f-4e05-a507-c3e75056f1ff,3031.98,3032,96000000,512000000,
2025-12-06 11:31:57.049,be0cd634-84eb-4dfe-a5e1-642c873b3092,3014.87,3015,97000000,512000000,
2025-12-06 11:31:57.049,526bce6e-294a-4e58-85fe-bc5ef759bf3a,3133.95,3134,97000000,512000000,
2025-12-06 11:31:57.047,82b27961-25f3-4bbb-b062-33749393669f,2968.63,2969,96000000,512000000,
2025-12-06 11:31:57.047,6a49c78f-fcdb-4b61-8747-e8d3b3e0adc9,3115.27,3116,96000000,512000000,
2025-12-06 11:31:57.045,08459e2b-5bac-4ece-9b48-d6863c140643,2953.36,2954,96000000,512000000,
2025-12-06 11:31:57.044,416ff12c-bbed-449f-ad57-afb6ade3a74b,3142.45,3143,97000000,512000000,
2025-12-06 11:31:57.042,06d61768-8aef-42f0-a608-c33c5ca507e3,3072.02,3073,97000000,512000000,
2025-12-06 11:31:57.040,a52c57db-6265-4124-8a24-066f1b0ae27d,3134.13,3135,97000000,512000000,
2025-12-06 11:31:57.039,e4522d16-5036-4b6f-b53f-0f7f788dec14,2923.9,2924,97000000,512000000,
2025-12-06 11:31:57.034,5b3dc492-cccd-4e1d-aecf-38376bb00af5,3133.35,3134,97000000,512000000,
2025-12-06 11:31:57.033,8bd99df4-ee93-45a1-b1d1-b1a57442f856,3055.52,3056,97000000,512000000,
2025-12-06 11:31:57.026,653840be-f7c5-4a88-9b58-961a8538ed07,2977.11,2978,97000000,512000000,
2025-12-06 11:31:57.025,912e8edb-622c-4370-b8ab-0136d29fa483,2984.95,2985,97000000,512000000,
2025-12-06 11:31:57.025,9b3e0bc9-7d25-4c07-8dca-b80a799aa385,2941.01,2942,97000000,512000000,
2025-12-06 11:31:57.024,2c8c18ce-0f82-44d2-b721-2e0d0002b07e,2996.16,2997,96000000,512000000,
2025-12-06 11:31:57.021,c86a6e3f-6984-4ec0-9c88-3033e4c96ce8,3113.69,3114,97000000,512000000,
2025-12-06 11:31:57.020,ea40e4f5-41aa-44f9-a1b1-4413b72b3880,3115.5,3116,97000000,512000000,
2025-12-06 11:31:57.018,26cf5181-e8e3-4c07-b05b-f31a0c013362,2936.47,2937,97000000,512000000,
2025-12-06 11:31:57.012,2ef076f4-fa70-413e-abbe-bae8b8ff4d19,3096.69,3097,96000000,512000000,
2025-12-06 11:31:57.012,800e59f1-38ba-417d-a49d-f7eea4d40abc,2936.01,2937,96000000,512000000,
2025-12-06 11:31:57.010,d7231e65-fd2c-4f73-9133-2aeb730d11b6,3100.02,3101,96000000,512000000,
2025-12-06 11:31:57.010,0cc74440-9b40-4e7c-88b6-1fbf72e61062,2992.22,2993,97000000,512000000,
2025-12-06 11:31:57.006,b4d4d1af-c75a-4ec2-b83b-3e9d7073b19c,2982.61,2983,97000000,512000000,
2025-12-06 11:31:57.005,9c2f5e00-88fc-49d9-af84-4c828922e06b,3032.82,3033,97000000,512000000,
2025-12-06 11:31:57.000,0441e941-133c-4c40-9157-060234b77300,2955.62,2956,97000000,512000000,
2025-12-06 11:31:57.000,fac7a842-9afd-4a50-98ac-99dee397fc6c,3085.82,3086,96000000,512000000,
2025-12-06 11:31:56.998,cc5c36f1-d1af-44ae-9c51-a45de5ccf57b,3072.61,3073,96000000,512000000,
2025-12-06 11:31:56.994,f04fed60-ebf9-4894-9d02-fea783eb908c,3091.54,3092,96000000,512000000,
2025-12-06 11:31:56.992,d38c3ecf-8967-415f-8209-d94ff592bee2,2964.22,2965,96000000,512000000,
2025-12-06 11:31:56.992,867008a1-7492-420e-b4a5-3daad589e58e,3013.86,3014,97000000,512000000,
2025-12-06 11:31:56.992,454d4b52-0061-4250-aed8-1b56ea418e6a,3035.68,3036,96000000,512000000,
2025-12-06 11:31:56.990,e32b1639-62c1-4b2d-9004-b590a4a855ce,3082.82,3083,97000000,512000000,
2025-12-06 11:31:56.989,2fd38fbf-ed51-4bc9-aa5e-32c11410ddcc,2992.5,2993,96000000,512000000,
2025-12-06 11:31:56.988,5c6ecac2-c3f2-4c8b-b4a4-661bf6fe5ba5,3069.96,3070,96000000,512000000,
2025-12-06 11:31:56.988,d34765dc-5b32-48fe-bb14-63e664e91d09,3071.14,3072,97000000,512000000,
2025-12-06 11:31:56.987,79b1c988-2a5c-4cb8-bde8-132939f08ca7,2961.95,2962,96000000,512000000,
2025-12-06 11:31:56.986,6a299e02-ad99-4092-a196-55b212ed50ef,3079.1,3080,96000000,512000000,
2025-12-06 11:31:56.985,eaea8dfa-bade-4142-9abd-2fe406eb46cc,3073.25,3074,97000000,512000000,
2025-12-06 11:31:56.983,446390e8-dc52-48a5-aa1c-70bec0d01cec,2954.36,2955,97000000,512000000,
2025-12-06 11:31:56.981,6599b112-0cbf-416c-969a-8b5260b5ac9e,3067.44,3068,96000000,512000000,
2025-12-06 11:31:56.976,c8f2167f-aba0-4362-98e2-aeb91fc94253,2975,2975,96000000,512000000,
2025-12-06 11:31:56.976,b4ce1ec6-bf88-405c-b34f-8923857da073,3017.25,3018,96000000,512000000,
2025-12-06 11:31:56.975,48cd352a-b9f6-44f2-ba94-ef1188e2c2b2,3054.21,3055,97000000,512000000,
2025-12-06 11:31:56.970,9683385a-da7d-4f97-853e-bfc23b267de9,3053.33,3054,97000000,512000000,
2025-12-06 11:31:56.968,f87e7821-dcbe-4cba-8c04-54f1993a7713,3049.75,3050,96000000,512000000,
2025-12-06 11:31:56.968,0216e980-c8d4-43bb-8dfb-6176d2f1fd60,3021.38,3022,96000000,512000000,
2025-12-06 11:31:56.964,873abb82-1cf9-408f-93a5-181c45f87f7e,3095.47,3096,96000000,512000000,
2025-12-06 11:31:56.964,3a43205b-4e8a-42ed-864e-4cccba28d326,3033.39,3034,96000000,512000000,
2025-12-06 11:31:56.959,f9cdbde8-135c-4472-a495-5edcd29178a1,3044.42,3045,96000000,512000000,
2025-12-06 11:31:56.956,a4ed5000-54b4-44f3-be52-26b9ef35c689,3046.68,3047,96000000,512000000,
2025-12-06 11:31:56.956,c7698cc6-4658-411b-8fa4-3262f6c00601,2897.83,2898,96000000,512000000,
2025-12-06 11:31:56.951,fd02d48e-bcab-45b6-8601-1e0518808b40,3035.14,3036,96000000,512000000,
2025-12-06 11:31:56.950,b745de41-59d0-417a-ad45-b6eb0766cd53,2955.94,2956,97000000,512000000,
2025-12-06 11:31:56.949,8482c5a3-92c0-48c4-ac8b-d980ad2d638d,2956.83,2957,96000000,512000000,
2025-12-06 11:31:56.947,3a56cd44-a09d-4297-8454-7d70d843db5a,3031.36,3032,96000000,512000000,
2025-12-06 11:31:56.944,6f0fdcc5-477e-4dbe-b00e-605abccb08e4,2954.71,2955,97000000,512000000,
2025-12-06 11:31:56.940,f1f40e77-41f7-43f3-bf5d-b42bcfe228f5,3016.15,3017,96000000,512000000,
2025-12-06 11:31:56.938,92df7747-76b4-4d64-9c71-f632be6065a5,3012.79,3013,96000000,512000000,
2025-12-06 11:31:56.936,d2b4c62a-cbd6-4590-8ef9-81a0910ba737,3035.85,3036,97000000,512000000,
2025-12-06 11:31:56.935,6c5c2408-99ef-4479-9972-43f47fbcc62b,3028.91,3029,96000000,512000000,
2025-12-06 11:31:56.934,a1e57283-b03d-484e-951a-48ce13304221,3049.51,3050,97000000,512000000,
2025-12-06 11:31:56.931,83015b93-d114-4b04-9487-37620cad59ab,3014.95,3015,96000000,512000000,
2025-12-06 11:31:56.927,23b1f20b-d364-4d33-85e8-01d9c25d5312,2932.43,2933,96000000,512000000,
2025-12-06 11:31:56.922,8686a7ff-b8fb-41e7-8934-cc27876a6336,3012.92,3013,97000000,512000000,
2025-12-06 11:31:56.910,de955fa7-be75-423b-9b59-e4e613522759,3001.82,3002,96000000,512000000,
2025-12-06 11:31:56.910,9e0f326a-f138-4232-8807-8732485032f8,3006.67,3007,96000000,512000000,
2025-12-06 11:31:56.905,4e25cfc0-3158-45b1-b616-35f45d5c0718,2994.2,2995,97000000,512000000,
2025-12-06 11:31:56.902,c1a84cdd-733d-4a9b-bbac-627577b1ce01,2470.48,2471,97000000,512000000,
2025-12-06 11:31:56.900,aa0a4af8-d0c6-49dd-b060-e78d1846c54b,2928.81,2929,97000000,512000000,
2025-12-06 11:31:56.895,268f7dbd-1e10-4596-8292-1776581e4633,3142.68,3143,96000000,512000000,
2025-12-06 11:31:56.893,ce61f2aa-9cd8-40a5-a2a3-94fefcc77983,2989.75,2990,97000000,512000000,
2025-12-06 11:31:56.891,332534d0-cd09-44e2-a455-1438bb11c9d0,2974.51,2975,97000000,512000000,
2025-12-06 11:31:56.888,0266bd76-9d41-415a-b072-0f4c22de9b6b,2892.26,2893,97000000,512000000,
2025-12-06 11:31:56.886,0c251497-0b0f-4996-a70f-643169ba2104,2850.45,2851,96000000,512000000,
2025-12-06 11:31:56.884,e193188c-968b-4879-8389-dcabfe02ba10,3156.71,3157,97000000,512000000,
2025-12-06 11:31:56.883,46736a73-675d-4b9a-b88b-927cff79b207,2936.55,2937,97000000,512000000,
2025-12-06 11:31:56.878,d652e8fe-bab5-46ab-aa9d-1cb3462c3626,3017.92,3018,97000000,512000000,
2025-12-06 11:31:56.875,54679ffa-e014-47ab-be90-e08360f7fdb5,3144.74,3145,97000000,512000000,
2025-12-06 11:31:56.870,ce6e562a-3383-49e3-ae00-83bdf60f4b40,3042.14,3043,97000000,512000000,
2025-12-06 11:31:56.870,9bc25484-36db-43bd-93e7-4851e881420e,2873.85,2874,96000000,512000000,
2025-12-06 11:31:56.869,836337a3-b6f8-46cb-a2fa-7003cfc90662,2924.96,2925,96000000,512000000,
2025-12-06 11:31:56.869,cbb45943-5581-4139-8972-d6ef14b3e42b,2960.17,2961,96000000,512000000,
2025-12-06 11:31:56.868,d8b66828-01b6-4c3d-a625-2e260836ed2c,2961.49,2962,96000000,512000000,
2025-12-06 11:31:56.865,2156b172-d79d-47fa-903b-00a9186eedcc,2961.41,2962,96000000,512000000,
2025-12-06 11:31:56.861,bc47103b-46f9-4bba-82b5-c9880c1cde7e,2942.13,2943,96000000,512000000,
2025-12-06 11:31:56.848,e255452c-5493-44b8-9484-9dfc4187d291,2936.99,2937,97000000,512000000,
2025-12-06 11:31:56.837,609a43f5-74a0-4439-a245-c6f0c994c40a,3103.54,3104,97000000,512000000,
2025-12-06 11:31:56.812,a614cdf3-53e2-4ba9-8bb1-e9a96eaec362,2897.94,2898,97000000,512000000,
2025-12-06 11:31:56.800,ae60268a-4a15-42ed-a651-1f38d8ffd0b3,2855.08,2856,97000000,512000000,
2025-12-06 11:31:56.798,3cbd89ea-1c19-4e86-afd0-571b010f6b0a,3072.82,3073,97000000,512000000,
2025-12-06 11:31:56.790,15eb4762-f490-49bd-83c0-237f4c37e81f,2883.83,2884,96000000,512000000,
2025-12-06 11:31:56.781,542a0c53-c1b4-4daf-99b1-2f7a239b757a,3048.4,3049,96000000,512000000,
2025-12-06 11:31:56.779,56593616-cd50-4e1a-b321-8e843b3fe51b,2851.01,2852,97000000,512000000,
2025-12-06 11:31:56.770,f281b09d-9b6f-4e6a-9ab5-cb28d0c7fe38,3039.25,3040,97000000,512000000,
2025-12-06 11:31:56.757,54d1456c-04f6-4148-8bf5-6a5b9aaf24ba,3030.89,3031,97000000,512000000,
2025-12-06 11:31:56.749,77d51630-c977-4d19-ba47-88adf6134acb,3019.11,3020,97000000,512000000,
2025-12-06 11:31:56.747,cbf34f80-6e7f-48ea-89c6-5e92f185fc7a,3076.59,3077,97000000,512000000,
2025-12-06 11:31:56.738,73db396a-3494-436d-bc80-188a0b144565,3012.74,3013,96000000,512000000,
2025-12-06 11:31:56.729,75d579e5-eb82-4b6b-8e5c-f4a69172b077,2784.81,2785,96000000,512000000,
2025-12-06 11:31:56.721,a58a1dce-99b6-4f13-b5db-886402d038a2,2792.27,2793,96000000,512000000,
2025-12-06 11:31:56.705,d0a66171-2853-4ae8-832c-106f3fec2f81,2799.3,2800,96000000,512000000,
2025-12-06 11:31:56.698,bdfe183b-1c05-4f38-9a8e-e7932bfe7a28,2977.46,2978,96000000,512000000,
2025-12-06 11:31:56.690,a395636b-be28-4585-a104-8e5424ec11c3,2956.06,2957,96000000,512000000,
2025-12-06 11:31:56.686,70d23b72-4fe3-467b-ba4f-fe89197df545,2773.44,2774,97000000,512000000,
2025-12-06 11:31:56.681,e97a892f-46df-4d6b-b797-ec841ebfba70,2936.48,2937,97000000,512000000,
2025-12-06 11:31:56.670,13e531a1-116a-49ee-962e-8ab41f770469,2922.7,2923,97000000,512000000,
2025-12-06 11:31:56.656,fdf24ae7-298e-4ad2-8db4-077aad1654df,2921.71,2922,97000000,512000000,
2025-12-06 11:31:56.650,e5cfa707-6874-450c-9a6a-7038d49532c3,2918.21,2919,96000000,512000000,
2025-12-06 11:31:56.571,b1cbefc1-2c3c-4bb7-a948-be9bfe608a98,2910.66,2911,96000000,512000000,
2025-12-06 11:31:56.568,141590e8-e2af-45a7-b6bd-3738bfcd695c,2901.66,2902,97000000,512000000,
2025-12-06 11:31:56.560,55e20c35-060a-4111-b466-83f2722ab00b,2616.24,2617,97000000,512000000,
2025-12-06 11:31:56.556,bb1c022b-26c6-4565-b8ba-b9c306d57130,2641.27,2642,97000000,512000000,
2025-12-06 11:31:56.550,f8c556cf-0da0-44f5-826c-308ff1237e90,2623.82,2624,97000000,512000000,
2025-12-06 11:31:56.548,5316ecbb-e941-418a-a829-fa48a90569ae,2619.78,2620,96000000,512000000,
2025-12-06 11:31:56.517,fcbcd4d7-b14f-42ab-8230-758dea506bf7,2609.91,2610,96000000,512000000,
2025-12-06 11:31:56.514,08cb7b84-2d67-4077-b2b3-5ea1b0fbdd7d,2776.97,2777,97000000,512000000,
2025-12-06 11:31:56.499,0c6ab98e-afb9-454c-96b9-cfa234ab2b57,2535.38,2536,97000000,512000000,
2025-12-06 11:31:56.484,fe4b138a-524c-4e83-b1fc-3e59609e77c3,2556.16,2557,96000000,512000000,
2025-12-06 11:31:56.483,7f23c405-ed30-4bdd-be78-fd67dbdde3b5,2554,2555,96000000,512000000,
2025-12-06 11:31:56.480,88b0b91d-c15e-4090-89b3-c322ab9d7f6d,2550.76,2551,96000000,512000000,
2025-12-06 11:31:56.463,95d52082-3192-4370-a093-c003c7e20f03,2550.51,2551,96000000,512000000,
2025-12-06 11:31:56.447,f27ef89e-c574-4cee-a89f-f45ebdadeecd,2519.94,2520,97000000,512000000,
2025-12-06 11:31:56.442,1f1f515c-65a7-4748-b884-b7d17b2700b4,2493.89,2494,96000000,512000000,
2025-12-06 11:31:56.441,830fb3f5-7347-4a58-b663-52fb47921e14,2521.36,2522,96000000,512000000,
2025-12-06 11:31:56.438,d2dd7fe4-9109-4981-8c8e-242f34ce5b8e,2691.97,2692,97000000,512000000,
2025-12-06 11:31:56.430,8603ee36-820d-43cc-b86b-5275bf545806,2680.54,2681,97000000,512000000,
2025-12-06 11:31:56.422,15c1d875-ec87-4639-99dc-478f9fb9c36e,2696.29,2697,97000000,512000000,
2025-12-06 11:31:56.409,a0f0dc59-be65-48bf-885b-527cf2b016b8,2677.87,2678,96000000,512000000,
2025-12-06 11:31:56.408,97ecb807-5d79-4404-9987-52201053cfa2,2478.89,2479,97000000,512000000,
2025-12-06 11:31:56.394,2ef187ee-04c6-4a07-8984-0164d71f2f48,2463.96,2464,97000000,512000000,
2025-12-06 11:31:56.391,2a5fc2fd-63c0-4cb9-a667-82b4a5254743,2643.75,2644,97000000,512000000,
2025-12-06 11:31:56.378,62d7a5d0-1bf8-4ff4-b55c-1261e6510767,2632.45,2633,96000000,512000000,
2025-12-06 11:31:56.366,ed0e38fe-bd11-419d-a6c2-845a0b801690,2436.33,2437,97000000,512000000,
2025-12-06 11:31:56.353,6474c485-ac4c-48af-8711-3c58047bfca2,2408.62,2409,96000000,512000000,
2025-12-06 11:31:56.349,fe8cb18a-7e88-409b-b87f-126ae902a796,2846.45,2847,96000000,512000000,
2025-12-06 11:31:56.344,d39d62fc-11fd-4743-969f-8116f1464c40,2617.16,2618,97000000,512000000,
2025-12-06 11:31:56.331,be7f5d7b-eeae-41b2-855d-f0f5a8c08eb8,2603.69,2604,97000000,512000000,
2025-12-06 11:31:56.331,e96e602e-efe9-4511-8dc1-21848323fcd0,2596.96,2597,97000000,512000000,
2025-12-06 11:31:56.324,8d6994bc-bb35-4674-a219-fab8c1934489,2590.9,2591,96000000,512000000,
2025-12-06 11:31:56.307,b6b26620-4bb1-4a8f-8fe6-415aea1edf11,2559.34,2560,97000000,512000000,
2025-12-06 11:31:56.296,464c3b0c-0d90-478d-9654-76b4fe96950f,2567.08,2568,96000000,512000000,
2025-12-06 11:31:56.290,a0c47ef1-3228-4b53-9a99-5c745995bee1,2622.87,2623,96000000,512000000,
2025-12-06 11:31:56.289,556a4bd3-0220-48e6-a8e0-99a321e3c601,2620.96,2621,97000000,512000000,
2025-12-06 11:31:56.287,67c110a2-5be7-4374-8e4f-ab8780122df9,2338.4,2339,96000000,512000000,
2025-12-06 11:31:56.278,54f5272e-dac4-43f0-a6f8-03368769d996,2345.2,2346,96000000,512000000,
2025-12-06 11:31:56.234,865c50cc-8999-43a2-bd26-36a159a874dc,2503.43,2504,96000000,512000000,
2025-12-06 11:31:56.219,75c96699-cb9b-4e37-8061-75f6d348b2fb,2552.59,2553,96000000,512000000,
2025-12-06 11:31:56.213,0198f11e-77a1-4768-ba04-fe46f9fb2560,2545.18,2546,97000000,512000000,
2025-12-06 11:31:56.180,44439ab8-b7c7-40a2-91f8-8c85caa2e0b3,2707.7,2708,96000000,512000000,
2025-12-06 11:31:56.168,283f9569-5464-4ee5-97fb-2b91c5a3bba2,2497.73,2498,96000000,512000000,
2025-12-06 11:31:56.165,4b643b9d-9440-41b2-b778-163b44f986c9,2130.18,2131,97000000,512000000,
2025-12-06 11:31:56.155,eba4d937-c807-49a9-b4c4-177a624ac303,2072.8,2073,96000000,512000000,
2025-12-06 11:31:56.151,fdb02690-23b9-4e9d-b552-dca94a0aa6d5,2186.63,2187,97000000,512000000,
2025-12-06 11:31:56.133,9c93f2d7-c482-4d6f-9070-96b9418da021,2172.37,2173,97000000,512000000,
2025-12-06 11:31:56.130,277cc280-c1ab-4bc7-a19e-a28f565e85aa,2662.55,2663,97000000,512000000,
2025-12-06 11:31:56.126,77b79467-20c6-418b-937d-495fcea6e260,2173.85,2174,97000000,512000000,
2025-12-06 11:31:56.112,53c47663-7d12-48ac-bbe2-7abb320946bb,2154.46,2155,96000000,512000000,
2025-12-06 11:31:56.101,98ed4599-3487-4930-befe-849f304cb177,2636.82,2637,97000000,512000000,
2025-12-06 11:31:56.092,2a2b46e3-1665-43fd-a82e-b45a3c7356b7,2133.99,2134,97000000,512000000,
2025-12-06 11:31:56.087,30a4d3db-7642-44f6-9424-9353b421704f,2615.95,2616,96000000,512000000,
2025-12-06 11:31:56.073,d6a2a8ea-4260-4b40-be57-9f535a593910,2115.73,2116,97000000,512000000,
2025-12-06 11:31:56.065,a5b9c106-d982-4c00-8f4a-c57dcab75b74,2599.32,2600,97000000,512000000,
2025-12-06 11:31:56.055,a8809a32-9272-4fe4-a9d9-bdf71170ebe9,2093.02,2094,97000000,512000000,
2025-12-06 11:31:56.050,1e90c1dc-5fb8-4420-9024-ca3e243dc3a3,2594.41,2595,97000000,512000000,
2025-12-06 11:31:56.048,1f86ef3e-7fd2-4ffe-833a-c62b2c861be3,2086,2087,96000000,512000000,
2025-12-06 11:31:56.045,16173250-47b7-4063-a9cc-ae21ea51fbfb,2090.62,2091,96000000,512000000,
2025-12-06 11:31:56.041,f86bf477-c2f6-4a38-b2f2-3751246f9313,2079.72,2080,97000000,512000000,
2025-12-06 11:31:56.034,740479db-89a3-4fc8-9bee-1367561aded0,2531.8,2532,97000000,512000000,
2025-12-06 11:31:56.022,4612ad8e-0811-4a3f-a011-64c6e32bf3de,2074.14,2075,97000000,512000000,
2025-12-06 11:31:56.021,4e1278d2-f231-4821-b4f1-cd6e435064c9,2073.77,2074,97000000,512000000,
2025-12-06 11:31:56.020,c84b852b-06fe-433c-9863-19cd8c8f80ab,2069.76,2070,97000000,512000000,
2025-12-06 11:31:56.020,59296b36-92c5-4418-b66c-a7fe00344c2d,2059.51,2060,97000000,512000000,
2025-12-06 11:31:56.018,04abec4d-1170-4a36-9edc-48d3b520c647,2552.42,2553,97000000,512000000,
2025-12-06 11:31:56.012,8856ca6c-1b7d-419a-b785-8ab3da292557,2060.82,2061,96000000,512000000,
2025-12-06 11:31:56.012,d386aa42-4bc4-4b94-8340-fb1136d9bbd7,2062.57,2063,97000000,512000000,
2025-12-06 11:31:56.008,f625f55f-80d6-4db1-9c39-c675fd5dbf65,2500.57,2501,97000000,512000000,
2025-12-06 11:31:56.007,23ba543d-6e15-421f-b139-1fcf8d23ea6c,2541.67,2542,97000000,512000000,
2025-12-06 11:31:56.004,dacce5f8-ae55-422e-8fb9-95504edd6da8,2059.08,2060,98000000,512000000,
2025-12-06 11:31:56.003,9c34a023-4d8b-47ef-b4ad-efe6fd98156c,2532.05,2533,96000000,512000000,
2025-12-06 11:31:56.003,64eb50ca-d4ee-414b-be07-b0a6b6aa2a74,2103.44,2104,97000000,512000000,
2025-12-06 11:31:56.002,a2fe9362-29b2-4548-be95-8b589f905158,2543.14,2544,96000000,512000000,
2025-12-06 11:31:56.000,c53a1cb5-84d4-4293-b820-9a585b425622,2036.48,2037,96000000,512000000,
2025-12-06 11:31:55.992,94d677d3-520d-4019-86fe-dc1ad53e3d63,2525.35,2526,97000000,512000000,
2025-12-06 11:31:55.987,bcb47ae8-9f06-49cd-be14-7ddff7bbbafa,2518.53,2519,96000000,512000000,
2025-12-06 11:31:55.986,f1013896-cbdb-4195-9e17-ac83da7c1d66,2516.64,2517,97000000,512000000,
2025-12-06 11:31:55.986,f54b7d4b-bb68-4456-a69a-a07a911b9e04,2033.84,2034,97000000,512000000,
2025-12-06 11:31:55.982,f7840627-d138-441a-a203-39dfaa5d640e,2013.12,2014,96000000,512000000,
2025-12-06 11:31:55.975,65d08be3-c8b3-4826-999a-88e2546b3d2f,2505.41,2506,97000000,512000000,
2025-12-06 11:31:55.974,d619afce-0b07-4762-a88e-056b2b4f10b2,2500.74,2501,96000000,512000000,
2025-12-06 11:31:55.967,5e092394-ae84-484c-b813-87e462a6e314,2018.39,2019,97000000,512000000,
2025-12-06 11:31:55.966,2ac41a08-d1c4-410d-8357-b60f6b9e7fc3,1995,1995,97000000,512000000,
2025-12-06 11:31:55.965,cb527fea-3a93-43d0-a0d4-fdeb00f77384,2060.23,2061,96000000,512000000,
2025-12-06 11:31:55.962,d5b68258-9c73-4a93-a25a-38eff1a014bb,2493.04,2494,97000000,512000000,
2025-12-06 11:31:55.958,daa34ef1-dd07-4363-9fb1-0c3f6f8b959f,1997.51,1998,97000000,512000000,
2025-12-06 11:31:55.958,baf4eec2-a4d5-4df9-9aed-3f07930088a0,2007.21,2008,97000000,512000000,
2025-12-06 11:31:55.954,ee9a1f71-88b2-4bbf-83c3-8ec1b8814af6,2007.63,2008,97000000,512000000,
2025-12-06 11:31:55.952,be8b352d-d2ef-4eae-a7f3-7e2cc9c2e890,1999.64,2000,96000000,512000000,
2025-12-06 11:31:55.950,73b56620-f7c7-4c69-b7a1-246874b05198,1999.09,2000,97000000,512000000,
2025-12-06 11:31:55.942,7e93d19f-fb94-4818-8c9f-8e1aa7e88730,1978.33,1979,96000000,512000000,
2025-12-06 11:31:55.933,a81c6d54-0737-4db5-9bf1-c2e2175e6697,1970.32,1971,97000000,512000000,
2025-12-06 11:31:55.923,1f3d8fb2-bea5-46a7-afc7-a775fcc357f4,1957.1,1958,97000000,512000000,
2025-12-06 11:31:55.918,59e37632-9df1-4b83-8c7f-097a6e882c0e,2442.01,2443,97000000,512000000,
2025-12-06 11:31:55.918,fe22c7a1-d269-4060-9069-162774217488,2014.51,2015,97000000,512000000,
2025-12-06 11:31:55.900,03253187-2bd5-4f9e-b1df-24964f6fce99,1949.95,1950,97000000,512000000,
2025-12-06 11:31:55.885,952adeeb-83b0-4f05-9827-bf875df62fd3,1926.76,1927,97000000,512000000,
2025-12-06 11:31:55.882,dee21f85-e217-49d6-b8e0-4c9b8bd8d36a,1933.38,1934,96000000,512000000,
2025-12-06 11:31:55.871,6d05810b-e8c2-48b0-aa2a-7eeb6aacface,1921.38,1922,97000000,512000000,
2025-12-06 11:31:55.868,f0e520fc-c728-4054-bae1-c9c2390a416f,2597.14,2598,96000000,512000000,
2025-12-06 11:31:55.866,b834a7a8-4316-4574-9ecb-b7a7c8450cf6,1965.73,1966,96000000,512000000,
2025-12-06 11:31:55.858,a543aaa5-7d5a-42b4-8a4f-b564a6c11d7f,2353.71,2354,96000000,512000000,
2025-12-06 11:31:55.839,3f0a198b-3244-4f1b-856d-37d57497cc5e,1886.52,1887,97000000,512000000,
2025-12-06 11:31:55.834,b4fd6aa9-04b1-4c29-9461-f372518d4938,1933.83,1934,97000000,512000000,
2025-12-06 11:31:55.818,94eedd35-2ee3-4e6f-ae29-42394d0443e1,2513.8,2514,97000000,512000000,
2025-12-06 11:31:55.770,90a047a3-7ed3-418b-99c2-1fc7a4e76452,2264.05,2265,97000000,512000000,
2025-12-06 11:31:55.762,b404d240-a18f-4675-8e49-5742cb670531,2495.62,2496,97000000,512000000,
2025-12-06 11:31:55.760,79a52781-177a-4cc8-a010-79b1001b9a5c,2492.71,2493,96000000,512000000,
2025-12-06 11:31:55.722,9dbf726c-83e8-4ba2-be3a-3e07221aa66d,2463.52,2464,96000000,512000000,
2025-12-06 11:31:55.716,087f2306-37f5-465e-b9ef-e54ceaded01e,2456.2,2457,97000000,512000000,
2025-12-06 11:31:55.697,1ff13d9a-6581-43cd-9dc4-7a7e4c997b96,2435.01,2436,97000000,512000000,
2025-12-06 11:31:55.685,69cc8761-8fd7-460e-a4da-7ef7d7c7dfab,2413.7,2414,96000000,512000000,
2025-12-06 11:31:55.668,b1a94c27-1145-47ff-9490-083b7381f0c6,2200.64,2201,96000000,512000000,
2025-12-06 11:31:55.654,6a03d785-1606-4647-8dda-5085fef0b695,2383.62,2384,96000000,512000000,
2025-12-06 11:31:55.611,8c045c4e-fc2f-4152-82ae-2ebd08c840b8,2107.53,2108,96000000,512000000,
2025-12-06 11:31:55.569,fa9bb0f3-e048-4336-8ea6-37505e17026e,2096.29,2097,96000000,512000000,
2025-12-06 11:31:55.548,59555554-b92a-4e2f-902f-25fc9be9b21d,2075.5,2076,96000000,512000000,
2025-12-06 11:31:55.545,30f6b135-242e-433b-be96-b60cf3773631,2038.47,2039,97000000,512000000,
2025-12-06 11:31:55.528,0537c794-d269-4e97-8d3e-83031e079af6,2024.06,2025,97000000,512000000,
2025-12-06 11:31:55.518,2458cb25-ebc0-4f63-8154-63a63be2f377,2048.47,2049,97000000,512000000,
2025-12-06 11:31:55.516,a0595191-994e-40f5-98b7-3ce98ef717d5,2234.16,2235,97000000,512000000,
2025-12-06 11:31:55.514,4a60420d-ba58-42c0-a6ee-13d692079e4b,2244.98,2245,97000000,512000000,
2025-12-06 11:31:55.485,123a8a1d-eeca-498a-9377-2fa262bbdb05,1978.85,1979,97000000,512000000,
2025-12-06 11:31:55.464,463bd1b4-8d58-4ac5-943c-6d1e99831607,2193.41,2194,96000000,512000000,
2025-12-06 11:31:55.460,3edd92fd-015c-420c-91aa-2055759bc96a,1957.45,1958,97000000,512000000,
2025-12-06 11:31:55.436,bbb5b575-ec98-4b82-9681-d4788f26176e,1961.3,1962,97000000,512000000,
2025-12-06 11:31:55.432,7ae77e17-7957-4965-a12f-b5d685add459,1929.89,1930,97000000,512000000,
2025-12-06 11:31:55.432,3a92ca17-b7d7-4cf9-8e53-b4ebb90b195e,1927.59,1928,97000000,512000000,
2025-12-06 11:31:55.409,54471b88-d122-40f0-bc8b-49040fb32e3a,2134.43,2135,97000000,512000000,
2025-12-06 11:31:55.404,6c75cec8-93ac-471f-a23c-dcaa2dabc28e,2133.67,2134,96000000,512000000,
2025-12-06 11:31:55.382,71122ee5-c09f-4361-9c90-2ed010a871cd,2122.88,2123,96000000,512000000,
2025-12-06 11:31:55.380,e1eb6c78-457a-4d05-a169-ac6acc445b0e,2120.9,2121,97000000,512000000,
2025-12-06 11:31:55.359,13a02ebe-368d-4bcc-8f94-ca5dd4c78977,2090.26,2091,97000000,512000000,
2025-12-06 11:31:55.350,fbd3a398-b43b-4328-bebb-e79baceb42ac,2078.62,2079,97000000,512000000,
2025-12-06 11:31:55.347,782024ff-691d-49a5-9cfb-f801db8dcd4f,2094.66,2095,97000000,512000000,
2025-12-06 11:31:55.344,40fada69-187b-443b-aec1-003a9a86abd3,2088.09,2089,97000000,512000000,
2025-12-06 11:31:55.337,44092d75-68a3-4f9b-9043-c535ccf13dc0,2068.94,2069,96000000,512000000,
2025-12-06 11:31:55.332,cc26eab4-43fa-4bd5-b08c-48ad29527277,2083.43,2084,97000000,512000000,
2025-12-06 11:31:55.329,df88666f-b0cd-4dbd-86f6-d1dd58ee8505,2056.98,2057,96000000,512000000,
2025-12-06 11:31:55.323,f0e455fe-5a0c-4af1-8191-530440916b9c,2071.41,2072,97000000,512000000,
2025-12-06 11:31:55.323,570b1d6e-fd71-4bde-9db1-75bed6bb43bb,2068.03,2069,96000000,512000000,
2025-12-06 11:31:55.322,00fc9033-0816-422e-9031-85267c44066e,2052.28,2053,97000000,512000000,
2025-12-06 11:31:55.322,e51b387d-b39a-4afd-8e2d-80baa8ee92a3,2053.27,2054,97000000,512000000,
2025-12-06 11:31:55.310,10be02ab-9130-4821-914a-c1d5bc8e02a9,2055.99,2056,97000000,512000000,
2025-12-06 11:31:55.310,6b8bca1d-6094-48a0-bbf4-fa77dda3a23f,2038.5,2039,97000000,512000000,
2025-12-06 11:31:55.305,401c7d29-75c2-49b9-85ca-4e07a4f03a0e,2036.9,2037,97000000,512000000,
2025-12-06 11:31:55.304,9ebc167d-e745-4fef-a0fb-9e34651d6e11,2035.58,2036,98000000,512000000,
2025-12-06 11:31:55.303,12305518-e754-4a27-ba31-d8dc05390eb6,2032.1,2033,97000000,512000000,
2025-12-06 11:31:55.302,033c105f-4fde-4d56-9800-73aca2b9b645,2032.02,2033,96000000,512000000,
2025-12-06 11:31:55.295,cda416a9-2d5a-436e-8822-849e2284aa8d,2026.29,2027,97000000,512000000,
2025-12-06 11:31:55.294,ff6133fa-b140-4bdc-b54d-9568ca69aba4,2021.22,2022,96000000,512000000,
2025-12-06 11:31:55.285,9ee4087c-3360-4f68-a8e3-66a5e8591cd2,2017.05,2018,96000000,512000000,
2025-12-06 11:31:55.282,15d152be-0bb0-44ad-86cf-ff21f7f50049,2011,2011,97000000,512000000,
2025-12-06 11:31:55.271,cf31a22e-02a6-4e4b-8a6c-f135e3420fef,1999.13,2000,96000000,512000000,
2025-12-06 11:31:55.259,e39daa0c-8211-465d-80c9-098b62313c92,1988.25,1989,97000000,512000000,
2025-12-06 11:31:55.257,774016c7-cb63-4f57-902c-29390d4aaaae,1985.35,1986,97000000,512000000,
2025-12-06 11:31:55.250,3c01310c-aa89-4490-b3cb-848ec662a2a0,1978.64,1979,96000000,512000000,
2025-12-06 11:31:55.245,bc58f216-061f-4db7-9ccc-8709b74e9342,1973.54,1974,97000000,512000000,
2025-12-06 11:31:55.240,cb89bc3d-023f-4002-957d-c33dc597fdcd,1981.67,1982,96000000,512000000,
2025-12-06 11:31:55.236,bf195b4c-984d-4276-a1aa-4e5958e066f3,1982.06,1983,97000000,512000000,
2025-12-06 11:31:55.235,7e697608-e459-4056-bb8e-386548054972,1967.96,1968,97000000,512000000,
2025-12-06 11:31:55.219,720bddf5-5a07-478d-805e-0234fb490f92,1949.14,1950,96000000,512000000,
2025-12-06 11:31:55.212,0889cab3-9fad-405e-b703-a923cc3db857,3447.22,3632,89000000,512000000,184.74
2025-12-06 11:31:55.062,7fdb85aa-6ef1-49f2-ac16-43bd4aea95b4,3301.36,3473,89000000,512000000,170.68
2025-12-06 11:31:55.005,885cfabd-8361-4be2-aef6-ecbdce07c76a,3252.62,3424,89000000,512000000,170.47
2025-12-06 11:31:54.993,99f0ae0f-31bc-413f-a7b9-e4ac0d02e588,3134.95,3310,89000000,512000000,174.43
2025-12-06 11:31:54.920,91da9769-81ed-4ae7-8e43-99beddbcf632,3142.07,3327,89000000,512000000,184.2
2025-12-06 11:31:54.896,ff228d48-3358-4eb5-8246-13d146598aed,3123.84,3299,89000000,512000000,174.58
2025-12-06 11:31:54.892,dcad98d2-7221-4789-ba9d-08935c49f38c,3122.15,3293,93000000,512000000,170.04
2025-12-06 11:31:54.871,7a882463-5014-4ba1-bc6a-fb8312bba63e,3115.73,3286,90000000,512000000,170.03
2025-12-06 11:31:54.854,507a26e3-ac63-491b-85b2-3c5d4bd35ca0,3107.75,3274,90000000,512000000,165.77
2025-12-06 11:31:54.815,5b85d043-647c-4f2c-b6df-92f986481603,3053.84,3220,89000000,512000000,165.49
2025-12-06 11:31:54.808,0ef68efb-ae09-43b5-a63c-1270cad2810b,3051.15,3225,89000000,512000000,173.22
2025-12-06 11:31:54.805,1690c68a-0fe5-4045-aba6-54db2a77e920,3040.77,3206,89000000,512000000,164.43
2025-12-06 11:31:54.701,5744ba98-6d74-491c-a367-3ffe1de75ba6,2944.41,3112,90000000,512000000,166.75
2025-12-06 11:31:54.593,3c0ef16a-4329-4336-b855-7207063aff60,2844.39,3010,89000000,512000000,164.74
2025-12-06 11:31:54.468,93c660bd-3ee4-46a2-937f-be841db721cb,3442.88,3611,89000000,512000000,167.21
2025-12-06 11:31:54.420,4d8e40eb-ff64-4844-a7f9-0d22001fc863,2686.96,2832,91000000,512000000,144.5
2025-12-06 11:31:54.410,cd707009-753c-4f64-b088-019cacdd9bd3,3309.01,3492,89000000,512000000,182.04
2025-12-06 11:31:54.357,3444591b-eb1e-4d08-bbda-5d6353c3b2c8,3325.07,3495,90000000,512000000,169.26
2025-12-06 11:31:54.340,5a795a41-3fd2-47d0-bf00-504b7b06be0a,3127.42,3302,89000000,512000000,174.17
2025-12-06 11:31:54.337,22ac0922-5449-481b-8f48-a8bde2c539f0,3362.51,3533,89000000,512000000,169.63
2025-12-06 11:31:54.321,d64ad1c7-f8bf-417b-b3b3-f147120b87bd,3302.32,3466,90000000,512000000,163.57
2025-12-06 11:31:54.316,89f0fb23-3308-46e0-9b48-240cd4b7421b,3490.95,3661,89000000,512000000,169.14
2025-12-06 11:31:54.307,38020360-4c94-4b61-8be8-e3ba60c81153,3302.83,3474,89000000,512000000,170.55
2025-12-06 11:31:54.290,59dbbf42-0d99-4101-9b30-6fa08e8a2295,3200.49,3386,89000000,512000000,184.82
2025-12-06 11:31:54.288,156a9c33-0ab2-4a93-b693-9fa498a1d4c7,3234.01,3421,89000000,512000000,186.97
2025-12-06 11:31:54.285,d398dfff-a9df-48db-83b0-24dbcd7bcb0f,3262.13,3432,89000000,512000000,169.63
2025-12-06 11:31:54.285,fa708e81-cdce-4196-b92e-305efc27d486,3263.17,3434,89000000,512000000,170.21
2025-12-06 11:31:54.285,70e5e52b-b10e-4d18-980d-288a63c40eb0,3290.1,3458,89000000,512000000,167.9
2025-12-06 11:31:54.282,b61af1e1-79b3-4920-b3ea-dec0b0e1442e,3270.14,3438,89000000,512000000,167.2
2025-12-06 11:31:54.279,27967ed5-567c-4a99-b006-c5b4ae25cca4,3240.51,3421,91000000,512000000,179.5
2025-12-06 11:31:54.276,b2186889-02b0-4933-bcb7-06f83fe5a6cb,3209.99,3413,89000000,512000000,202.13
2025-12-06 11:31:54.265,4c8f0da1-b339-4a62-bd0c-ee51e3981c2a,3239.59,3414,90000000,512000000,173.96
2025-12-06 11:31:54.260,803ed36b-3e08-4a49-9a79-b046119aadc4,3270.1,3441,90000000,512000000,170.3
2025-12-06 11:31:54.260,0aee309b-9e70-4a74-a75a-3e6b524e92d8,3190.96,3376,89000000,512000000,184.58
2025-12-06 11:31:54.253,8147e8cd-a0b8-4605-afb8-6aae9bee66c2,3239.36,3414,89000000,512000000,174.41
2025-12-06 11:31:54.252,4a080e2b-149b-44ce-9420-89b4ae0c9055,3152.97,3333,89000000,512000000,179.44
2025-12-06 11:31:54.243,6bc3cc52-1e77-404b-ac1d-76834e82c1db,3169.2,3384,89000000,512000000,214.55
2025-12-06 11:31:54.236,85ed4ae7-19e4-411d-8478-4eebb6028712,3271.33,3437,89000000,512000000,165.13
2025-12-06 11:31:54.232,af628dee-da9f-4e0b-a6fd-273f7dead49e,3200.32,3385,89000000,512000000,184.63
2025-12-06 11:31:54.230,29bc5338-938e-4109-a594-2ad0fc66669f,3249.9,3424,89000000,512000000,173.22
2025-12-06 11:31:54.226,dadae6b2-4879-4322-8c44-d83dab960fd1,3235.5,3410,90000000,512000000,174.4
2025-12-06 11:31:54.223,088c5b80-3c46-46b9-8f0a-1567b62081c8,3195.18,3364,89000000,512000000,168.03
2025-12-06 11:31:54.219,ac480d16-98bb-4614-8120-fbe6011ffbfd,3126.85,3307,89000000,512000000,179.5
2025-12-06 11:31:54.217,99db0553-4877-4fb4-8cb2-7ea9756963cf,3191.24,3376,89000000,512000000,184.66
2025-12-06 11:31:54.203,90ad7b35-3abf-45ec-8de0-2724570e28c6,3157.23,3338,89000000,512000000,179.85
2025-12-06 11:31:54.199,aa7e73ad-308b-485c-a858-c18a7c0f69b5,3337.46,3539,89000000,512000000,200.77
2025-12-06 11:31:54.190,b8c074b6-29ac-4dc0-9ec2-876bfb17c1f9,3193.18,3370,91000000,512000000,176.3
2025-12-06 11:31:54.190,8a29f244-2d22-45e0-9721-a95a3c14f2cf,3156.05,3335,89000000,512000000,178.49
2025-12-06 11:31:54.185,2f40cff9-94d3-49c1-b7ca-f2b4f8619ba5,3186.79,3360,89000000,512000000,172.97
2025-12-06 11:31:54.184,e668d90a-9f6d-475f-a586-ca04ad442ec6,3202.57,3373,92000000,512000000,170.3
2025-12-06 11:31:54.180,806917c6-ed30-4d38-b551-5a7192a5306a,3181.85,3356,90000000,512000000,173.33
2025-12-06 11:31:54.174,859d35a8-e4be-4c95-8f02-613cfb911da8,3171.68,3350,89000000,512000000,177.7
2025-12-06 11:31:54.173,44eab7bc-403e-4f64-8e15-6ef78e6124e1,3175.35,3346,90000000,512000000,170.53
2025-12-06 11:31:54.173,3b4dab72-78a1-4179-ab2e-a4a005bfedde,3144.98,3313,89000000,512000000,167.24
2025-12-06 11:31:54.171,fafe9175-1e1f-4b71-9ffc-3dda8128d8af,3167.44,3355,89000000,512000000,186.72
2025-12-06 11:31:54.170,e77fbe0a-8a26-44c8-aaf4-ea8ad40fe611,3138.16,3321,89000000,512000000,182.49
2025-12-06 11:31:54.169,c1e01c22-0243-4fe3-8396-6261f6e0c77e,3156.29,3328,89000000,512000000,171.1
2025-12-06 11:31:54.165,0f41981a-2d79-46fe-9faf-c20422a5949f,3153.28,3323,89000000,512000000,168.87
2025-12-06 11:31:54.162,56343c8c-a50c-425e-89b3-487f213ac3f8,3189.01,3362,89000000,512000000,172.29
2025-12-06 11:31:54.162,0f93a712-a70b-42e3-90e5-bc00c19db50a,3145.7,3314,89000000,512000000,167.93
2025-12-06 11:31:54.161,1068d670-2b03-4290-9ad3-7c8f2b14291c,3123.12,3298,89000000,512000000,174.75
2025-12-06 11:31:54.161,f7afba49-8ff7-43fb-8386-7386d19006dd,3121.09,3297,89000000,512000000,174.92
2025-12-06 11:31:54.157,c0d1bd6a-a623-4155-866a-6671bfb33721,3169.46,3345,89000000,512000000,174.9
2025-12-06 11:31:54.155,4898d437-9da2-4830-a8f1-66af72a2814f,3151.8,3319,90000000,512000000,167.02
2025-12-06 11:31:54.153,04fc82af-898b-4795-85f0-ae224aa74f3a,3149.96,3319,89000000,512000000,169
2025-12-06 11:31:54.146,2108155f-5d05-40db-8a29-ba6727fc9903,3155.9,3326,89000000,512000000,169.59
2025-12-06 11:31:54.144,d40c0641-2973-40ae-a33a-19d936fdc75f,3105.33,3279,89000000,512000000,172.76
2025-12-06 11:31:54.139,bdc1de83-96ce-4a05-bca5-f4b1ffb7af29,3150.71,3319,89000000,512000000,167.59
2025-12-06 11:31:54.135,b3a21fe5-4013-4f60-bf78-c8c64e9c783b,3134.59,3301,89000000,512000000,166.08
2025-12-06 11:31:54.133,fc6d332d-321c-41ba-a743-286a887254e1,3132.99,3316,90000000,512000000,182.91
2025-12-06 11:31:54.132,99710e87-80f5-4d2c-9036-cc17f72a3464,3144.81,3311,90000000,512000000,165.81
2025-12-06 11:31:54.131,a2a5e31b-f5cf-4bae-aeb3-608a0f4a9685,3062.99,3248,89000000,512000000,184.55
2025-12-06 11:31:54.130,662c60e9-fa10-4d8e-9d7e-4271aa87bc7e,3288.59,3479,89000000,512000000,189.78
2025-12-06 11:31:54.130,2c675db6-59be-4ca1-a426-ba29fb42ccc7,3316.86,3493,90000000,512000000,175.52
2025-12-06 11:31:54.126,61397a8f-1960-458b-80c4-2c211ab1b9fb,3158.95,3327,91000000,512000000,167.06
2025-12-06 11:31:54.123,0530fa06-9e80-4f5d-9c61-7c262068ad3a,3101.1,3279,89000000,512000000,177.37
2025-12-06 11:31:54.122,95cb28b5-f960-44ab-86e1-13ced90db346,3067.37,3238,89000000,512000000,169.89
2025-12-06 11:31:54.120,73b5c2e9-9058-41d9-97bb-7788c106de6b,3145.47,3313,89000000,512000000,167.28
2025-12-06 11:31:54.119,452ff665-d44a-4552-9904-16f11f0132c3,3131.37,3320,89000000,512000000,187.97
2025-12-06 11:31:54.119,852f2965-9038-4861-8df4-ee5e1dbd9942,3110.48,3284,89000000,512000000,173.26
2025-12-06 11:31:54.117,b9e8c184-f494-4f95-8fb4-cc5e4659dbfa,3115.5,3292,89000000,512000000,176.16
2025-12-06 11:31:54.116,4306e38e-3b70-4958-ad97-1cefbd65b02f,3102.13,3270,90000000,512000000,166.94
2025-12-06 11:31:54.114,083bd6aa-7c2e-4da1-be1e-698e5190f41b,3065.75,3234,89000000,512000000,167.35
2025-12-06 11:31:54.113,72c39704-4722-4f4b-8368-cf677881dda6,3088.22,3254,91000000,512000000,165.63
2025-12-06 11:31:54.113,cfd0cc39-213a-4d37-8548-b59a59684fcd,3122.26,3293,92000000,512000000,170.64
2025-12-06 11:31:54.112,e229250a-8e7e-41f2-b9f2-b45a00617515,3088.22,3256,89000000,512000000,166.92
2025-12-06 11:31:54.110,0246e700-517c-44ac-a589-9b73735d5806,3101.16,3266,89000000,512000000,163.86
2025-12-06 11:31:54.108,ad0a1e91-ce24-43bb-a532-33d00209eb29,3120.72,3299,89000000,512000000,178.23
2025-12-06 11:31:54.106,574a2520-a9b6-4662-a814-88d84e2e75e9,3083.17,3256,89000000,512000000,172.5
2025-12-06 11:31:54.100,faf632d2-d9aa-4924-9ce7-032d7490fed9,3077.62,3254,89000000,512000000,175.75
2025-12-06 11:31:54.100,6e2dfd3d-d7d5-49ed-817d-4073eb45b285,3103.5,3276,89000000,512000000,172.13
2025-12-06 11:31:54.098,e0ac3520-b6f8-489f-bf33-db9baf920a2f,3102.4,3264,90000000,512000000,161.53
2025-12-06 11:31:54.096,d069dd01-f461-480a-8871-0cc2a1d41918,3091.4,3267,89000000,512000000,175.52
2025-12-06 11:31:54.093,e1f06c83-05cd-4a27-9d2b-41a27fff9ef2,3065.74,3243,89000000,512000000,176.72
2025-12-06 11:31:54.088,00e8cfab-bdd4-43f1-8cbd-d7983e932bc3,3097.97,3268,89000000,512000000,169.25
2025-12-06 11:31:54.088,3baece28-304b-4fa5-a731-5f13455880f5,3066.74,3245,89000000,512000000,177.85
2025-12-06 11:31:54.084,f16b0329-6215-486c-aa73-4fe8c89bda8a,3062.86,3231,89000000,512000000,167.31
2025-12-06 11:31:54.083,74f037cf-95f1-432f-94cb-b9e837cebec8,3083.07,3249,89000000,512000000,165.31
2025-12-06 11:31:54.077,645a3217-bd4d-43b5-8848-f12060a61adb,3052.07,3224,89000000,512000000,171.92
2025-12-06 11:31:54.077,01fe378f-d176-4ed3-acc7-663b75debc70,3053.8,3222,90000000,512000000,168.04
2025-12-06 11:31:54.076,06ae8b0a-603f-4007-8844-2341f22ab952,3085.06,3263,89000000,512000000,177.89
2025-12-06 11:31:54.074,d806fd5e-2932-474d-96f9-02c2a179b48f,3031.54,3217,89000000,512000000,185.3
2025-12-06 11:31:54.071,7484a197-694c-47c6-9e53-24ad4ddcc22d,3088.26,3258,89000000,512000000,169.11
2025-12-06 11:31:54.068,8da7ce52-5dde-433e-b70b-3667763d0246,3060.78,3224,89000000,512000000,163.08
2025-12-06 11:31:54.064,cf1fc784-ae05-4714-a152-e3133cfd9f30,3067.99,3240,89000000,512000000,171.14
2025-12-06 11:31:54.060,97b7955f-5f78-490a-90cb-df4aeab508f7,3030.75,3204,90000000,512000000,172.38
2025-12-06 11:31:54.056,c47b9d45-a67a-463b-a2dd-e283522e1968,3074.23,3241,89000000,512000000,166.44
2025-12-06 11:31:54.056,d8c8cad8-ed77-4042-a6b8-fe75a1e17d5e,3033.14,3199,90000000,512000000,165.19
2025-12-06 11:31:54.053,3f6bc735-ea99-4876-a1e6-dbf69db45e20,3076.49,3249,89000000,512000000,171.66
2025-12-06 11:31:54.053,965508eb-2782-42b0-808f-dd917fe001df,3036.78,3205,89000000,512000000,167.7
2025-12-06 11:31:54.051,19d67914-0e54-4de5-b95b-c761dd53621a,3029.91,3195,89000000,512000000,164.42
2025-12-06 11:31:54.050,aa025932-d3a3-4829-b335-e93655be4e7d,3251.29,3433,89000000,512000000,181.24
2025-12-06 11:31:54.047,2938bb77-b55c-4c7f-904b-9fcf642fb490,3030.05,3199,89000000,512000000,168.87
2025-12-06 11:31:54.046,3be02bf0-6991-4460-a751-f0c88a53de61,3079.43,3241,89000000,512000000,161.04
2025-12-06 11:31:54.044,64f138fe-7bbf-462e-bb51-5cebbf44ebb6,3241.29,3427,89000000,512000000,185.06
2025-12-06 11:31:54.043,40fe543b-21cc-498f-a2e9-783bb8c4107e,3031.26,3200,89000000,512000000,167.81
2025-12-06 11:31:54.041,081b6248-98a6-4f60-b4d1-6ad24eb68383,3056.5,3229,89000000,512000000,171.6
2025-12-06 11:31:54.041,8a48858a-0ac4-4ada-89f2-23c09c3d757f,3057.85,3227,89000000,512000000,168.86
2025-12-06 11:31:54.040,f19b78d1-62e7-4773-9dbe-53c3a581a8ea,3208.76,3384,89000000,512000000,174.59
2025-12-06 11:31:54.040,5eff01c0-ef0e-4d53-b620-3a30b51456dd,3016.86,3181,89000000,512000000,163.51
2025-12-06 11:31:54.039,3dfce54d-c93a-48bb-87de-a5099d60387d,3058.12,3230,89000000,512000000,170.93
2025-12-06 11:31:54.037,0beefa4e-867e-4ca6-ba65-d2af2dd7851b,3035,3199,89000000,512000000,163.5
2025-12-06 11:31:54.037,fc1ba98e-856e-467e-a38c-49d513413d94,2232.66,2432,91000000,512000000,198.66
2025-12-06 11:31:54.036,c403d88f-576f-4495-ac7a-3c0f86b45648,3062.59,3233,89000000,512000000,169.85
2025-12-06 11:31:54.031,4ee1f41a-58a6-412e-9f7a-a8a77090c48b,3041.66,3205,89000000,512000000,163
2025-12-06 11:31:54.029,37921b26-b7a2-4081-9307-6f343d1d09de,3259.75,3430,89000000,512000000,169.33
2025-12-06 11:31:54.026,8f4e37fc-8d08-47dd-89f1-5519a868846c,3045.75,3208,89000000,512000000,161.35
2025-12-06 11:31:54.024,b3095bba-2318-41f4-8928-a5c6715b07f4,3044.46,3206,89000000,512000000,160.78
2025-12-06 11:31:54.024,2f688773-98de-439d-85f6-e9aaa0fb3afe,2974.47,3140,89000000,512000000,165.34
2025-12-06 11:31:54.023,e43e0072-9ac6-4f4f-ab37-7902ebe66544,3044.51,3216,89000000,512000000,171.39
2025-12-06 11:31:54.023,6aabda06-25d4-4b6f-99f8-46d8dcc14f26,2210.65,2420,89000000,512000000,208.65
2025-12-06 11:31:54.020,2f1b3466-833e-4378-8ffa-14f7b66d59aa,3011.07,3176,89000000,512000000,164.46
2025-12-06 11:31:54.020,87938b5e-1df2-423c-8e0a-d4805fd1c061,3022.26,3193,89000000,512000000,170.19
2025-12-06 11:31:54.014,df2ac5a8-24ff-4d45-bbec-f143d0901661,3234.92,3413,89000000,512000000,177.38
2025-12-06 11:31:54.009,9b8a97ec-3736-4953-bc6d-1ec49b9de609,3014.78,3185,89000000,512000000,169.65
2025-12-06 11:31:54.008,478f0674-4075-4b0b-947d-264ccead2108,2975.89,3152,89000000,512000000,175.2
2025-12-06 11:31:54.007,68e5344b-f8be-4734-8251-46c6f0aea0dd,3199.61,3368,89000000,512000000,168.22
2025-12-06 11:31:54.006,48f30bf1-51d6-4094-8a38-2cd326233756,3205.73,3377,90000000,512000000,170.43
2025-12-06 11:31:54.006,cc7d129d-3245-4d60-8fdc-83019f1f14d7,3050.18,3217,89000000,512000000,166.25
2025-12-06 11:31:54.005,e7b36955-b465-4bab-a70d-73c7b6ea87b4,3014.27,3180,89000000,512000000,165.19
2025-12-06 11:31:53.995,ad2f17fe-9060-4f52-9042-906ce39ab722,2990.95,3160,89000000,512000000,168.67
2025-12-06 11:31:53.992,b31a9775-984c-4100-bbd3-a83d368aebd6,3347.15,3514,90000000,512000000,166.52
2025-12-06 11:31:53.989,aa901f22-8865-461a-a5a3-aa8265d6e812,2984.22,3151,89000000,512000000,166.56
2025-12-06 11:31:53.989,1b1123d3-b2dc-4801-a1eb-f33b96f04cfd,3005.43,3173,90000000,512000000,167.44
2025-12-06 11:31:53.989,f963ae41-a5c5-4352-85de-5748c9213922,2981.34,3146,90000000,512000000,164.33
2025-12-06 11:31:53.987,aa65ade9-cdd9-44c0-804c-a757fb92b6e4,2969.51,3133,90000000,512000000,163.1
2025-12-06 11:31:53.987,d515bb5a-59aa-46fe-a38b-b5f4e6292b2e,2979.57,3141,89000000,512000000,161.11
2025-12-06 11:31:53.987,4e8e5f05-f9e4-41d2-b6c4-b3d9ee06f281,2974.82,3136,89000000,512000000,160.63
2025-12-06 11:31:53.984,ea33ed7d-2418-4562-bf1a-98982466cc92,2971.36,3141,89000000,512000000,169.13
2025-12-06 11:31:53.981,2af00448-0789-4f4a-b68a-a80be31d26e8,3184.48,3359,89000000,512000000,174.03
2025-12-06 11:31:53.979,26ba290d-ab58-4586-841f-3112ea83ef68,3311.86,3495,92000000,512000000,182.21
2025-12-06 11:31:53.977,41f739e2-232d-43c5-a401-a885182fe454,3096.44,3243,89000000,512000000,146.38
2025-12-06 11:31:53.974,aa2ba86d-3ba1-4bbd-9bf0-1a8a54917467,3161.24,3331,89000000,512000000,169.51
2025-12-06 11:31:53.972,8a2cb2f2-d657-4abf-b089-678f7d0e9bb5,3103.21,3278,90000000,512000000,173.97
2025-12-06 11:31:53.972,414f3a2f-b95b-4c13-8a75-28d209fbd748,2954.87,3119,89000000,512000000,163.18
2025-12-06 11:31:53.971,e4da38e3-d473-416b-a3ff-d8ea1d5170e0,2965.14,3134,89000000,512000000,168.55
2025-12-06 11:31:53.970,ce0c7443-4f0d-49af-929f-8a4b4f4a832c,3170.92,3353,91000000,512000000,181.75
2025-12-06 11:31:53.964,6be88af0-1ca2-4ba5-882e-6b6f8f586faa,3310.88,3478,89000000,512000000,166.56
2025-12-06 11:31:53.962,b1b67293-8cac-4be8-b24e-c0aad0a02273,3182.88,3344,89000000,512000000,160.96
2025-12-06 11:31:53.959,8f565781-9e19-47d3-b0b5-206e2321bbb2,3143.2,3323,89000000,512000000,179.4
2025-12-06 11:31:53.959,f58cb217-06c6-4263-8ef3-6cd7fe82cd34,2957.82,3117,89000000,512000000,159.15
2025-12-06 11:31:53.957,d5d7a885-45e9-4435-bb4b-47fc249ee754,2799.54,2965,91000000,512000000,165.03
2025-12-06 11:31:53.953,0f6dc4f5-e8ac-4c88-831b-a896982abedb,3131.62,3301,89000000,512000000,168.82
2025-12-06 11:31:53.949,f0347c1f-be48-4b88-9193-a9e526a34723,3138.29,3303,89000000,512000000,164.19
2025-12-06 11:31:53.947,77725fdf-3fc5-4fc2-8230-0a98f816c7e3,2158.71,2350,89000000,512000000,190.67
2025-12-06 11:31:53.940,d4ddc0d5-85bd-45a3-9198-3cd56cec002d,2956.18,3123,89000000,512000000,166.37
2025-12-06 11:31:53.939,3f404e25-bac0-4b9f-ae77-415f536492ed,2895.82,3057,89000000,512000000,160.9
2025-12-06 11:31:53.930,a7ed6f4f-e4e0-4b13-8a31-ab18821eb0dd,3217.16,3447,89000000,512000000,229.26
2025-12-06 11:31:53.926,f688a123-c6a1-4521-a34a-ec3d7c807812,3228.61,3426,89000000,512000000,196.65
2025-12-06 11:31:53.924,68e13354-1739-4422-ba9c-c7738354080f,3110.93,3277,89000000,512000000,165.29
2025-12-06 11:31:53.918,697c2436-df6e-4417-ace5-435724fffc0c,3110.78,3277,89000000,512000000,166.07
2025-12-06 11:31:53.917,bd62df7a-b9a6-44ee-bdf1-b9a6f64ff3bb,3090.48,3265,89000000,512000000,174.36
2025-12-06 11:31:53.917,73a3660a-d992-4011-b5dd-a651a47b5a98,3094.73,3265,89000000,512000000,169.31
2025-12-06 11:31:53.907,0480f372-64eb-490f-a146-c8778c9a9da6,2957.15,3100,90000000,512000000,141.99
2025-12-06 11:31:53.904,4855ae67-4a60-4954-ac1a-f1873e46309a,3085.17,3251,90000000,512000000,165
2025-12-06 11:31:53.894,48537aa9-77b5-41e3-b991-5b475a360580,3076.13,3244,89000000,512000000,166.89
2025-12-06 11:31:53.890,bfb85d9a-ca2c-44bf-9758-7ccb6ee6b607,2866.08,3039,89000000,512000000,172.76
2025-12-06 11:31:53.890,895da15b-f2af-4aeb-9959-273c17bfdd65,3190.97,3363,89000000,512000000,171.6
2025-12-06 11:31:53.888,826f4ab6-57b4-4fd1-83f5-089e7c96b584,3221,3384,89000000,512000000,162.94
2025-12-06 11:31:53.886,685ced6a-0bcd-4d91-8b9c-dc3ee5ed01fa,2111.17,2297,89000000,512000000,185.72
2025-12-06 11:31:53.885,04f99ca2-e0ff-4350-912c-56d45171841c,2075.5,2254,91000000,512000000,177.86
2025-12-06 11:31:53.882,cfe79fed-60be-4ee3-b83c-490b4dadf232,2088.14,2266,89000000,512000000,177.26
2025-12-06 11:31:53.876,fd7f2c03-5247-4b67-ad90-c9cabdd4a68a,3073.21,3243,89000000,512000000,168.95
2025-12-06 11:31:53.874,4d2cfb0a-ddfa-4228-ab5a-75e340c25d83,3228.09,3398,89000000,512000000,169.44
2025-12-06 11:31:53.862,15fb3b7a-68bf-4f72-836c-d3d387f9f207,3052.04,3214,89000000,512000000,161.61
2025-12-06 11:31:53.861,2218a257-0533-4e54-a75d-cb777a49565d,3201.43,3386,89000000,512000000,184.23
2025-12-06 11:31:53.855,08f0fc4d-e0e3-4d60-9863-38ca0522b676,3067.48,3239,90000000,512000000,171.32
2025-12-06 11:31:53.854,55d58bc7-bdeb-4429-b6ed-1f7930d9f7ad,2093.34,2278,91000000,512000000,184.39
2025-12-06 11:31:53.854,7f7376d9-fa5a-40a8-95ff-d62e89c0c149,3087.54,3253,91000000,512000000,165.26
2025-12-06 11:31:53.851,8d468725-dd6b-4a60-85de-b202341faf80,3195.77,3367,89000000,512000000,170.61
2025-12-06 11:31:53.850,fa115526-feeb-4a54-9e0b-be4240d161ca,3037.88,3203,89000000,512000000,164.55
2025-12-06 11:31:53.845,d6f412c4-b72d-49d3-99b1-2f2b2371b01c,3056.96,3223,89000000,512000000,165.32
2025-12-06 11:31:53.842,9f29360a-beec-4f81-903b-c3d0415d629d,3199.4,3370,93000000,512000000,169.62
2025-12-06 11:31:53.842,354fcda3-7214-42e8-b869-71b3dbebafdb,2882.16,3043,89000000,512000000,159.96
2025-12-06 11:31:53.837,36c57d7c-7f07-4ba0-aa12-fa4d18d903f0,3162.06,3360,89000000,512000000,197
2025-12-06 11:31:53.837,56911fec-3902-469e-93bf-bd1e0f36dc55,2074.34,2252,91000000,512000000,177.17
2025-12-06 11:31:53.835,bf59bd4f-1a66-403f-a939-0989e1cd50f6,2867.14,3016,90000000,512000000,147.94
2025-12-06 11:31:53.833,3a7a4703-5ae8-4f52-940c-01bf4e0ac684,3076.78,3250,89000000,512000000,172.52
2025-12-06 11:31:53.829,6def2f4f-23aa-4375-b5dc-a68b645195af,3197.64,3373,89000000,512000000,174.54
2025-12-06 11:31:53.828,7369aa2d-9229-49ac-9d9f-8372225c3f6b,3179.88,3348,91000000,512000000,167.15
2025-12-06 11:31:53.828,bf2298cc-1dbd-42c1-858b-c14863573add,3181.13,3345,89000000,512000000,163.07
2025-12-06 11:31:53.827,144aac4b-7768-423b-9331-e58b38cedc1a,3044.56,3210,89000000,512000000,164.84
2025-12-06 11:31:53.825,2de74be9-dea2-4d1e-800f-24099c847043,3173.56,3355,89000000,512000000,181
2025-12-06 11:31:53.821,a47864c2-0ae1-427a-bb36-000b6c0f85c2,3129.27,3292,90000000,512000000,162.71
2025-12-06 11:31:53.813,93ede99e-1cb6-4f76-9a5a-3743ab78d599,3156.31,3326,91000000,512000000,169.62
2025-12-06 11:31:53.812,2e58a8bb-2c87-4a5c-a3a9-4a0268dcd2e5,3162.99,3334,89000000,512000000,170.33
2025-12-06 11:31:53.809,71adb11b-0014-4a46-a68b-9b0a3c29f036,3024.6,3192,89000000,512000000,166.96
2025-12-06 11:31:53.801,83ccba6f-1df8-4800-a445-3a3421e405b6,3026.33,3189,90000000,512000000,162.2
2025-12-06 11:31:53.792,9447f05e-1f22-4dff-82c2-0638f6f6e384,2977.58,3139,89000000,512000000,160.68
2025-12-06 11:31:53.788,f0bd0530-6455-41c8-b8ac-146dbfbbd3ba,3148.21,3318,89000000,512000000,169.79
2025-12-06 11:31:53.786,73563b7b-6215-4cb2-83b9-e5a1dcc63d5b,3001.82,3168,89000000,512000000,165.78
2025-12-06 11:31:53.785,28dab4f9-678d-4e9b-9f9d-d0ef577117d5,2821.89,2986,89000000,512000000,163.21
2025-12-06 11:31:53.782,cc03abd8-6ed2-4223-a6c7-c6b1d569d3f7,3016.71,3159,89000000,512000000,141.77
2025-12-06 11:31:53.779,e500cbed-d61e-46d7-90d7-4cc99562c313,3125.26,3296,89000000,512000000,169.97
2025-12-06 11:31:53.778,0688db70-947a-4b0d-b316-75288947831e,3182.75,3328,89000000,512000000,144.67
2025-12-06 11:31:53.777,0bf18f0d-ef6f-460a-a466-39f4d4aa9051,3081.12,3259,89000000,512000000,177.44
2025-12-06 11:31:53.775,e2267713-5bf4-428c-87e3-0bcb671393a0,2753.31,2903,89000000,512000000,149.21
2025-12-06 11:31:53.773,8fc55b58-301a-4394-815e-e20731c25af6,3108.38,3294,90000000,512000000,185.28
2025-12-06 11:31:53.772,46fa126e-e33c-4de5-972c-3b13cc89c1e2,3123.08,3297,89000000,512000000,173.3
2025-12-06 11:31:53.770,7b09b08a-9ec8-4ede-9311-f8ca2b529261,3124.78,3301,89000000,512000000,176.02
2025-12-06 11:31:53.769,2f4d8fea-8caa-4fea-a681-2d50afb8366b,3109.56,3281,89000000,512000000,170.63
2025-12-06 11:31:53.769,19ed5471-c330-4e28-9112-401fdbf3a239,2954.13,3122,89000000,512000000,167.46
2025-12-06 11:31:53.768,04f1eace-1a29-4841-b88c-881ca3e7d5ff,3132.22,3312,89000000,512000000,179.07
2025-12-06 11:31:53.766,12f0adae-8898-4c7e-949c-d3670e9441d3,3117.91,3290,89000000,512000000,171.68
2025-12-06 11:31:53.760,ec0cfaef-ecdf-4f10-8e3c-7effe37f87bd,3073.27,3252,89000000,512000000,178.71
2025-12-06 11:31:53.748,b3c00e4d-accc-44d5-b430-b11da6015743,3085.12,3256,89000000,512000000,170.4
2025-12-06 11:31:53.739,aaf27deb-fdb5-47ef-9eb2-c8b50f06c87c,3064.7,3236,89000000,512000000,171.29
2025-12-06 11:31:53.735,48a0b9d0-f2c6-4b61-bf96-e3e2530a1503,2720.13,2887,89000000,512000000,166.83
2025-12-06 11:31:53.735,c582e631-a014-4d90-aa16-34e8a13658dc,3076.07,3256,89000000,512000000,179.44
2025-12-06 11:31:53.735,9fcd9e7f-f709-406d-9ea7-7a07b477347b,2719,2879,89000000,512000000,159.44
2025-12-06 11:31:53.731,6541f73a-a186-4818-957d-c9fe37a95005,2736.92,2887,90000000,512000000,149.6
2025-12-06 11:31:53.729,82523f35-c63e-4def-899b-c08f1f8a4afa,2758.26,2900,89000000,512000000,141.22
2025-12-06 11:31:53.727,fc146bae-096a-4ca6-a1cd-81512c69be63,3074.63,3254,89000000,512000000,178.39
2025-12-06 11:31:53.722,6a85d895-4ac0-4f8f-8678-d2a46de5e661,2769.67,2911,93000000,512000000,140.68
2025-12-06 11:31:53.718,e5f17b30-d6cf-41cd-9769-0138144b104e,3056.93,3231,89000000,512000000,173.45
2025-12-06 11:31:53.716,0b2f7b2f-f749-4d10-8cad-0d737258f6cc,3081.05,3244,89000000,512000000,162.24
2025-12-06 11:31:53.715,1f749409-8584-4e23-89e0-7565dade970f,3078.03,3241,89000000,512000000,162.81
2025-12-06 11:31:53.715,6fe6436c-acc9-4a36-9310-92deb7ba2492,3085.87,3257,90000000,512000000,170.87
2025-12-06 11:31:53.709,ab2a3d2b-daac-48ea-a04f-57f8fc2f9799,2726.73,2868,92000000,512000000,140.63
2025-12-06 11:31:53.704,ffcd4532-92ae-4f09-a11d-0c40f5d36aa5,2705.12,2878,89000000,512000000,172.77
2025-12-06 11:31:53.702,137d898a-4d16-4aa0-a135-667f7b5cb295,3055.99,3224,89000000,512000000,167.61
2025-12-06 11:31:53.699,aeee28ab-4c66-4bc6-93bb-76b8cadda64f,3049.59,3217,89000000,512000000,167.23
2025-12-06 11:31:53.696,07d4c07b-93ac-4454-977c-526c0080eaf0,2731.5,2884,89000000,512000000,151.56
2025-12-06 11:31:53.694,a9237dc5-7938-4aca-b4fd-e089afe28054,3051.52,3222,91000000,512000000,170.4
2025-12-06 11:31:53.692,9b457a95-5f0e-429c-b253-f904063160a5,2696.73,2853,89000000,512000000,155.78
2025-12-06 11:31:53.691,f7a128b8-a732-411f-93fd-4ad3c4f95716,3057.69,3228,91000000,512000000,170.17
2025-12-06 11:31:53.688,a0d8ea02-13e8-466a-a96d-5b4b9caf550c,2667.55,2813,89000000,512000000,144.63
2025-12-06 11:31:53.687,839465c2-3cbd-4501-90e0-10e9dbe93f9f,3056.37,3227,89000000,512000000,170.21
2025-12-06 11:31:53.687,33b5a9ac-61a8-457b-adf2-e8be6211a8ac,3036.22,3202,89000000,512000000,164.83
2025-12-06 11:31:53.682,7708fdb3-c51f-4a83-b3aa-89b1ce51fd05,2704.02,2842,89000000,512000000,137.45
2025-12-06 11:31:53.678,416816ee-8f7b-41c5-87c4-f0ba7d410267,3029.97,3201,89000000,512000000,170.07
2025-12-06 11:31:53.675,274a3631-e9f8-4b24-ae9e-602779a32fa0,3039.4,3203,89000000,512000000,162.73
2025-12-06 11:31:53.672,2540b21e-43c3-4c52-98e9-acd431347104,2710.75,2854,89000000,512000000,142.58
2025-12-06 11:31:53.669,b664b765-6bbd-480a-883e-a26952c80be2,3035.7,3205,89000000,512000000,168.75
2025-12-06 11:31:53.668,3c67a179-07fe-47dd-aa44-837e4b5bd4df,2702.91,2852,90000000,512000000,148.85
2025-12-06 11:31:53.666,efbd3609-5465-4710-897d-5d2c55e13d80,2665.7,2818,89000000,512000000,152.01
2025-12-06 11:31:53.665,578c36fb-7839-4676-b9de-52f7b783f86b,3028.57,3206,89000000,512000000,176.8
2025-12-06 11:31:53.649,e62709c5-b62c-4bae-adab-4a18df8e8727,3011.2,3178,89000000,512000000,165.81
2025-12-06 11:31:53.648,61d6a44c-251a-4551-a97c-f6066232207b,2700.03,2841,89000000,512000000,140.79
2025-12-06 11:31:53.648,787bfcd9-7a40-407a-ad37-9a11ddd904cc,3011.65,3176,89000000,512000000,164.08
2025-12-06 11:31:53.647,bc070608-b050-4ffa-aa95-d909fab21653,3009.74,3177,89000000,512000000,166.39
2025-12-06 11:31:53.637,382ac9a6-2499-406d-8cbf-22efee090d5b,2676.98,2822,89000000,512000000,144.2
2025-12-06 11:31:53.633,9930476f-c97f-4a31-8dba-1d1821ad50b1,2668.92,2812,89000000,512000000,142.12
2025-12-06 11:31:53.628,ae5aeb9e-370d-4f7d-b157-b3a588b6a823,2640.51,2786,90000000,512000000,145.4
2025-12-06 11:31:53.628,3632648f-9ea7-4cfe-b4c3-1f70b07356e2,2626.68,2791,89000000,512000000,164.21
2025-12-06 11:31:53.621,8370e0d8-f943-473a-9678-95fd9331eae9,2630.07,2781,89000000,512000000,150.84
2025-12-06 11:31:53.616,71edccdf-a05a-4178-8f8b-730fdd8764c9,2985.47,3156,90000000,512000000,170.02
2025-12-06 11:31:53.609,2ff7e1e5-d3d1-4f4d-8e92-e3aec4c8c44f,2651.27,2787,89000000,512000000,134.97
2025-12-06 11:31:53.605,c151968e-08c2-4555-b0a2-62a6a327ee81,2632.8,2786,89000000,512000000,153.15
2025-12-06 11:31:53.604,6916351a-a6e0-4296-91f8-b2143de38695,2609.76,2773,88000000,512000000,162.93
2025-12-06 11:31:53.602,5271773c-c385-4e5b-bed9-475ade7c7445,2651.2,2793,89000000,512000000,141.52
2025-12-06 11:31:53.601,09f2006e-4256-462c-ab8c-309608194d59,2628.8,2772,89000000,512000000,142.72
2025-12-06 11:31:53.601,43dcfacc-80bf-422f-87a8-eae744d06e8d,2667.33,2809,89000000,512000000,141.53
2025-12-06 11:31:53.593,2be66518-81ec-43e4-b57c-b93323eb4ce6,2627.43,2769,89000000,512000000,140.65
2025-12-06 11:31:53.577,552111c1-59e2-4253-8bf5-2fa082f083d0,2956.95,3124,89000000,512000000,166.68
2025-12-06 11:31:53.568,d68c50dd-805b-4485-badd-2bca153852fa,2596.64,2735,89000000,512000000,137.39
2025-12-06 11:31:53.566,382b875b-9f80-4295-95b3-52f467df7f44,2576.46,2750,89000000,512000000,172.55
2025-12-06 11:31:53.560,da2b8556-baa4-4878-b70f-6218f583b13b,2606.64,2743,89000000,512000000,136.02
2025-12-06 11:31:53.558,1ecc5801-3654-4dfc-875a-197aaa901f7a,2582.18,2714,93000000,512000000,130.94
2025-12-06 11:31:53.551,f55bfc29-fb68-4814-bc6a-43dada79578d,2555.07,2704,89000000,512000000,148.91
2025-12-06 11:31:53.549,34a7ab58-6336-4ccc-84fb-80a96c4b621a,2910.7,3075,89000000,512000000,164.11
2025-12-06 11:31:53.539,8918368f-4979-4ff0-8643-c8b0db720803,2543.74,2692,89000000,512000000,147.9
2025-12-06 11:31:53.528,b2001d2b-9024-47c8-a20e-f90207eb1ec1,2886,3049,89000000,512000000,162.16
2025-12-06 11:31:53.526,a777d671-f23a-4501-8418-36332be98a74,2897.98,3067,89000000,512000000,168.75
2025-12-06 11:31:53.502,8fdd221e-cd63-4d83-adc5-a950da0e59f9,2535.54,2685,89000000,512000000,149.02
2025-12-06 11:31:53.487,c4383cd8-267b-4b72-9acd-1ce9cf9604ef,2487.5,2641,89000000,512000000,153.17
2025-12-06 11:31:53.472,c526dafc-1088-4cc7-8e39-637b0b642919,2527.82,2662,89000000,512000000,133.47
2025-12-06 11:31:53.469,ba586aee-af13-40ec-9674-2866ac52272c,2852.76,3016,89000000,512000000,162.5
2025-12-06 11:31:53.450,7b5d32df-1241-44bc-8e22-d9bce8622485,2698.68,2834,90000000,512000000,135.2
2025-12-06 11:31:53.420,09c1fc2b-8f9f-4e43-ab8d-83cd767d426f,2647.68,2783,89000000,512000000,134.43
2025-12-06 11:31:53.418,8679cd48-af56-487e-8fd8-7d3c853eae73,2789.92,2952,89000000,512000000,161.45
2025-12-06 11:31:53.405,55e4f754-99d1-4198-8819-dec63adb5670,2606.5,2762,89000000,512000000,155.08
2025-12-06 11:31:53.383,ee194863-97c8-4f77-b951-b00eede7b34b,2630.28,2765,89000000,512000000,133.96
2025-12-06 11:31:53.378,c7db72fe-1b78-4b4e-99c8-b0e171412e85,2768.39,2917,90000000,512000000,148.15
2025-12-06 11:31:53.357,6212f4f6-88a6-481b-a10e-fe98a0caa833,2742.8,2902,88000000,512000000,158.2
2025-12-06 11:31:53.347,3f665338-4475-4e7a-8902-1f758eac889b,2593.47,2734,89000000,512000000,140.05
2025-12-06 11:31:53.334,51c5d402-473e-4952-a106-1cf1e80da922,2577.73,2722,89000000,512000000,143.5
2025-12-06 11:31:53.332,d38b1534-47ce-44f8-b7b2-62a7329015f9,2726.71,2868,92000000,512000000,140.9
2025-12-06 11:31:53.332,b9102c78-0500-4272-8159-f8395573a6e2,2716.56,2859,89000000,512000000,142.43
2025-12-06 11:31:53.329,d7cdb599-395f-4f0e-8816-e021336cef20,2256.27,2491,89000000,512000000,233.91
2025-12-06 11:31:53.325,656854b5-7371-4708-9966-b36749e649a3,2698.51,2860,89000000,512000000,161.16
2025-12-06 11:31:53.321,204d53d8-d7fc-4173-a533-db9ef3903fe9,2713.8,2847,91000000,512000000,132.61
2025-12-06 11:31:53.308,0ca545be-2f03-4138-870d-572092760f57,2696.64,2837,89000000,512000000,139.93
2025-12-06 11:31:53.299,63462874-7d6e-4284-a445-17cbceeef5c5,2700.74,2834,92000000,512000000,132.96
2025-12-06 11:31:53.295,0c708729-45d1-48e9-a1a8-59e45a2cdb2a,2670.21,2812,89000000,512000000,141.03
2025-12-06 11:31:53.283,c41e25f0-6559-4ddc-b7aa-7d7313813775,2618.64,2786,89000000,512000000,167.27
2025-12-06 11:31:53.279,2b5bafd2-c407-44ae-bee6-391741beccab,2214.52,2407,91000000,512000000,191.54
2025-12-06 11:31:53.274,30fb2901-ab32-4fc9-96f6-81f9d0ce0d8a,2661.12,2806,90000000,512000000,144.19
2025-12-06 11:31:53.269,d5db6360-4b7d-4e77-bcf8-1f04e7b0fc5e,2226.85,2404,91000000,512000000,176.57
2025-12-06 11:31:53.267,986e04d1-4be2-4185-9c50-614fb487ccb3,2235.62,2439,89000000,512000000,202.61
2025-12-06 11:31:53.260,d828aa51-d6ea-42d5-9c6a-75005199143d,2661.63,2804,91000000,512000000,141.99
2025-12-06 11:31:53.258,b9a8bef7-5af1-4159-804f-3901de3c9e18,2643.54,2784,89000000,512000000,140.06
2025-12-06 11:31:53.249,8a749f71-1882-454a-8726-7aa47bddf48a,2180.89,2384,90000000,512000000,202.63
2025-12-06 11:31:53.243,276de97c-78ff-402e-ad5a-734eb623cf69,2222.99,2418,90000000,512000000,194.23
2025-12-06 11:31:53.232,7ef3bbcd-719e-4a98-acbb-1cca492ab25d,2180.3,2379,90000000,512000000,197.87
2025-12-06 11:31:53.226,ddaf9fbd-7686-49c5-b6b6-a5b1f19ee04e,2216.05,2403,92000000,512000000,186.06
2025-12-06 11:31:53.225,366e183e-ed57-4532-820a-21eab5854455,2202.14,2390,89000000,512000000,187.28
2025-12-06 11:31:53.224,014f409d-fdfd-4418-a05b-397b285d3be9,2223.51,2414,92000000,512000000,189.82
2025-12-06 11:31:53.222,15bf2e69-3d78-42c9-b87e-b20b89e19df7,2609.65,2745,91000000,512000000,135.15
2025-12-06 11:31:53.218,0ef0a057-5350-42b4-ba96-e17c010d3f68,2195.61,2383,89000000,512000000,186.67
2025-12-06 11:31:53.215,f1b67ea2-347c-4591-b007-91bbe28bef68,2605.1,2749,90000000,512000000,143.85
2025-12-06 11:31:53.207,ed85df6e-de9f-466f-ae62-a7909ba398c3,2144.79,2340,89000000,512000000,194.92
2025-12-06 11:31:53.204,c0473cf0-0974-4593-93ec-d737f5cc9454,2156.52,2368,89000000,512000000,210.96
2025-12-06 11:31:53.199,10a0e8b2-214b-41c0-8b1e-d267942fd5c1,2185.76,2364,91000000,512000000,178.2
2025-12-06 11:31:53.198,16e132a8-58e9-45e8-a5d1-aaa8116651aa,2141.24,2307,91000000,512000000,164.93
2025-12-06 11:31:53.197,2e71e72b-0720-41c2-9d2d-f519002b459e,2585.86,2724,90000000,512000000,137.19
2025-12-06 11:31:53.194,50eae664-bf60-4441-850b-3ab0236e36de,2171.28,2363,89000000,512000000,190.85
2025-12-06 11:31:53.193,38c22561-4ca0-4e20-aea9-9f209d8f95bf,2138.26,2316,89000000,512000000,177.39
2025-12-06 11:31:53.191,23ed3825-51b4-47cf-80e0-13ea3312b6cf,2173.03,2360,89000000,512000000,186.61
2025-12-06 11:31:53.187,50e9a8f8-b3ee-4839-920f-30baa8b2243d,2085.1,2310,89000000,512000000,224.59
2025-12-06 11:31:53.185,392f33af-b406-48e6-b78c-d06c1aa06172,2131.24,2343,90000000,512000000,211.47
2025-12-06 11:31:53.184,2c116968-1e54-4ab0-8301-8c897a9d2c1f,2097.82,2285,89000000,512000000,186.73
2025-12-06 11:31:53.184,801c00a6-a5c7-4e75-9b48-2dccf1f033f9,2175.73,2374,90000000,512000000,198.1
2025-12-06 11:31:53.183,61c1b4f5-125c-4972-99b4-630f39d6bb79,2152.97,2361,90000000,512000000,207.48
2025-12-06 11:31:53.178,8d54e70b-0acf-479a-8a64-8f5a598c2ba2,2174.72,2356,89000000,512000000,180.48
2025-12-06 11:31:53.177,62197943-bc51-41d5-a125-d787aba6de9d,2150.64,2341,90000000,512000000,189.85
2025-12-06 11:31:53.175,74140560-21e0-4b36-b831-451fd280cfd5,2124.95,2310,89000000,512000000,184.51
2025-12-06 11:31:53.175,8642e109-e194-4672-9fe8-e0e8839b16f9,2089.99,2279,89000000,512000000,188.26
2025-12-06 11:31:53.171,c6aa486b-a4a1-440d-a8ab-0bce905aed1f,2575,2709,90000000,512000000,133.32
2025-12-06 11:31:53.168,f8d825cb-761e-4454-801e-60b7159328bb,2582.52,2721,89000000,512000000,137.52
2025-12-06 11:31:53.168,7cb471e6-4bbd-451b-97fc-3c583b7712eb,2129.74,2307,91000000,512000000,177.07
2025-12-06 11:31:53.166,578f63a0-1a26-497f-9317-1b3687c06855,2556.68,2696,89000000,512000000,138.84
2025-12-06 11:31:53.164,35264082-c5b0-4360-b6db-503460b6ca0c,2137.18,2333,90000000,512000000,195.51
2025-12-06 11:31:53.163,7d72ac36-8332-44f3-811e-7a6d19252c0a,2132.12,2323,89000000,512000000,190.46
2025-12-06 11:31:53.153,d6502ce7-fec4-4c98-9c21-b4f1ba43989e,2157.4,2337,91000000,512000000,179.41
2025-12-06 11:31:53.148,432b9763-0b93-41dd-8455-22d118b0ddbe,2134.14,2299,89000000,512000000,163.97
2025-12-06 11:31:53.145,2e8f82b0-377c-4b1b-ac04-a0488e3ec5bb,2144.57,2324,89000000,512000000,178.68
2025-12-06 11:31:53.143,d77bad08-b750-47fc-a716-b30d6e1bb8bd,2106.37,2290,91000000,512000000,182.95
2025-12-06 11:31:53.143,0c49a1d0-a115-4719-87e1-ff890ecafda4,2090.42,2268,90000000,512000000,176.81
2025-12-06 11:31:53.143,ecb52ce7-3227-48d2-b153-a9a333ac648e,2087.55,2266,90000000,512000000,178.4
2025-12-06 11:31:53.135,8fe7258e-28d5-4a87-898b-06c976fb459e,2152.24,2334,90000000,512000000,181.21
2025-12-06 11:31:53.128,7f814a40-3525-47bd-8947-56b3062aea49,2268.62,2501,89000000,512000000,232.06
2025-12-06 11:31:53.127,69875022-9664-4c4b-b56b-24627f2acf8b,2109.96,2276,89000000,512000000,166.03
2025-12-06 11:31:53.126,c6a02b1d-be3e-47d2-9c69-11323063faec,2118.27,2300,89000000,512000000,180.86
2025-12-06 11:31:53.113,b7139a6a-8ef7-465e-bc57-db0252f0a51e,2069.25,2249,89000000,512000000,179.51
2025-12-06 11:31:53.113,a9171f28-5e84-4725-8e0a-49d317323e7a,2099.3,2262,92000000,512000000,162.32
2025-12-06 11:31:53.111,508021ba-f065-4333-bac3-cecd27878361,2092.36,2279,89000000,512000000,186.05
2025-12-06 11:31:53.106,c942f2ea-9081-47d1-936e-e984b9845bb3,2092.85,2274,90000000,512000000,180.5
2025-12-06 11:31:53.098,2e4a614c-5926-4a36-8ed8-3a446a69247b,2071.12,2254,89000000,512000000,181.97
2025-12-06 11:31:53.091,e4c6a06e-1bd2-43dc-ae08-2807c3299f05,2055.06,2235,89000000,512000000,179.27
2025-12-06 11:31:53.089,8a3fabcc-5adb-4d66-8a49-0a14de201cb9,2082.27,2239,91000000,512000000,156
2025-12-06 11:31:53.089,50cc912f-b098-4546-a975-09096c7b4a91,2336.01,2461,89000000,512000000,124.5
2025-12-06 11:31:53.080,bd7ac7b5-abec-42fa-865c-c68d2563b0c2,2484.57,2617,92000000,512000000,131.5
2025-12-06 11:31:53.068,76bc172a-9dfa-40c6-89ac-53310ae0cc37,2058.8,2215,89000000,512000000,155.49
2025-12-06 11:31:53.064,bba42ff8-469b-4a16-bc8b-de4a302294a8,2062.32,2237,90000000,512000000,174.32
2025-12-06 11:31:53.062,cbb89dba-060f-47d1-8c1f-6b88eda7a77f,2046.3,2204,92000000,512000000,157.35
2025-12-06 11:31:53.060,0ea509a9-7ebf-43d6-949a-3dd6a641ba3e,2082.86,2245,89000000,512000000,161.71
2025-12-06 11:31:53.040,14568ee7-6761-4d01-8065-98939844eb74,2206.36,2407,90000000,512000000,199.93
2025-12-06 11:31:53.028,b4c22784-6c22-4e7f-a7ee-a3cbaa61474c,2198.63,2374,89000000,512000000,175.34
2025-12-06 11:31:53.023,58e8cf7b-2226-4bb2-ba1f-d9ad68d308ac,2008.15,2197,90000000,512000000,188.67
2025-12-06 11:31:53.015,3b3241bf-0ca7-4eb7-89a3-ba61f906c532,2025.88,2187,91000000,512000000,160.32
2025-12-06 11:31:52.993,5de57714-4c50-440c-a766-f631ea6b406a,2143.86,2337,89000000,512000000,192.81
2025-12-06 11:31:52.960,6e919fb2-43b9-4015-b801-f511e4035141,2125.1,2307,89000000,512000000,181.58
2025-12-06 11:31:52.945,a3c527e4-5efb-460e-8f36-2060ed6dc102,2132.66,2318,91000000,512000000,185.28
2025-12-06 11:31:52.930,e17e1e95-2429-4a38-9244-4d2d9f19b9f1,2107.04,2281,92000000,512000000,173.88
2025-12-06 11:31:52.928,102445ee-f55a-4b24-9c47-8b7ff51eb255,2095.16,2275,89000000,512000000,179.21
2025-12-06 11:31:52.924,d3cbdf9c-024c-4792-9f45-b85e46105aeb,2240.45,2439,90000000,512000000,198.07
2025-12-06 11:31:52.920,ce1e492b-2c52-4ff0-a2fb-5e9c9402a1a3,2234.51,2432,91000000,512000000,196.74
2025-12-06 11:31:52.917,0b798de3-cbec-48bd-957e-9f75f237b209,2260.42,2450,90000000,512000000,189.58
2025-12-06 11:31:52.912,a83e9da5-3e99-48bb-9308-44aad93c812e,2225.9,2429,89000000,512000000,202.32
2025-12-06 11:31:52.908,d7ed7e18-9eb4-4d39-ac2b-3035347ef935,2216.07,2407,92000000,512000000,189.97
2025-12-06 11:31:52.906,eb921f6a-f672-46db-94fa-b8c4b3ccb7b3,2248.21,2431,89000000,512000000,182.56
2025-12-06 11:31:52.902,8030a528-3d19-4922-bdf5-429c17aab3b0,2078.15,2255,91000000,512000000,175.87
2025-12-06 11:31:52.892,cba55f0b-027d-492d-8159-9be3d077c459,2182.02,2388,90000000,512000000,205.19
2025-12-06 11:31:52.889,ee90686a-9d3d-466a-97ad-3519c8639055,2193.92,2407,90000000,512000000,212.64
2025-12-06 11:31:52.888,97935892-75ff-4031-9e9b-70ada77e0a57,2202.99,2398,89000000,512000000,194.48
2025-12-06 11:31:52.885,1c02c0ef-3354-46da-ac67-9cfc0d55d9c8,2089.05,2258,89000000,512000000,168.06
2025-12-06 11:31:52.878,4216d68e-a66a-4fc6-bfb5-89baa85384ee,2208.82,2400,89000000,512000000,190.4
2025-12-06 11:31:52.878,df13e0a8-a82e-4d84-9637-3599121b2a50,2179.32,2391,89000000,512000000,211.4
2025-12-06 11:31:52.872,6ca2b37a-0636-499f-a9ab-e7bb9aa9d6b0,2234.43,2414,94000000,512000000,178.72
2025-12-06 11:31:52.870,7eeb3f51-c578-491b-82d0-7590697996ab,2167.95,2374,89000000,512000000,205.52
2025-12-06 11:31:52.842,cfbd501b-157f-4be6-8cd1-1f92b95bd447,2195.12,2378,93000000,512000000,182.27
2025-12-06 11:31:52.841,c5c5e5f4-a664-44aa-9041-1eccd343d39b,2178.59,2349,93000000,512000000,169.46
2025-12-06 11:31:52.833,f8685df6-5029-48c8-90d1-fc594d3db4d2,2157.87,2341,90000000,512000000,182.66
2025-12-06 11:31:52.821,cedc2ea7-2e7b-416d-8039-021ac03bca6e,2157.74,2330,89000000,512000000,172.22
2025-12-06 11:31:52.796,60f8f995-f996-4e6e-a1b9-3b4bdeb8a0fd,2127.71,2313,89000000,512000000,184.83
2025-12-06 11:31:52.767,1505f11d-89c5-4aeb-8e07-a6646b1ea87b,2098.61,2281,89000000,512000000,182.31
2025-12-06 11:31:52.752,e9416a28-54f1-4c45-aac9-2770cce438f7,2103.78,2279,89000000,512000000,174.85
2025-12-06 11:31:52.680,a8ef77bb-d952-4db7-a9c4-cf41f99995f9,2040.78,2209,91000000,512000000,167.66
2025-12-06 11:31:52.644,e3261b53-7839-43ec-978a-c5843bea3e22,2006.03,2174,90000000,512000000,167.1
